im-aes128-gcm-1023
1000
08/28/18
0.3
131063040
52441777
0.3
130679328
52441705
0.3
132700944
52441681
0.3
132414464
52441681
0.3
131938704
52441681
0.3
131981120
52441681
0.3
130400176
52441681
0.3
133227144
52441681
0.3
133443336
52441681
0.3
133046160
52441681
0.3
134089104
52441681
0.3
133583896
52441681
0.3
132660296
52441681
0.3
132353136
52441681
0.3
130149560
52441681
0.3
131778888
52441713
0.3
133853192
52441681
0.3
132961816
52441681
0.3
133315584
52441681
0.3
132437656
52441681
0.3
130548456
52441881
0.3
131334664
52441681
0.3
132455648
52441841
0.3
132545192
52441737
0.3
131393360
52441681
0.3
130773248
52441753
0.3
130055328
52441993
0.3
131928664
52441681
0.3
132814896
52441681
0.3
133113672
52441681
0.3
132640272
52441681
0.3
130697640
52441681
0.3
133187520
52441681
0.3
128137296
52441833
0.4
130575968
52441681
0.3
133002344
52441681
0.3
133284952
52441681
0.3
133965336
52441721
0.3
132259688
52441681
0.3
131550080
52441681
0.3
133618088
52441681
0.3
132321064
52441681
0.3
131874240
52441681
0.3
130660240
52441681
0.3
134195672
52441681
0.3
132524176
52441681
0.3
133937816
52441681
0.3
133004328
52441681
0.3
133311568
52441681
0.3
133089840
52441681
0.3
131048960
52441681
0.3
130832392
52441705
0.3
132293728
52441681
0.3
132034984
52441681
0.3
130932056
52441729
0.3
130197136
52441713
0.3
133921680
52441681
0.3
131416120
52441681
0.3
134357712
52441681
0.3
130356008
52441681
0.3
132775904
52441681
0.3
132961432
52441681
0.3
132449024
52441681
0.3
131722896
52441681
0.3
132203616
52441681
0.3
132532432
52441681
0.3
129399144
52441681
0.3
134198704
52441681
0.3
132408512
52441681
0.3
133641824
52441681
0.3
132493880
52441705
0.3
132250184
52441817
0.3
128852568
52441681
0.3
132395712
52441681
0.3
131651984
52441681
0.3
131431448
52441681
0.3
132207536
52441681
0.3
133063688
52441681
0.3
132584568
52441681
0.3
131450696
52441681
0.3
129951312
52442001
0.3
131553464
52441681
0.3
136008704
52442001
0.3
132811592
52441681
0.3
131997184
52441681
0.3
133635016
52441681
0.3
130673624
52441929
0.3
131733760
52441681
0.3
132808936
52441681
0.3
133650528
52441681
0.3
131331240
52441681
0.3
129991216
52441689
0.3
131763200
52441681
0.3
132609296
52441681
0.3
133599096
52441681
0.3
132674184
52441681
0.3
130658808
52441681
0.3
132445008
52441681
0.3
132940672
52441681
0.3
131081712
52441737
0.3
131327056
52441689
0.3
132018208
52441681
0.3
132686768
52441681
0.3
133190176
52441681
0.3
132736128
52441681
0.3
132258456
52441681
0.3
126882232
52441889
0.3
132568016
52441737
0.3
133187904
52441681
0.3
132469240
52441681
0.3
132294768
52441681
0.3
133228328
52441681
0.3
133150752
52441681
0.3
133919656
52441681
0.3
129775656
52442001
0.3
131977776
52441689
0.3
131901784
52441681
0.3
132229448
52441681
0.3
132220512
52441681
0.3
130367912
52441889
0.3
133301976
52441681
0.3
131967544
52441681
0.3
129735952
52441681
0.3
132855968
52441681
0.3
134384312
52441681
0.3
130721352
52441681
0.3
133018320
52441681
0.3
133409880
52441681
0.3
125247184
52442761
0.3
133166344
52441681
0.3
133511168
52441681
0.3
129424752
52441697
0.3
133009896
52441681
0.3
132465816
52441681
0.3
134159888
52441681
0.3
132790856
52441681
0.3
126228136
52442049
0.3
132316592
52441681
0.3
133113744
52441681
0.3
129921384
52441777
0.3
133521584
52441681
0.3
129964680
52442145
0.3
131754328
52441681
0.3
130514312
52441985
0.3
132841688
52441681
0.3
132427248
52441681
0.3
131450304
52441681
0.3
131437296
52441753
0.3
133239088
52441681
0.3
133844944
52441681
0.3
132759360
52441681
0.3
133588784
52441681
0.3
133400736
52441681
0.3
131952240
52441681
0.3
131158864
52441801
0.3
132419776
52441681
0.3
131520200
52441721
0.3
131635768
52441681
0.3
131200304
52441713
0.3
133048816
52441681
0.3
132618200
52441681
0.3
131320920
52441857
0.3
133003440
52441681
0.3
131932968
52441681
0.3
134895848
52441681
0.3
132349976
52441705
0.3
133836528
52441681
0.3
133573448
52441681
0.3
130923696
52441681
0.3
132171536
52441769
0.3
131907792
52441681
0.3
132577768
52441681
0.3
133818944
52441681
0.3
130319056
52441697
0.3
130110272
52441681
0.3
131987960
52441681
0.3
129676272
52441801
0.3
132727408
52441681
0.3
132162784
52441681
0.3
133039928
52441681
0.3
129480456
52441737
0.3
133218360
52441681
0.3
132490008
52441681
0.3
132140400
52441681
0.3
132673952
52441681
0.3
132207000
52441681
0.3
132552864
52441681
0.3
133170248
52441681
0.3
132319224
52441681
0.3
133201824
52441681
0.3
131990560
52441681
0.3
133870256
52441681
0.3
132918664
52441681
0.3
130565376
52441913
0.3
132245968
52441801
0.3
131836000
52441681
0.3
133183184
52441681
0.3
134421232
52441681
0.3
133148664
52441681
0.3
134041144
52441753
0.3
132314632
52441681
0.3
132162896
52441681
0.3
132867736
52441681
0.3
133481792
52441681
0.3
133540992
52441681
0.3
132733576
52441681
0.3
127618912
52442209
0.3
132079520
52441681
0.3
131748464
52441681
0.3
134839928
52441681
0.3
122361736
52442649
0.3
129480872
52441681
0.3
132089416
52441681
0.3
133996872
52441681
0.3
132908352
52441681
0.3
132232984
52441681
0.3
132566832
52441761
0.3
132481008
52441897
0.3
132948528
52441681
0.3
130003152
52441681
0.3
132956752
52441681
0.3
130795592
52441681
0.3
133853432
52441681
0.3
133816984
52441681
0.3
133742632
52441681
0.3
132896200
52441681
0.3
133230664
52441681
0.3
129003480
52441913
0.3
133994888
52441681
0.3
133216520
52441681
0.3
129213920
52441681
0.3
133720592
52441681
0.3
133000136
52441681
0.3
133180888
52441681
0.3
133862328
52441681
0.3
129743424
52441681
0.3
131783240
52441681
0.3
133063960
52441681
0.3
133291136
52441681
0.3
134191248
52441681
0.3
129078048
52442145
0.3
132635800
52441849
0.3
132081328
52441681
0.3
132606304
52441681
0.3
129637864
52442089
0.3
131888296
52441681
0.3
133706384
52441681
0.3
130914688
52441681
0.3
130993456
52442169
0.3
132450856
52441681
0.3
133574896
52441681
0.3
131862368
52441681
0.3
131876928
52441681
0.3
131174168
52441721
0.3
132328024
52441681
0.3
133397192
52441681
0.3
131548000
52441681
0.3
130889776
52441729
0.3
133122360
52441681
0.5
131070736
52441825
0.3
130796456
52441721
0.3
132355416
52441681
0.3
129016128
52441809
0.3
132702424
52441681
0.3
131731432
52441681
0.3
131803712
52441681
0.3
131774984
52441729
0.3
132294264
52441681
0.3
133006944
52441681
0.3
131213168
52441681
0.3
133713648
52441681
0.3
128393624
52441849
0.3
131824328
52441681
0.3
132361440
52441681
0.3
134008736
52441681
0.3
133214656
52441681
0.3
133502080
52441681
0.3
132801648
52441681
0.3
133262544
52441681
0.3
129902144
52441905
0.3
132077376
52441681
0.3
132342848
52441681
0.3
132168008
52441681
0.3
133340272
52441681
0.3
131935800
52441785
0.3
133810688
52441681
0.3
132855960
52441681
0.3
133813920
52441681
0.3
129472832
52441681
0.3
133083272
52441681
0.3
132947088
52441681
0.3
131167368
52441681
0.3
133343824
52441681
0.3
133499824
52441681
0.3
132936912
52441801
0.3
134004800
52441729
0.3
133273376
52441681
0.3
132092376
52441681
0.3
132881144
52441681
0.3
132515712
52441681
0.3
132777840
52441681
0.3
129663696
52441761
0.3
133583856
52441681
0.3
134113712
52441681
0.3
131880152
52441681
0.3
131706784
52441681
0.3
132849320
52441833
0.3
132334192
52441681
0.3
132955496
52441681
0.3
129206592
52441753
0.3
133729248
52441681
0.3
132286984
52441681
0.3
133084088
52441681
0.3
132664608
52441681
0.3
129425344
52441905
0.3
134194344
52441681
0.3
132724304
52441681
0.3
132873776
52441681
0.3
133163248
52441681
0.3
131749512
52441681
0.3
131952336
52441681
0.3
131301552
52441681
0.3
132284424
52441681
0.3
131032352
52441873
0.3
132793360
52441681
0.3
129606712
52441849
0.3
132021792
52441681
0.3
133297328
52441681
0.3
133910240
52441681
0.3
133719008
52441681
0.3
132388064
52441681
0.3
133163640
52441681
0.3
131728568
52441745
0.3
133260512
52441681
0.3
132490632
52441681
0.3
132777200
52441681
0.3
132426696
52441681
0.3
132053856
52441697
0.3
132401952
52441697
0.3
131493832
52441681
0.3
130714408
52441681
0.3
130930288
52441785
0.3
129516216
52441697
0.3
133634288
52441681
0.3
131030344
52441681
0.3
132252752
52441681
0.3
133857224
52441681
0.3
134277864
52441681
0.3
131918688
52441681
0.3
133126720
52441681
0.3
136092392
52441857
0.3
131211280
52441713
0.3
131466016
52441769
0.3
131913552
52441697
0.3
133198840
52441681
0.3
132940960
52441681
0.3
132967056
52441681
0.3
131540280
52441681
0.3
133572768
52441681
0.3
131621472
52441681
0.3
131820200
52441681
0.3
133350432
52441681
0.3
132950008
52441681
0.3
132849056
52441681
0.3
131519064
52441681
0.3
132971952
52441681
0.3
131885376
52441681
0.3
131545648
52441681
0.3
131493080
52442097
0.3
133914144
52441777
0.3
133525144
52441769
0.3
132261096
52441681
0.3
131785672
52441817
0.3
133235224
52441681
0.3
130021032
52441721
0.3
133416032
52441681
0.3
133002336
52441681
0.3
132576864
52441681
0.3
133402168
52441681
0.3
133495176
52441681
0.3
133004192
52441681
0.3
132011864
52441681
0.3
134676792
52441689
0.3
134277496
52441681
0.3
129340792
52441713
0.3
132246264
52441681
0.3
131518088
52441681
0.3
132587256
52441681
0.3
132471680
52441681
0.3
132555312
52441681
0.3
133337352
52441681
0.3
134568696
52441681
0.3
131887920
52441681
0.3
133212552
52441681
0.3
133131904
52441681
0.3
132598416
52441681
0.3
131770576
52441681
0.3
132291336
52441681
0.3
133583376
52441681
0.3
129670384
52441769
0.3
132407384
52441681
0.3
132038984
52441793
0.3
134180152
52441681
0.3
132214840
52441681
0.3
133783392
52441681
0.3
131630816
52441897
0.3
132793472
52441681
0.3
133423488
52441681
0.3
132149792
52441681
0.3
131170456
52441681
0.3
130745384
52441713
0.3
132879176
52442153
0.3
133161208
52441681
0.3
131921520
52441681
0.3
132929544
52441825
0.3
130848616
52441785
0.3
133233856
52441681
0.3
133101480
52441681
0.3
134178128
52441681
0.3
132401376
52441681
0.3
130318408
52441681
0.3
132039080
52441681
0.3
132236648
52441681
0.3
131630608
52441681
0.3
133079408
52441681
0.3
133261080
52441681
0.3
131189792
52441681
0.3
131775416
52441681
0.3
132280792
52441681
0.3
133363792
52441681
0.3
132360264
52441681
0.3
132952208
52441681
0.3
129991008
52441705
0.3
134286736
52441681
0.3
132571976
52441681
0.3
134615416
52441681
0.3
131917624
52441681
0.3
130907744
52441761
0.3
133781896
52441681
0.3
131880856
52441705
0.3
131726592
52441681
0.3
131942824
52441681
0.3
131226232
52441681
0.3
131065152
52441889
0.3
129766600
52441769
0.3
134013032
52441681
0.3
133906328
52441681
0.3
134784568
52441681
0.3
133591192
52441681
0.3
130184432
52441737
0.3
131764776
52441681
0.3
134466488
52441681
0.3
132704968
52441681
0.3
132825584
52441681
0.3
128983640
52441681
0.3
133116744
52441681
0.3
132930720
52441681
0.3
132643336
52441681
0.3
134086840
52441681
0.3
131061696
52441681
0.3
132876344
52441681
0.3
131514368
52441729
0.3
130719248
52442089
0.3
130635408
52441681
0.3
131807600
52441681
0.3
133044208
52441681
0.3
133833616
52441681
0.3
129346328
52441921
0.3
133635976
52441681
0.3
133327656
52441681
0.3
132763744
52441681
0.3
132111608
52441681
0.3
130996824
52441681
0.3
131339712
52441681
0.3
129095120
52441809
0.3
131323640
52441681
0.3
131592496
52441681
0.3
133770040
52441681
0.3
132444632
52441681
0.3
133794432
52441681
0.3
131328960
52441681
0.3
133250792
52441833
0.3
133003576
52441681
0.3
134478752
52441681
0.3
132072056
52441681
0.3
132781408
52441681
0.3
131973608
52441681
0.3
133027736
52441681
0.3
133066776
52441681
0.3
132584328
52441681
0.3
132821648
52441681
0.3
132730656
52441681
0.3
131148088
52441681
0.3
132427680
52441681
0.3
131417376
52441681
0.3
133347008
52441681
0.3
129060872
52441825
0.3
133287200
52441681
0.3
131824328
52441681
0.3
131187080
52441777
0.3
132636352
52441681
0.3
134030192
52441681
0.3
132970304
52441681
0.3
132472368
52441681
0.3
132232256
52441681
0.3
129918592
52441681
0.3
133648848
52441681
0.3
132215944
52441745
0.3
133936336
52441681
0.3
129929144
52441769
0.3
132148024
52441681
0.3
132148656
52441681
0.3
132097704
52441681
0.3
132280656
52441681
0.3
132178280
52441681
0.3
132639776
52441681
0.3
131655624
52441681
0.3
128073528
52441889
0.3
132096664
52441681
0.3
129947552
52441785
0.3
133763168
52441681
0.3
133814192
52441681
0.3
133534280
52441681
0.3
132711664
52441681
0.3
132689352
52441681
0.3
133356128
52441681
0.3
130391024
52441681
0.3
133673336
52441681
0.3
133875640
52441681
0.3
130140824
52441761
0.3
132915296
52441681
0.3
134384792
52441681
0.3
133286200
52441681
0.3
131836144
52441681
0.3
131550664
52441681
0.3
136260080
52442305
0.3
133956664
52441681
0.3
135154128
52441681
0.3
134180600
52441681
0.3
132280168
52441681
0.3
131612136
52441681
0.3
132270344
52441681
0.3
132138248
52441681
0.3
132038104
52441681
0.3
133673944
52441681
0.3
133681352
52441681
0.3
131223808
52441705
0.3
132657952
52441681
0.3
134001688
52441681
0.3
134025416
52441681
0.3
132998312
52441681
0.3
133763152
52441681
0.3
130749824
52441681
0.3
134144472
52441681
0.3
132857664
52441681
0.3
133452776
52441681
0.3
131608344
52441681
0.3
133347112
52441681
0.3
132458728
52441681
0.3
132879056
52441729
0.3
132694392
52441681
0.3
131195704
52441705
0.3
132147656
52441681
0.3
131870000
52441681
0.3
130969040
52441697
0.3
131821144
52441681
0.3
132531792
52441849
0.3
131808144
52441681
0.3
133107384
52441681
0.3
131761672
52441681
0.3
133892000
52441681
0.3
133953848
52441697
0.3
134445536
52441681
0.3
131080632
52441681
0.3
131983456
52441681
0.3
132420920
52441681
0.3
133553920
52441681
0.3
133668776
52441681
0.3
133737512
52441681
0.3
131177624
52441681
0.3
132167400
52441681
0.3
131780488
52441681
0.3
133462368
52441681
0.3
131573568
52441713
0.3
132722880
52441681
0.3
130543800
52441681
0.3
131947616
52441681
0.3
133406128
52441681
0.3
130065176
52441681
0.3
133119600
52441681
0.3
131160464
52441729
0.3
126315056
52442521
0.3
132281640
52441681
0.3
132842040
52441681
0.3
132485160
52441681
0.3
133095944
52441681
0.3
133701512
52441681
0.3
128931424
52441905
0.3
133280136
52441681
0.3
132433256
52441681
0.3
133486416
52441681
0.3
127468312
52442377
0.3
131802448
52441681
0.3
130227416
52441689
0.3
132109096
52441681
0.3
129118280
52442265
0.3
133325280
52441681
0.3
131782080
52441809
0.3
130237064
52441889
0.3
130521552
52441745
0.3
133402424
52441681
0.3
132562552
52441681
0.3
133916152
52441681
0.3
131708376
52441681
0.3
134788800
52441681
0.3
132022752
52441681
0.3
132594824
52441729
0.3
133301384
52441681
0.3
131837608
52441769
0.3
129427088
52442297
0.3
132799392
52441681
0.3
132869456
52441793
0.3
133462840
52441681
0.3
132902328
52441681
0.3
132441264
52441681
0.3
132630088
52441681
0.3
132335464
52441681
0.3
132406592
52441681
0.3
132497072
52441681
0.3
130827632
52441681
0.3
133722280
52441681
0.3
133791448
52441681
0.3
131978240
52441713
0.3
132278184
52441681
0.3
132495048
52441681
0.3
134235896
52441681
0.3
133460688
52441681
0.3
133220984
52441681
0.3
133191720
52441681
0.3
132836072
52441689
0.3
129325424
52441721
0.3
131676792
52441681
0.3
130100704
52442161
0.3
132778992
52441681
0.3
133099736
52441681
0.3
131454304
52441681
0.3
131789440
52441681
0.3
133333552
52441681
0.3
132925296
52441681
0.3
133570680
52441681
0.3
132634576
52441817
0.3
132896832
52441681
0.3
131554336
52441681
0.3
132022504
52441681
0.3
130808008
52441681
0.3
132845952
52441681
0.3
133545712
52441681
0.3
129918544
52441729
0.3
132081600
52441681
0.3
132729992
52441681
0.3
132882560
52441681
0.3
132779568
52441681
0.3
133644080
52441681
0.3
132824600
52441681
0.3
132496584
52441681
0.3
131981016
52441681
0.3
133005400
52441681
0.3
132651368
52441681
0.3
133439472
52441681
0.3
131524288
52441705
0.3
131788808
52441681
0.3
132567664
52441681
0.3
134308528
52441681
0.3
132759248
52441681
0.3
134003240
52441681
0.3
132025472
52441681
0.3
132181400
52441681
0.3
132167288
52441681
0.3
133282512
52441681
0.3
133198664
52441681
0.3
130117112
52441681
0.3
132838472
52441681
0.3
127596048
52443361
0.3
133873872
52441681
0.3
132793752
52441681
0.3
133947152
52441681
0.3
132845416
52441681
0.3
133389544
52441681
0.3
130064440
52441761
0.3
131657880
52441681
0.3
131609776
52441681
0.3
133155232
52441681
0.3
130559888
52441681
0.3
132375376
52441681
0.3
132417200
52441681
0.3
132715216
52441681
0.3
132090128
52441705
0.3
131709248
52441681
0.3
132539392
52441681
0.3
128497424
52441681
0.3
132328776
52441681
0.3
133571344
52441681
0.3
134072000
52441681
0.3
132857208
52441681
0.3
127218128
52443033
0.3
130755160
52441801
0.3
131927296
52441681
0.3
133400560
52441681
0.3
132994960
52441681
0.3
130984344
52441681
0.3
132561584
52441681
0.3
132496144
52441681
0.3
134048504
52441681
0.3
133205144
52441681
0.3
131806656
52441681
0.3
133699280
52441681
0.3
131392704
52441681
0.3
131229592
52441681
0.3
127226424
52442561
0.3
133040392
52441681
0.3
133143192
52441681
0.3
131773400
52441681
0.3
132853984
52441681
0.3
133997880
52441681
0.3
134840712
52441681
0.3
131848832
52441681
0.3
132956344
52441681
0.4
133226304
52441681
0.3
133569216
52441681
0.3
133393064
52441681
0.3
132955968
52441681
0.3
129569592
52441785
0.3
133115560
52441681
0.3
131902536
52441809
0.3
132535032
52441681
0.3
132592776
52441745
0.3
128142368
52441817
0.3
134537328
52441681
0.3
132882080
52441681
0.3
132084256
52441681
0.3
133480176
52441681
0.3
132751768
52441681
0.3
132535104
52441681
0.3
133658040
52441681
0.3
133374512
52441681
0.3
132702512
52441681
0.3
132104632
52441681
0.3
132860328
52441681
0.3
131774312
52441681
0.3
133235832
52441681
0.3
134422880
52441681
0.3
131979408
52441705
0.3
132173352
52441681
0.3
132854168
52441681
0.3
133086992
52441681
0.3
127538264
52441809
0.3
130179080
52441705
0.3
133944752
52441681
0.3
132726184
52441881
0.3
132166544
52441681
0.3
133231312
52441681
0.3
132587088
52441681
0.3
133586888
52441681
0.3
132538392
52441681
0.3
132913664
52441681
0.3
131489568
52441681
0.3
133650928
52441681
0.3
132962168
52441681
0.3
129083736
52441753
0.3
130893864
52441681
0.3
133680112
52441681
0.3
133612848
52441689
0.3
132579832
52441681
0.3
128121736
52441713
0.3
134542056
52441681
0.3
131749472
52441681
0.3
132419824
52441681
0.3
130381424
52441705
0.3
131952008
52441681
0.3
133582704
52441681
0.3
132431888
52441681
0.3
132753560
52441681
0.3
129317848
52441737
0.3
133214680
52441681
0.3
131231320
52441681
0.3
133204440
52441681
0.3
132422528
52441681
0.3
132950096
52441681
0.3
132674400
52441681
0.3
128905480
52441681
0.3
130590944
52441809
0.3
131676976
52441865
0.3
132657416
52441681
0.3
128399944
52441849
0.3
131941296
52441681
0.3
133362592
52441681
0.3
131865736
52441721
0.3
132302864
52441681
0.3
132287832
52441697
0.3
131976728
52441681
0.3
133057000
52441681
0.3
133505792
52441681
0.3
130697304
52441993
0.3
133341752
52441681
0.3
132376056
52441681
0.3
133816232
52441681
0.3
132018344
52441681
0.3
130485192
52441785
0.3
130733624
52441681
0.3
133438352
52441681
0.3
132082952
52441745
0.3
132060152
52441681
0.3
132564592
52441681
0.3
132540216
52441681
0.3
132842464
52441681
0.3
131766272
52441681
0.3
132670736
52441681
0.3
132106624
52441681
0.3
133159960
52441681
0.3
131011536
52441681
0.3
132280464
52441681
0.3
133491448
52441681
0.3
131299032
52441817
0.3
131031856
52441737
0.3
132160208
52441681
0.3
130932792
52441785
0.3
132978984
52441681
0.3
130332984
52441713
0.3
133716448
52441681
0.3
133226600
52441681
0.3
132335744
52441681
0.3
132093576
52441681
0.3
133556544
52441681
0.3
132633056
52441681
0.3
133694904
52441681
0.3
132239344
52442009
0.3
131888872
52441681
0.3
133585320
52441681
0.3
132351176
52441681
0.3
130940776
52441937
0.3
133394536
52441681
0.3
131481672
52441681
0.3
133423296
52441681
0.3
132033008
52441721
0.3
132194216
52441681
0.3
134646016
52441681
0.3
133185056
52441681
0.3
132573336
52441681
0.3
130996896
52441993
0.3
131736272
52441697
0.3
131666512
52441681
0.3
133128184
52441681
0.3
133614640
52441681
0.3
133564896
52441681
0.3
134431448
52441681
0.3
130474936
52441737
0.3
129488272
52441865
0.3
132346240
52441681
0.3
134102632
52441681
0.3
134621032
52441681
0.3
132495912
52441681
0.3
131285176
52441777
0.3
134340360
52441681
0.3
133126720
52441681
0.3
132341832
52441681
0.3
133957664
52441681
0.3
133116176
52441681
0.3
131380096
52441681
0.3
129463904
52441793
0.3
133615840
52441681
0.3
132168312
52441681
0.3
132516592
52441681
0.3
132189344
52441681
0.3
132474488
52441681
0.3
130291088
52441681
0.3
131613600
52441681
0.3
132696152
52441681
0.3
130526168
52441737
0.3
132576304
52441681
0.3
134499200
52441681
0.3
132503544
52441681
0.3
130816784
52441761
0.3
132298992
52441697
0.3
132573256
52441681
0.3
134486640
52441681
0.3
132550368
52441681
0.3
131059448
52441681
0.3
131717984
52441681
0.3
132799344
52441681
0.3
130787984
52441681
0.3
133064824
52441681
0.3
133963160
52441681
0.3
131138848
52441681
0.3
132432536
52441681
0.3
133570040
52441681
0.3
133348320
52441681
0.3
133061576
52441681
0.3
131874480
52441681
0.3
131734440
52441681
0.3
132487624
52441681
0.3
133819744
52441681
0.3
125122088
52441737
0.3
132714992
52441681
0.3
132090120
52441681
0.3
132563992
52441681
0.3
134260872
52441681
0.3
131575608
52441681
0.3
131254056
52441681
0.3
132718272
52441745
0.3
134371368
52441681
0.3
131780168
52441681
0.3
130568528
52441793
0.3
132197456
52441681
0.3
134478720
52441681
0.3
130369352
52442033
0.3
132506024
52441681
0.3
130109952
52442209
0.3
133942552
52441681
0.3
133123952
52441681
0.3
133606704
52441681
0.3
132651808
52441681
0.3
132558952
52441681
0.3
131674384
52441681
0.3
134124672
52441681
0.3
132577256
52441681
0.3
134164848
52441681
0.3
128490280
52441849
0.3
132905008
52441681
0.3
131009728
52441801
0.3
132946760
52441681
0.3
131593088
52441729
0.3
132122512
52441681
0.3
132985496
52441681
0.3
133710072
52441713
0.3
132216992
52441681
0.3
128972360
52441777
0.3
132758448
52441681
0.3
133515592
52441681
0.3
133175296
52441681
0.3
131748224
52441681
0.3
132263224
52441681
0.3
132250640
52441681
0.3
132672752
52441681
0.3
130890536
52441681
0.3
132521616
52441681
0.3
133164760
52441681
0.3
129702656
52441841
0.3
133971232
52441681
0.3
131873472
52441681
0.3
132100920
52441681
0.3
130593280
52441977
0.3
130988008
52441681
0.3
129522416
52441833
0.3
132657104
52441681
0.3
133444512
52441681
0.3
129766000
52441865
0.3
130721312
52441681
0.3
132336400
52441681
0.3
132900832
52441953
0.3
132321320
52441681
0.3
131907632
52441729
0.3
130939584
52441697
0.3
133493960
52441681
0.3
133261632
52441681
0.3
131400288
52441681
0.3
131545536
52441681
0.3
130238552
52441745
0.3
134513352
52441681
0.3
132689384
52441681
0.3
133047208
52441681
0.3
129798064
52441769
0.3
131795536
52441681
0.3
131162584
52441833
0.3
133267064
52441681
0.3
132628664
52441681
0.3
132654696
52441681
0.3
132991760
52441681
0.3
130913848
52441681
0.3
131158440
52441681
0.3
65975888
52452561
0.3
133310640
52441681
0.3
132050016
52441681
0.3
130832480
52441681
0.3
128944184
52441681
0.3
133394192
52441681
0.3
133191960
52441681
0.3
133372368
52441681
0.3
130088752
52441681
0.3
134178744
52441681
0.3
134864936
52441681
0.3
130608536
52441729
0.3
133106832
52441681
0.3
128961192
52441737
0.3
132373464
52441681
0.3
131236768
52441689
0.3
134135096
52441681
0.3
133606248
52441681
0.3
132395968
52441681
0.3
132488328
52441681
0.3
131167392
52441681
