im-chacha-poly-127
1000
08/28/18
1.3
143030088
52442465
1.3
144135424
52442553
1.2
140532920
52442545
1.2
145087816
52442297
1.2
139493744
52442537
1.2
142820272
52442505
1.2
148514112
52442449
1.2
141372424
52442393
1.2
140925128
52442681
1.3
151779768
52442265
1.2
143963376
52442505
1.2
142243936
52442569
1.2
148376640
52442489
1.2
145152144
52442473
1.2
144046024
52442329
1.3
141785096
52442433
1.2
145431672
52442417
1.2
145990304
52442529
1.2
151145240
52442217
1.3
147883184
52442313
1.2
138338272
52442569
1.3
147649896
52442353
1.3
147191304
52442121
1.3
149624952
52442313
1.2
143825400
52442529
1.3
147627976
52442297
1.2
144907688
52442425
1.2
145123648
52442329
1.2
143817888
52442577
1.2
142301128
52442473
1.2
146749600
52442393
1.2
135453480
52442601
1.2
140099256
52442745
1.3
142422288
52442537
1.2
142711392
52442553
1.2
142057848
52442537
1.2
145717160
52442449
1.2
144145808
52442409
1.3
141564448
52442641
1.2
145823160
52442417
1.2
141279776
52442665
1.2
148737896
52442441
1.3
143258824
52442353
1.2
142775992
52442489
1.2
146368536
52442449
1.2
149572752
52442329
1.2
141033592
52442641
1.2
142548544
52442513
1.2
143284072
52442577
1.2
140935232
52442913
1.2
143844360
52442569
1.2
143253208
52442545
1.2
145481488
52442577
1.2
146035288
52442321
1.2
147736944
52442241
1.2
142571736
52442433
1.2
146227816
52442249
1.2
144078592
52442545
1.2
141796144
52442529
1.2
146060384
52442337
1.2
146238488
52442481
1.2
144637744
52442313
1.3
144960488
52442273
1.2
146007120
52442305
1.3
143051560
52442561
1.2
145857128
52442529
1.2
147011272
52442409
1.3
143444976
52442377
1.2
143720536
52442417
1.3
143605912
52442337
1.2
143885872
52442337
1.2
140918224
52442409
1.2
144423664
52442433
1.2
141895744
52442337
1.2
136384136
52442785
1.2
143465264
52442417
1.2
145484976
52442433
1.2
141579264
52442689
1.2
145006704
52442553
1.2
144508680
52442369
1.3
149779992
52442449
1.2
145095096
52442601
1.3
143740768
52442321
1.2
140245432
52442577
1.3
144813904
52442425
1.3
142360000
52442441
1.2
141971960
52442449
1.3
145812648
52442281
1.3
146195568
52442441
1.2
144958272
52442281
1.2
121404696
52443009
1.2
134274416
52442553
1.3
145893352
52442321
1.3
143421440
52442393
1.2
142835376
52442689
1.3
143767840
52442433
1.2
147798560
52442297
1.2
134776112
52442521
1.2
139499032
52442497
1.3
140445224
52442433
1.2
136857976
52442801
1.2
143448376
52442489
1.2
141766728
52442473
1.3
148290984
52442281
1.2
145562504
52442497
1.2
143725208
52442393
1.2
144971552
52442377
1.2
142570680
52442505
1.2
139065144
52442641
1.2
142723664
52442985
1.3
142357784
52442313
1.2
140795288
52442649
1.2
145503704
52442505
1.2
146028160
52442361
1.2
146010448
52442409
1.2
144671664
52442425
1.2
145635768
52442513
1.2
145154128
52442457
1.2
143266376
52442513
1.3
144862056
52442409
1.2
139159200
52442409
1.2
144686272
52442385
1.3
142182224
52442521
1.2
142420880
52442665
1.3
146796752
52442401
1.2
144475464
52442513
1.2
142611952
52442569
1.2
140249712
52442609
1.2
146788064
52442569
1.2
139694624
52442561
1.2
144846008
52442513
1.3
143420328
52442473
1.2
144069936
52442217
1.2
143577400
52442417
1.2
143741640
52442529
1.3
140558432
52442473
1.2
144521080
52442689
1.2
143149136
52442569
1.2
131403936
52442721
1.2
141020472
52442481
1.2
143603952
52442505
1.2
139473744
52442593
1.2
141879184
52442625
1.2
145232040
52442473
1.2
145789144
52442441
1.2
145392720
52442385
1.2
146748816
52442385
1.2
145279488
52442497
1.2
147663560
52442393
1.2
142619280
52442537
1.2
143150584
52442409
1.2
145149752
52442393
1.2
144082480
52442361
1.2
145499728
52442329
1.2
142455712
52442489
1.3
139334728
52442617
1.2
134783288
52442561
1.2
143830728
52442505
1.2
145677496
52442521
1.2
141944000
52442529
1.2
145029104
52442481
1.2
142070672
52442433
1.2
146012968
52442425
1.2
143047272
52442697
1.3
147206840
52442297
1.2
146161248
52442441
1.2
145313312
52442441
1.2
142701224
52442665
1.2
143086104
52442657
1.2
147412320
52442521
1.2
145579440
52442369
1.2
148609168
52442329
1.2
145215896
52442337
1.2
146236504
52442337
1.2
144343120
52442489
1.2
148937024
52442337
1.3
140333736
52442409
1.2
134270720
52442585
1.2
135894576
52442641
1.2
145227336
52442689
1.2
137675040
52442681
1.2
143209760
52442633
1.2
144274608
52442369
1.2
145993264
52442513
1.2
145417656
52442441
1.2
142530344
52442521
1.2
142604552
52442521
1.2
140927800
52442425
1.2
141677192
52442633
1.2
142962784
52442497
1.2
142322168
52442681
1.3
144866432
52442321
1.2
138785224
52442649
1.2
146761592
52442401
1.2
145905152
52442385
1.2
143679152
52442441
1.2
140284664
52442529
1.2
138899608
52442769
1.2
144743800
52442473
1.2
137161880
52442425
1.2
142418488
52442569
1.2
142664176
52442457
1.2
144677320
52442593
1.2
143941744
52442553
1.2
146038464
52442409
1.2
140985560
52442593
1.2
140848896
52442465
1.2
138967280
52442345
1.2
144024096
52442441
1.2
140790608
52442305
1.2
145273624
52442577
1.2
142858048
52442489
1.2
143189768
52442401
1.2
141430512
52442553
1.2
144441872
52442353
1.2
138661408
52442585
1.3
145711696
52442505
1.2
147193864
52442233
1.2
142854432
52442553
1.2
146268544
52442449
1.2
146652536
52442513
1.2
150568248
52442401
1.2
144028992
52442441
1.2
143853728
52442401
1.2
141481376
52442729
1.2
146642992
52442337
1.2
146883896
52442361
1.2
145806536
52442457
1.2
144625872
52442665
1.2
142835656
52442577
1.2
142505352
52442513
1.2
142438000
52442513
1.2
145245680
52442409
1.2
150377848
52442401
1.2
143460800
52442641
1.2
144237448
52442465
1.2
144582432
52442609
1.2
137187544
52442577
1.2
148135672
52442425
1.2
142145424
52442449
1.2
142221576
52442441
1.2
145920296
52442433
1.3
145119640
52442497
1.2
143904208
52442449
1.2
144188912
52442385
1.2
145968944
52442489
1.2
145339736
52442265
1.2
144274144
52442369
1.2
144909952
52442529
1.2
147521992
52442289
1.2
142740304
52442633
1.2
143871328
52442553
1.2
143990944
52442473
1.2
146115136
52442425
1.2
132626968
52442481
1.2
143483776
52442505
1.2
144712968
52442409
1.2
144466192
52442585
1.2
142814760
52442377
1.2
143779792
52442601
1.2
146698864
52442553
1.2
145328896
52442401
1.2
137902360
52442521
1.2
146083296
52442433
1.2
144908416
52442537
1.2
142718392
52442401
1.3
143553504
52442441
1.2
141321016
52442625
1.2
144380328
52442561
1.2
143668480
52442409
1.3
144596176
52442465
1.2
145366504
52442425
1.2
141461216
52442449
1.2
138242488
52442505
1.2
140300376
52442761
1.2
138534240
52442681
1.2
145294080
52442401
1.2
145885080
52442393
1.2
145343336
52442537
1.2
144846968
52442465
1.2
142144848
52442481
1.2
129858640
52442561
1.2
143853136
52442465
1.2
146816576
52442609
1.2
142776680
52442505
1.2
147135456
52442449
1.2
138451496
52442585
1.2
142333992
52442537
1.2
145467680
52442409
1.2
147813512
52442441
1.2
143485520
52442513
1.2
141764760
52442537
1.2
140708432
52442505
1.2
142391152
52442385
1.2
145170616
52442449
1.2
145825816
52442441
1.2
144252120
52442473
1.2
144346024
52442281
1.2
146600224
52442329
1.2
143579040
52442329
1.2
146020064
52442377
1.2
142520728
52442545
1.3
148639408
52442241
1.2
147184088
52442401
1.2
144450496
52442425
1.2
142606048
52442489
1.2
145542696
52442425
1.2
134225888
52443561
1.2
137701856
52442617
1.2
144766816
52442537
1.2
142904944
52442521
1.2
144565608
52442409
1.2
147366792
52442417
1.2
142214776
52442417
1.2
141069864
52442505
1.2
144512464
52442521
1.2
139880160
52442625
1.2
139911088
52442529
1.2
147056616
52442401
1.2
144789368
52442385
1.2
133751736
52442721
1.2
142262280
52442721
1.2
140956128
52442553
1.2
147400400
52442417
1.2
143433872
52442569
1.2
143400304
52442521
1.2
144269088
52442345
1.2
143284888
52442529
1.2
143567824
52442529
1.2
136902848
52442465
1.2
141262192
52442369
1.2
146750512
52442257
1.2
137637712
52442537
1.2
138364416
52442729
1.2
143482792
52442497
1.2
145357896
52442433
1.2
145209552
52442409
1.3
143868336
52442561
1.2
145481616
52442433
1.2
142936360
52442529
1.2
146057488
52442585
1.2
132299728
52442609
1.2
140166120
52442585
1.2
128073472
52442657
1.3
143284688
52442409
1.2
145640032
52442393
1.2
146492888
52442409
1.2
147721712
52442401
1.3
146304688
52442417
1.2
143871960
52442425
1.2
146895784
52442377
1.2
145560128
52442425
1.2
142612928
52442449
1.2
131645128
52442673
1.2
146376384
52442505
1.2
115817792
52444441
1.2
145639072
52442473
1.3
144216704
52442289
1.2
142979440
52442449
1.2
144680328
52442705
1.2
143555200
52442465
1.2
144418880
52442529
1.2
144159840
52442529
1.3
144067296
52442465
1.2
146053600
52442385
1.3
143447800
52442473
1.2
142500832
52442401
1.2
139575824
52442585
1.2
145064264
52442185
1.2
147703496
52442337
1.2
143474360
52442585
1.2
142375952
52442441
1.2
143402088
52442545
1.2
146869576
52442345
1.2
147021304
52442345
1.2
142924856
52442657
1.2
144860648
52442313
1.2
145358976
52442561
1.2
142987448
52442545
1.2
144617480
52442337
1.2
146209280
52442497
1.2
144173176
52442521
1.2
141849128
52442433
1.2
131242000
52442425
1.2
144940296
52442393
1.2
148334792
52442273
1.2
142146576
52442457
1.2
141231712
52442673
1.2
140625008
52442473
1.2
141794016
52442481
1.2
143983888
52442553
1.2
146203440
52442505
1.2
145080992
52442401
1.2
140634472
52442433
1.2
138839664
52442577
1.3
144231056
52442537
1.2
146645512
52442457
1.2
145373304
52442521
1.2
144082056
52442609
1.2
142342368
52442713
1.2
144557120
52442449
1.2
144806648
52442353
1.2
144071944
52442417
1.2
144967144
52442489
1.2
131462160
52442441
1.2
146487128
52442345
1.2
141657200
52442321
1.2
143397496
52442545
1.2
141693248
52442529
1.2
144191968
52442401
1.2
142934216
52442465
1.2
145362472
52442529
1.2
144119000
52442617
1.2
142832184
52442481
1.2
141013808
52442481
1.2
145392800
52442449
1.2
143624760
52442417
1.2
143878904
52442193
1.2
144440856
52442465
1.2
145171048
52442473
1.2
144902008
52442377
1.2
139398296
52442569
1.2
147518040
52442369
1.2
138951448
52442569
1.2
144801856
52442537
1.2
142296560
52442441
1.2
147029000
52442473
1.3
139289008
52442457
1.2
145180832
52442513
1.2
143154992
52442697
1.2
144995552
52442449
1.2
144599064
52442401
1.2
143438000
52442497
1.2
146021528
52442553
1.2
144990120
52442409
1.2
144423864
52442473
1.2
144088968
52442353
1.2
139784392
52442385
1.2
145913824
52442425
1.2
141051744
52442849
1.2
142488816
52442561
1.2
142992376
52442345
1.2
146984256
52442441
1.2
141945056
52442545
1.2
142092592
52442569
1.2
131236936
52442553
1.2
146482744
52442361
1.2
145383440
52442465
1.2
147301872
52442345
1.2
145118352
52442449
1.2
144840664
52442481
1.2
144609600
52442401
1.2
143609144
52442569
1.2
134361400
52442473
1.2
143683736
52442465
1.2
145051592
52442441
1.2
144637816
52442545
1.2
146211464
52442633
1.2
146048072
52442545
1.2
143920504
52442401
1.2
144942208
52442417
1.3
143503624
52442481
1.2
146247192
52442257
1.2
141558960
52442537
1.2
145840048
52442385
1.2
144736280
52442489
1.2
138785456
52442689
1.2
141937280
52442409
1.2
142222024
52442625
1.2
144543848
52442425
1.2
143868320
52442489
1.2
143954288
52442625
1.2
143374184
52442625
1.2
144656392
52442569
1.2
146901056
52442513
1.2
144438632
52442401
1.2
136509632
52442593
1.2
148180632
52442497
1.2
139296096
52442505
1.2
145333312
52442569
1.2
140299144
52442665
1.2
142351296
52442561
1.2
144403184
52442577
1.3
144427296
52442521
1.2
141527640
52442609
1.2
146832912
52442321
1.2
144262048
52442681
1.3
145210928
52442521
1.2
146872184
52442329
1.2
142023624
52442417
1.2
145477808
52442345
1.2
140396088
52442465
1.2
142463648
52442473
1.2
144962032
52442577
1.2
143988464
52442409
1.2
144089608
52442441
1.2
142738824
52442761
1.2
127537528
52442737
1.2
144799528
52442473
1.2
145254016
52442393
1.3
144328976
52442441
1.2
144687032
52442353
1.2
145420080
52442433
1.2
139460544
52442585
1.2
138709384
52442817
1.2
144241472
52442641
1.2
142932736
52442729
1.2
141418088
52442449
1.2
141834304
52442473
1.2
142043992
52442553
1.2
144667560
52442289
1.2
145008192
52442433
1.2
149375136
52442345
1.2
141831928
52442345
1.2
141267744
52442601
1.2
141627616
52442585
1.2
143128280
52442401
1.2
146898392
52442353
1.2
141354840
52442505
1.2
141760720
52442489
1.2
144620504
52442617
1.2
142728184
52442473
1.2
144228848
52442409
1.2
143541504
52442489
1.2
144207080
52442425
1.2
144359000
52442337
1.2
141908816
52442585
1.2
130783032
52442585
1.2
143796000
52442401
1.2
144063864
52442577
1.2
146834504
52442169
1.2
143098504
52442545
1.2
142836864
52442497
1.2
141422952
52442489
1.2
143067008
52442497
1.2
144222664
52442337
1.2
144296440
52442465
1.2
144744664
52442457
1.2
143677552
52442521
1.2
144691344
52442409
1.2
142788832
52442505
1.2
143156160
52442505
1.2
132651152
52442657
1.2
142425256
52442393
1.2
144796480
52442313
1.2
147031032
52442425
1.2
145263352
52442393
1.2
143315576
52442457
1.2
142973856
52442441
1.2
145919544
52442481
1.2
145040464
52442417
1.2
143377216
52442457
1.2
143563608
52442433
1.2
143046032
52442505
1.2
141912904
52442505
1.2
149500792
52442345
1.2
145602992
52442417
1.2
143556976
52442345
1.2
142556296
52442625
1.2
146178408
52442609
1.2
141452448
52442465
1.2
141080320
52442585
1.2
145787536
52442417
1.2
151057384
52442313
1.2
147644072
52442473
1.2
144013960
52442665
1.2
143879216
52442473
1.2
140503032
52442481
1.2
144481416
52442401
1.2
145325912
52442369
1.2
139301456
52442545
1.2
140712184
52442553
1.2
127123456
52442697
1.2
144182848
52442681
1.2
147407400
52442289
1.2
144651456
52442449
1.2
142884456
52442505
1.3
145810960
52442297
1.2
122133448
52443009
1.2
141718424
52442545
1.2
145297992
52442329
1.2
146200144
52441937
1.3
145328408
52442313
1.2
144349064
52442377
1.2
144416224
52442721
1.2
145063784
52442361
1.2
143659840
52442777
1.2
144544336
52442417
1.2
139464264
52442617
1.2
148794432
52442337
1.2
146407616
52442361
1.2
144965344
52442457
1.2
146923936
52442449
1.2
141658792
52442425
1.2
144060816
52442369
1.2
140937824
52442745
1.2
142097464
52442457
1.2
143607200
52442425
1.2
142519344
52442577
1.2
144837512
52442505
1.2
147982568
52442305
1.2
147868568
52442409
1.2
144800840
52442393
1.3
142800368
52442305
1.2
136834008
52442489
1.2
139610064
52442449
1.2
144470296
52442569
1.2
141845992
52442585
1.2
143503808
52442321
1.2
142689648
52442345
1.2
147002920
52442313
1.2
143074584
52442617
1.2
145605536
52442353
1.2
140856608
52442609
1.2
143094392
52442433
1.2
139957672
52442401
1.2
144262856
52442425
1.2
134898992
52442193
1.2
142780544
52442361
1.2
144497536
52442449
1.2
145040264
52442641
1.2
142938200
52442417
1.2
144632672
52442377
1.3
145580864
52442329
1.2
139832784
52442609
1.2
142920160
52442513
1.2
144152704
52442441
1.2
144028656
52442289
1.2
136856776
52442633
1.2
146220728
52442401
1.2
142435248
52442441
1.2
143876584
52442505
1.2
143231800
52442465
1.2
143897112
52442457
1.2
142023880
52442569
1.2
143233544
52442409
1.2
139015424
52442481
1.2
146562960
52442425
1.2
142240120
52442513
1.2
129080520
52442641
1.2
145373848
52442665
1.2
148561176
52442377
1.2
142626632
52442473
1.2
142039944
52442553
1.2
129421360
52442697
1.2
141319456
52442737
1.2
143684816
52442441
1.2
146588320
52442433
1.2
143445344
52442497
1.2
145957696
52442401
1.2
144145224
52442409
1.2
140223048
52442633
1.2
147216216
52442441
1.2
145929576
52442513
1.3
144089352
52442337
1.2
145022168
52442497
1.2
139236472
52442625
1.2
147836792
52442441
1.2
142790392
52442601
1.2
142131720
52442377
1.2
144100328
52442449
1.2
145111128
52442321
1.2
145366672
52442465
1.2
145064464
52442617
1.2
145468968
52442465
1.2
145325160
52442521
1.2
147381592
52442409
1.2
147318744
52442345
1.2
143883464
52442553
1.2
141055136
52442329
1.2
144270936
52442481
1.2
143740768
52442417
1.2
140482952
52442457
1.2
143754320
52442601
1.2
145078912
52442521
1.2
144611176
52442473
1.2
146913880
52442369
1.2
143330008
52442649
1.2
139697872
52442777
1.2
143880000
52442593
1.2
143826088
52442369
1.2
146859408
52442353
1.2
142595712
52442601
1.2
148682064
52442353
1.2
144525624
52442465
1.2
147120016
52442281
1.3
145380712
52442321
1.2
140633072
52442425
1.2
148446024
52442425
1.2
144959488
52442393
1.2
143558144
52442353
1.2
142028176
52442497
1.2
142867960
52442593
1.2
144411424
52442401
1.2
142982912
52442681
1.2
149809240
52442377
1.2
146808088
52442369
1.2
137787776
52442761
1.2
144651792
52442393
1.2
146895024
52442425
1.2
141964784
52442625
1.2
145866416
52442353
1.2
149616528
52442393
1.2
143529520
52442441
1.2
147356976
52442321
1.2
144707640
52442537
1.2
148186912
52442353
1.3
148452192
52442241
1.2
143643168
52442537
1.2
145905032
52442457
1.2
142130528
52442433
1.3
143721152
52442465
1.2
142617184
52442593
1.2
138651960
52442625
1.2
145154088
52442369
1.2
146617696
52442473
1.2
146622240
52442409
1.2
149946408
52442297
1.2
141340272
52442473
1.2
144096048
52442417
1.2
143071000
52442449
1.2
136756056
52442617
1.2
144271824
52442409
1.2
138631240
52442497
1.2
141672416
52442417
1.2
143434432
52442409
1.2
146659064
52442337
1.3
141537936
52442521
1.2
145088656
52442409
1.2
142472296
52442593
1.2
143082944
52442777
1.2
144169504
52442409
1.3
146399184
52442217
1.2
141033688
52442521
1.2
140985984
52442529
1.2
141646656
52442313
1.2
143057824
52442481
1.2
144678096
52442393
1.2
146685208
52442345
1.2
144429656
52442465
1.2
134648584
52442025
1.2
145311912
52442585
1.3
144501120
52442465
1.2
144767624
52442441
1.2
143851792
52442417
1.2
146865088
52442369
1.3
138747440
52442505
1.3
146356280
52442281
1.2
143533288
52442441
1.2
143567480
52442369
1.2
145745368
52442393
1.2
142645520
52442721
1.2
142584720
52442593
1.2
143897128
52442465
1.2
144443520
52442345
1.2
137687784
52442577
1.2
143848328
52442537
1.2
131858800
52442569
1.2
141717464
52442529
1.2
142263968
52442529
1.2
144473616
52442401
1.2
144611768
52442433
1.2
141333648
52442641
1.3
148182840
52442377
1.2
143010392
52442561
1.2
143706784
52442473
1.2
143056192
52442481
1.2
139181376
52442521
1.2
144035256
52442617
1.2
143663216
52442465
1.2
142732216
52442481
1.2
143750688
52442425
1.2
146336416
52442433
1.2
137492200
52442649
1.2
145703992
52442265
1.2
142803712
52442505
1.2
141705976
52442425
1.2
143836856
52442513
1.2
144083704
52442385
1.2
137159208
52442545
1.2
147017584
52442361
1.2
144549248
52442505
1.2
145461672
52442345
1.2
142383672
52442473
1.2
147224936
52442561
1.2
139439040
52442609
1.2
136648776
52442817
1.2
143130952
52442465
1.2
144545688
52442361
1.2
146481672
52442353
1.2
141688032
52442641
1.2
148631192
52442441
1.2
144349376
52442337
1.2
143204872
52442369
1.2
142374528
52442401
1.2
140915464
52442409
1.2
144807144
52442577
1.2
144696568
52442569
1.2
145729048
52442625
1.2
142678544
52442473
1.2
145902848
52442433
1.2
144448600
52442417
1.2
142646264
52442473
1.2
145442032
52442577
1.2
144654120
52442561
1.3
138293480
52441681
1.2
145220512
52442089
1.3
145212792
52442457
1.2
143973976
52442417
1.2
144915320
52442593
1.2
144187288
52442721
1.2
145325664
52442369
1.2
142754616
52442497
1.2
141650784
52442569
1.2
141336192
52442577
1.2
142796468
52442465
1.2
145807192
52442409
1.2
143681288
52442449
1.2
145239720
52442681
1.2
144957320
52442457
1.2
146897640
52442409
1.2
146523184
52442433
1.2
149242968
52442313
1.2
141243064
52442617
1.2
143316792
52442481
1.2
136525664
52442569
1.2
144732040
52442689
1.3
143720176
52442441
1.2
146982744
52442401
1.2
145647472
52442529
1.2
141872560
52442401
1.2
144753104
52442369
1.2
134887864
52442385
1.2
142648816
52442561
1.2
145767160
52442409
1.2
146010376
52442377
1.2
144782616
52442433
1.2
142290872
52442481
1.2
141511336
52442553
1.2
141910576
52442649
1.3
142781960
52442321
1.2
135463784
52442497
1.2
146187448
52442465
1.2
143442360
52442641
1.2
146229264
52442401
1.2
145902568
52442457
1.2
141356936
52442449
1.2
147094504
52442425
1.2
135240992
52442585
1.2
142195984
52442441
1.2
142227864
52442553
1.2
144597808
52442457
1.2
138105824
52442641
1.2
143868232
52442489
1.2
145723304
52442513
1.2
146367928
52442329
1.2
143532544
52442545
1.2
142018128
52442545
1.2
146697344
52442337
1.3
144751512
52442497
1.2
141466688
52442481
1.2
142556080
52442609
1.2
144758696
52442329
1.3
130191248
52442529
1.2
144154200
52442377
1.2
146300400
52442585
1.2
143026200
52442521
1.2
143316424
52442529
1.2
140504040
52442569
1.2
132458136
52442425
1.2
151571792
52442177
1.3
145363368
52442345
1.2
146347456
52442377
1.2
142303552
52442457
1.2
150530888
52442289
1.2
146747280
52442321
1.2
145371472
52442361
1.3
146555792
52442369
1.2
144264832
52442441
1.2
146463056
52442449
1.2
144486344
52442561
1.2
146986504
52442537
1.3
144699792
52442505
1.2
142039144
52442473
1.2
146361264
52442385
1.2
146775048
52442369
1.2
144509848
52442425
1.3
145578808
52442337
1.2
146214576
52442297
1.2
144768728
52442433
1.2
139332376
52442481
1.2
143915168
52442585
1.2
147743304
52442345
1.2
144535632
52442433
1.2
139346352
52442513
1.3
147637064
52442369
1.2
139247568
52442481
1.2
143073944
52442425
1.2
140285720
52442497
1.2
146081672
52442353
1.2
142806920
52442601
1.2
145351208
52442441
1.2
148518400
52442441
1.3
146707864
52442361
1.2
147331080
52442369
1.2
143916624
52442505
1.2
148325168
52442385
1.2
142859328
52442673
1.2
142014840
52442537
1.2
144422208
52442513
1.2
142367408
52442601
1.2
146888072
52442481
1.2
143382816
52442561
1.2
144015360
52442513
1.2
146103632
52442361
1.2
145870152
52442321
1.2
146401960
52442321
1.2
136782640
52442689
1.2
143819264
52442553
1.2
144506224
52442353
1.2
129856344
52442505
1.2
145751216
52442529
1.2
139704920
52442529
1.2
142130832
52442585
1.2
143354992
52442345
1.2
145612360
52442393
1.2
141034744
52442849
1.2
146654000
52442321
1.2
143132552
52442361
1.2
134265480
52442649
1.2
143729064
52442553
1.3
142743528
52442329
1.2
143903472
52442361
1.2
145554336
52442457
1.2
147646552
52442505
1.2
145116472
52442393
1.2
146003432
52442545
1.2
146100136
52442329
1.2
141287480
52442593
1.2
145608376
52442521
1.2
148249832
52442465
1.2
142957608
52442433
1.2
144555816
52442577
1.2
135063184
52442817
1.2
144954568
52442561
1.2
141909576
52442593
1.3
146125840
52442361
1.3
142367888
52442433
1.2
144931792
52442369
1.2
146756160
52442425
1.2
142458184
52442617
1.2
143734640
52442449
1.2
140105536
52442673
1.2
141531472
52442625
1.2
144114328
52442657
1.2
143395224
52442537
1.2
145567880
52442441
1.2
143024888
52442577
1.2
144624248
52442545
1.2
144597160
52442729
1.2
141845392
52442489
1.3
143119528
52442449
1.2
146159448
52442417
1.2
144195264
52442417
1.2
145204360
52442537
1.2
145761592
52442521
1.2
145007600
52442369
1.2
145470432
52442465
1.2
144279120
52442409
1.2
145371296
52442401
1.2
142760912
52442513
1.2
144440960
52442529
1.2
144065408
52442489
1.2
144545032
52442537
1.2
141746880
52442657
1.2
142720000
52442465
1.2
146100176
52442481
1.2
146981936
52442377
1.2
144029880
52442537
1.2
143600416
52442385
1.2
139782120
52442649
1.2
147065840
52442353
1.3
139920224
52442545
1.2
142286120
52442537
1.2
144492776
52442449
1.2
144089984
52442425
1.2
141732440
52442649
1.2
141821272
52442585
1.2
145152128
52442505
1.2
146709296
52442441
1.3
139512240
52442513
1.2
135461568
52442497
1.3
144454792
52442465
1.2
143425016
52442425
1.2
147890176
52442505
1.2
145848704
52442561
1.2
143666688
52442385
1.2
148504008
52442441
1.2
138474824
52442161
1.2
143126192
52442529
