im-chacha-poly-255
1000
08/28/18
1.0
132674680
52441857
1.0
134113848
52441857
1.0
138423680
52442041
1.0
132885464
52441945
1.0
134088064
52442249
1.1
134281376
52441761
1.0
138199176
52442169
1.0
136168344
52441969
1.0
134610968
52441977
1.0
129520960
52442377
1.1
137289632
52441761
1.0
134876888
52442641
1.0
133501584
52442393
1.0
137352152
52441793
1.0
135079856
52442113
1.0
134588728
52441737
1.1
138731384
52442081
1.0
137660552
52442129
1.0
127811848
52442145
1.0
136840328
52441873
1.0
132456032
52441969
1.0
134095624
52441953
1.0
136190016
52442273
1.0
132398416
52442505
1.0
136484592
52441921
1.0
138144216
52442129
1.0
137147960
52442201
1.0
133641184
52442017
1.0
139127224
52441961
1.0
132862768
52441969
1.0
135888696
52441929
1.0
134637368
52441737
1.0
138955816
52442169
1.0
134261496
52442153
1.0
136255496
52442137
1.0
139607888
52442217
1.0
133184272
52442129
1.0
138131440
52442145
1.0
126395344
52442553
1.0
136474768
52442113
1.0
131636528
52442545
1.0
111628920
52443465
1.1
138884512
52441961
1.0
139208800
52442065
1.0
140888960
52441865
1.0
136135640
52442081
1.0
139888264
52441849
1.0
130686240
52442369
1.0
138262544
52441977
1.1
135250792
52442041
1.0
138411744
52442129
1.0
133334624
52441953
1.0
134642456
52442361
1.0
138965176
52441817
1.0
136408008
52442153
1.0
135935744
52442369
1.0
128319952
52441745
1.0
136196816
52442289
1.0
136075784
52442041
1.0
137936968
52442049
1.0
137963256
52441881
1.0
135822096
52442185
1.0
136347680
52441745
1.0
136555912
52442329
1.0
139800112
52442025
1.0
135499600
52442185
1.0
135672416
52442281
1.0
132995328
52442345
1.0
134940888
52442081
1.0
137791280
52442161
1.0
134841840
52442377
1.0
129039288
52442345
1.0
136536664
52442033
1.0
138548848
52442121
1.0
132997952
52442073
1.0
137050688
52441993
1.0
136588968
52441969
1.0
135133200
52442137
1.0
138441696
52442017
1.0
137369624
52441817
1.0
136586488
52441993
1.0
137732024
52442281
1.0
136084400
52442129
1.0
133786472
52442273
1.0
132630728
52442185
1.0
132399928
52442289
1.0
137721568
52441849
1.0
135669272
52442073
1.0
138253880
52442233
1.0
131663544
52442329
1.0
134122360
52441921
1.0
135288792
52441945
1.0
132878360
52442329
1.0
137387112
52442233
1.0
135940728
52441857
1.0
134582208
52442129
1.0
138949152
52442161
1.0
135828736
52441753
1.0
139283088
52442281
1.0
136782400
52442337
1.0
135241544
52442209
1.0
133889088
52441865
1.1
136207336
52442257
1.0
136292096
52441953
1.0
136926936
52441937
1.0
132848552
52442249
1.0
135700240
52442169
1.0
124113120
52442617
1.0
139344136
52442241
1.0
134016320
52441849
1.0
137251152
52442329
1.0
127641664
52442313
1.0
138227976
52441881
1.0
136657096
52442145
1.0
137862096
52442089
1.0
135232936
52441913
1.0
136361080
52442073
1.0
140284248
52441889
1.0
133776632
52442161
1.0
136888376
52442337
1.0
135483152
52442041
1.0
131524168
52442297
1.0
136582720
52442201
1.0
130438576
52442225
1.0
134563960
52441841
1.0
137048528
52442249
1.0
134688736
52441993
1.0
138314592
52441865
1.0
136983160
52441833
1.0
139109112
52441985
1.0
137508304
52442121
1.0
139125128
52442305
1.0
134293816
52442321
1.0
135164480
52441977
1.0
134415544
52442225
1.0
121334160
52442233
1.0
135140912
52442169
1.0
136795408
52441745
1.0
132045712
52442105
1.0
138680480
52441993
1.0
134861200
52442233
1.0
137544408
52442305
1.0
133762400
52442177
1.0
137940504
52441825
1.0
136291744
52441729
1.0
137445552
52442041
1.0
136460112
52442249
1.1
131853528
52441977
1.0
132810312
52442177
1.0
130857632
52442505
1.0
134726808
52442209
1.0
138701256
52441937
1.0
136903808
52442249
1.0
135062768
52442185
1.0
135356832
52441929
1.0
134633696
52442057
1.0
136823024
52442001
1.0
129351472
52441913
1.0
136638760
52442345
1.0
135720928
52442249
1.0
133835336
52442425
1.0
135412096
52442057
1.0
141134688
52442009
1.1
131592072
52442097
1.0
129588288
52442001
1.0
135784624
52441801
1.1
138034112
52442073
1.0
134979808
52441793
1.0
137863952
52442265
1.0
139395584
52442145
1.0
139312640
52442025
1.0
134768768
52442273
1.0
134732800
52441753
1.0
128220000
52442497
1.1
134111768
52441745
1.0
135679848
52442265
1.0
136363512
52441897
1.0
136281176
52442033
1.0
139423888
52441753
1.0
124891064
52442921
1.0
134940160
52442105
1.0
134925904
52442009
1.0
132742320
52442329
1.0
134484336
52442369
1.0
134115544
52442369
1.0
137519704
52442089
1.0
132893776
52441865
1.1
131155192
52441737
1.0
137572720
52442313
1.0
137161880
52442193
1.0
134673272
52442265
1.0
132186560
52441889
1.0
129452464
52442345
1.0
137816800
52442281
1.0
132570896
52442025
1.1
134328016
52441977
1.0
134110376
52442001
1.0
137064240
52442057
1.1
137350304
52441729
1.0
137049960
52441793
1.1
140962912
52441977
1.0
137496576
52442113
1.0
138791184
52441753
1.0
139033832
52442017
1.0
138905952
52441889
1.0
133625496
52441777
1.0
139221832
52441745
1.0
139055984
52441969
1.1
132998024
52442297
1.0
134409488
52442249
1.0
132897888
52441985
1.0
138261472
52442025
1.0
135368496
52442297
1.0
136268608
52442105
1.0
132610960
52441945
1.0
138027544
52441753
1.0
134193792
52442209
1.0
134783920
52442169
1.0
130605112
52442161
1.0
137641080
52442201
1.0
136414464
52441769
1.0
137161696
52441817
1.0
138958728
52441969
1.0
135545464
52441929
1.0
132634536
52442289
1.0
133012688
52442273
1.0
133496872
52441769
1.1
136292992
52441737
1.0
139403672
52441929
1.1
137208048
52442025
1.0
136789072
52442281
1.0
135769800
52442305
1.0
124932432
52442273
1.0
133862488
52442393
1.0
125843936
52442145
1.0
132683904
52442321
1.2
109580512
52446089
1.0
131594320
52441969
1.0
137661584
52442145
1.0
131477920
52442257
1.0
136701896
52442297
1.0
136288568
52441753
1.0
136191880
52441921
1.0
135049288
52441769
1.0
131446728
52441977
1.0
134470064
52441937
1.0
138787248
52442001
1.0
134491920
52441793
1.0
132389104
52441993
1.1
129957256
52442177
1.0
138339752
52442201
1.0
134661920
52442097
1.0
139451296
52442065
1.0
136879816
52441945
1.0
137973512
52441865
1.1
136710312
52442241
1.0
133639560
52441737
1.0
138330704
52442009
1.0
134686504
52442169
1.0
133229000
52441833
1.0
137624624
52442289
1.0
132348784
52442137
1.0
133247400
52442105
1.0
133023672
52442249
1.0
124543808
52441977
1.0
135518816
52442249
1.0
134585160
52442577
1.0
127835016
52442025
1.0
136164976
52442281
1.0
126949984
52441769
1.0
133232248
52442001
1.0
135640648
52442241
1.0
136241088
52442065
1.0
139429568
52442065
1.0
130516840
52442321
1.0
135669336
52442129
1.0
137110944
52441769
1.0
138490784
52441745
1.0
138552792
52442193
1.0
135492736
52442273
1.0
139147280
52442049
1.0
135620472
52442209
1.0
134545944
52442009
1.0
137514568
52442401
1.1
136882320
52442049
1.0
138141648
52442089
1.0
131613552
52442089
1.0
135519480
52442241
1.0
136016384
52442257
1.0
134978144
52442297
1.0
136654584
52441793
1.0
131856840
52441705
1.0
135808072
52442257
1.0
136127936
52441993
1.0
138843472
52441977
1.0
135356472
52441753
1.0
136882312
52441873
1.1
136512640
52442049
1.0
136432288
52442025
1.0
132636552
52441753
1.0
134273624
52442137
1.0
138281672
52442073
1.0
128468856
52442025
1.0
133631160
52441721
1.0
133666912
52442193
1.0
133885232
52442073
1.0
133614912
52441745
1.0
138457144
52442073
1.0
137477992
52442001
1.1
137215624
52442025
1.0
139180776
52441937
1.0
134681048
52441745
1.0
137487816
52441809
1.0
136151368
52441921
1.0
137682432
52441985
1.0
136283904
52441745
1.0
136162888
52442257
1.0
136386400
52441865
1.0
137646136
52442105
1.0
136600768
52442153
1.0
135824872
52442361
1.0
136817368
52442049
1.0
136054928
52442313
1.0
131724192
52442009
1.0
136021896
52441753
1.0
135572440
52441945
1.1
134684920
52442129
1.0
134984952
52442153
1.0
137073696
52442073
1.0
137449672
52442305
1.0
138451472
52442025
1.1
135480064
52442169
1.0
138750168
52441737
1.0
131201592
52441849
1.0
129966112
52442305
1.1
135649432
52441825
1.0
139145928
52442265
1.0
140430624
52442049
1.0
136818320
52441745
1.0
136935928
52442081
1.0
138567920
52442273
1.0
126055472
52442105
1.0
136799216
52442057
1.0
137415872
52441961
1.0
119204328
52442737
1.0
126438296
52442561
1.1
131251224
52442001
1.0
138367464
52442113
1.0
137190528
52442073
1.0
135723800
52442265
1.0
131212616
52442105
1.0
136917144
52441953
1.0
137493504
52441753
1.0
129405504
52442281
1.0
138275472
52441929
1.0
135318192
52442345
1.1
137271744
52442161
1.0
136474856
52441993
1.0
135960136
52441953
1.0
134035728
52442201
1.0
137875904
52442169
1.1
136913544
52442129
1.0
134934912
52442153
1.0
135104720
52442265
1.0
138146464
52442185
1.0
138932264
52442105
1.0
136716456
52442393
1.0
133834064
52442201
1.0
136295624
52441801
1.0
136848760
52441921
1.0
136269280
52442001
1.0
134493592
52441753
1.0
136867184
52442337
1.0
131839248
52441785
1.1
136988048
52442145
1.0
138268408
52442153
1.0
136582784
52441737
1.0
138610360
52441937
1.0
136983672
52441961
1.0
137565856
52442057
1.0
137304056
52442145
1.0
136166896
52442265
1.0
136806456
52441961
1.0
136841912
52442113
1.0
130049536
52442513
1.0
136092344
52442009
1.0
135361624
52441849
1.0
125382856
52442369
1.0
135871168
52442177
1.0
137189848
52442265
1.0
129707040
52441777
1.0
133226584
52441977
1.0
137414312
52442145
1.0
132163296
52441961
1.1
135253672
52441793
1.0
133631144
52442377
1.0
138827992
52441745
1.0
136142696
52442233
1.0
136851584
52442009
1.0
136716696
52442073
1.0
136961336
52442025
1.0
136930312
52442097
1.0
129885184
52442281
1.0
124436360
52442641
1.0
135225640
52441809
1.0
136640056
52441745
1.1
140086568
52441961
1.0
133719256
52442345
1.0
135610672
52442009
1.0
133582640
52442001
1.0
139947632
52441945
1.0
134534800
52442321
1.0
139591944
52442137
1.0
133019672
52442001
1.0
134127328
52441825
1.0
136158384
52441889
1.0
134576648
52442265
1.1
136601872
52442017
1.0
136677784
52442337
1.0
122235400
52442689
1.0
138379280
52441977
1.0
132141304
52442145
1.0
141006144
52442065
1.0
138200928
52442385
1.0
137925640
52442201
1.0
138579512
52441969
1.0
136763672
52442073
1.0
138494472
52441993
1.0
139166288
52442097
1.0
135315520
52442137
1.1
137116680
52441993
1.0
136892624
52442105
1.0
133387128
52442257
1.0
138623728
52441913
1.0
136400616
52442057
1.0
138737376
52441961
1.0
133587504
52442313
1.0
133423776
52442345
1.1
128391688
52441857
1.0
135784496
52442177
1.0
138551512
52442017
1.0
137726408
52442233
1.1
138972584
52441929
1.0
135868224
52441937
1.0
136873640
52441969
1.0
138045520
52441945
1.0
137566040
52441745
1.0
139273536
52442137
1.1
137582496
52441753
1.0
137798040
52442017
1.0
135896152
52442041
1.0
138768472
52441857
1.0
134781144
52442065
1.0
137740280
52441937
1.0
132713352
52442009
1.0
136605968
52442169
1.0
141048392
52442089
1.0
133094448
52441833
1.0
136346840
52441881
1.0
132689048
52441945
1.1
141504576
52441937
1.0
136452872
52442217
1.0
134220536
52442017
1.0
137386848
52442273
1.0
132410176
52441833
1.0
138064000
52441753
1.0
135509696
52442049
1.0
134635328
52441761
1.0
137201120
52442129
1.0
135653376
52442105
1.0
136415728
52442041
1.0
138392040
52442001
1.0
136674448
52441953
1.1
135989376
52442169
1.0
136185176
52442177
1.1
130862448
52442233
1.0
135716608
52442185
1.0
136621920
52441745
1.0
134687200
52442025
1.0
133566064
52441969
1.0
135588256
52441737
1.0
137606064
52442057
1.0
131582664
52441777
1.0
137554632
52441849
1.0
138085936
52441745
1.0
130030152
52442281
1.0
130564432
52442209
1.0
136780120
52441753
1.0
137822040
52441865
1.0
137919280
52441921
1.0
136300640
52442185
1.0
137022480
52442377
1.0
136288616
52441953
1.0
136921088
52442281
1.0
135942800
52441977
1.0
137625552
52441889
1.0
133336712
52442249
1.1
134137328
52442089
1.0
137382512
52441737
1.0
138653288
52441937
1.0
122545832
52442457
1.0
138681592
52442081
1.0
135309456
52442025
1.0
137326720
52442065
1.0
132648480
52442681
1.0
128500736
52442089
1.0
133598680
52442481
1.0
136036960
52441785
1.0
136538816
52441881
1.0
137509744
52442257
1.0
133165472
52441737
1.0
138687640
52442281
1.0
133171104
52441745
1.0
136182056
52442161
1.0
137017776
52442225
1.0
139280168
52441865
1.1
137613528
52442161
1.0
132044552
52442233
1.0
135596432
52442265
1.0
129126720
52442145
1.0
129770288
52442273
1.0
133480960
52442257
1.0
136049056
52441913
1.0
132358048
52441945
1.0
138724528
52442009
1.0
136798832
52442105
1.0
135414128
52442201
1.0
135229088
52442329
1.0
134400488
52441729
1.0
135552712
52442161
1.0
136460016
52441833
1.1
132672112
52441897
1.0
136894712
52442337
1.0
134799096
52442129
1.0
136459920
52441841
1.0
132712320
52442121
1.0
133023816
52442081
1.0
137905552
52442105
1.0
136288904
52441881
1.0
133595152
52441977
1.0
138503984
52442145
1.0
137107528
52441961
1.0
137938928
52442161
1.0
136396032
52442217
1.0
121468024
52442529
1.0
139113752
52442097
1.1
133012304
52442185
1.0
134364816
52442281
1.0
137497912
52442081
1.0
133171264
52442137
1.0
136757520
52441929
1.0
134947808
52441865
1.0
133096528
52442081
1.0
138930992
52442145
1.0
139656872
52441809
1.0
130964048
52442497
1.0
134265464
52442225
1.0
127647696
52441977
1.0
135477376
52441937
1.0
133004328
52442273
1.1
135014456
52441833
1.0
128277712
52442169
1.0
137310080
52442073
1.0
134726632
52442233
1.0
134764864
52442025
1.0
137920432
52441945
1.0
136674032
52441945
1.0
139152232
52442041
1.0
137288880
52442049
1.0
138793856
52441721
1.0
132151720
52442201
1.0
138910024
52441945
1.0
135769168
52442177
1.0
138741440
52442209
1.0
133076760
52441817
1.0
133852488
52441889
1.0
138588352
52442161
1.0
138245432
52441961
1.0
137863280
52442369
1.0
137368592
52442177
1.0
136902472
52442249
1.0
136255616
52441913
1.0
137008448
52442041
1.0
136527824
52441977
1.0
137364800
52442385
1.0
133672104
52442377
1.0
131872128
52442017
1.0
136080512
52442049
1.0
136966608
52442065
1.0
135760440
52442225
1.0
139126376
52442201
1.0
133075784
52442257
1.0
137938352
52441913
1.0
130767448
52442369
1.0
131919464
52442433
1.0
132532592
52441825
1.0
136614824
52442209
1.0
136289864
52441993
1.0
131989880
52442449
1.0
134945136
52442305
1.0
138198312
52442081
1.0
130862408
52442217
1.0
137814368
52442049
1.0
125580592
52442113
1.0
134249960
52442201
1.0
135432504
52441737
1.0
134212208
52442121
1.0
133876392
52442353
1.0
136356784
52442057
1.0
135598000
52442001
1.0
136016736
52442033
1.0
136926760
52441993
1.0
139131384
52442153
1.0
136818208
52442145
1.0
137984056
52441953
1.0
137262368
52441969
1.0
137155256
52442193
1.0
137429208
52442273
1.0
132567416
52441769
1.0
129680448
52442241
1.1
132002272
52441913
1.0
137878680
52442105
1.0
139466696
52442033
1.0
129368688
52442473
1.0
134490808
52441961
1.0
132868936
52442289
1.0
136529800
52441785
1.0
134470480
52442497
1.0
139860192
52441921
1.0
137924464
52442081
1.0
137327344
52442153
1.0
133958992
52442377
1.0
138061304
52441857
1.0
134048696
52442241
1.0
134899984
52442337
1.0
131980856
52442225
1.0
137529680
52441985
1.0
135846584
52441977
1.0
134877472
52442193
1.0
140004608
52441905
1.0
134497976
52442225
1.0
135146808
52442137
1.0
137011184
52441745
1.0
136293840
52442025
1.0
133654984
52442209
1.0
137488760
52442385
1.0
136892784
52442233
1.0
134916160
52442321
1.0
135383376
52442321
1.0
135174536
52441777
1.0
132381088
52442265
1.0
138723184
52442073
1.0
136347184
52441809
1.0
135501672
52441961
1.0
135304432
52441993
1.0
137750552
52442185
1.0
137271816
52441745
1.0
137728944
52442073
1.0
136698912
52441857
1.0
133547000
52442449
1.0
137330232
52442361
1.0
134662720
52441737
1.0
135797760
52441753
1.0
129270144
52442009
1.0
135384528
52442081
1.0
139584568
52442017
1.0
135259136
52441817
1.0
128241240
52442089
1.1
137138536
52442281
1.0
138265496
52442033
1.0
132523960
52441721
1.0
126826936
52443361
1.1
136412360
52441793
1.0
125429472
52442105
1.0
136378952
52441977
1.0
138623352
52441913
1.1
136771896
52442209
1.0
137202448
52442257
1.0
137607376
52442073
1.1
135453296
52442185
1.0
138951040
52441785
1.0
141143576
52441873
1.0
138271632
52442105
1.0
134394240
52442153
1.0
139421936
52441745
1.0
131573864
52442393
1.0
138809232
52442305
1.0
133576536
52442257
1.0
135692752
52442009
1.0
135432704
52442321
1.0
134555816
52441745
1.1
131725280
52441753
1.0
134405344
52442345
1.0
137087688
52441865
1.0
135827896
52442185
1.0
136857256
52442089
1.0
134946632
52442185
1.1
133589832
52442145
1.0
137500928
52441889
1.1
137415352
52441849
1.0
136522808
52442153
1.0
136750464
52442129
1.0
135025480
52442201
1.0
138390152
52442257
1.0
134318928
52441953
1.0
138548424
52441881
1.0
136054224
52442089
1.0
134719896
52442569
1.1
136520672
52442249
1.0
133766144
52442305
1.1
131386752
52441753
1.0
137314784
52441889
1.0
130675240
52441737
1.0
137186328
52441889
1.0
130386832
52442353
1.0
137933344
52441769
1.0
133862328
52442009
1.0
138863792
52441841
1.0
138225472
52442121
1.0
137400384
52441913
1.0
129542288
52442537
1.1
138089104
52441881
1.0
134034856
52441777
1.0
132836536
52442065
1.0
138538952
52442225
1.0
136448280
52442129
1.0
136499512
52441761
1.0
139371720
52442113
1.0
136085352
52441929
1.0
134269040
52441881
1.0
136701328
52442313
1.0
136778880
52442393
1.0
131236712
52442497
1.0
133808320
52442121
1.0
132242088
52442329
1.0
137359024
52442241
1.0
133582512
52442449
1.1
137724256
52441841
1.0
137360632
52442129
1.0
135311872
52442137
1.1
134965152
52442177
1.0
136430192
52442081
1.0
138235712
52442025
1.0
137343448
52442161
1.0
134595448
52441993
1.0
128204968
52442265
1.0
136095552
52441761
1.0
135204360
52441841
1.0
131709392
52441945
1.1
137548944
52442033
1.1
92757760
52446865
1.0
137260888
52442001
1.0
137224976
52442057
1.1
135596968
52442033
1.0
136895624
52441937
1.0
131274528
52441745
1.0
135786824
52442321
1.0
135479744
52442265
1.0
133101048
52442081
1.1
132036512
52442481
1.0
137034912
52441889
1.0
139251808
52442097
1.0
136314888
52441905
1.0
132801936
52442033
1.0
136926016
52442097
1.0
139285376
52442105
1.1
134496576
52442209
1.0
137177520
52441993
1.0
137042736
52442065
1.0
130504456
52442129
1.0
135642592
52442265
1.0
132905888
52442329
1.0
136730544
52442209
1.0
138053288
52442041
1.0
115864288
52443033
1.1
135092392
52442145
1.0
132064408
52442057
1.0
136235376
52442257
1.0
132708352
52442129
1.1
128888912
52442241
1.0
138963336
52442121
1.0
132197760
52442417
1.1
136669288
52441801
1.1
136318504
52441745
1.0
140927032
52442153
1.0
137253384
52441833
1.0
137405376
52442193
1.0
133809536
52441745
1.1
136847392
52441889
1.0
130775648
52442273
1.0
138010784
52442201
1.0
133643400
52442265
1.0
137851056
52442193
1.0
139329840
52441929
1.0
137283232
52441817
1.0
136176880
52442257
1.0
137824192
52442081
1.0
131748072
52442153
1.0
138579808
52442041
1.0
136841624
52441849
1.0
134475576
52442169
1.0
134591368
52442073
1.0
133971056
52441793
1.0
136401864
52442225
1.0
138947552
52442209
1.0
137760504
52442289
1.1
134738432
52441737
1.0
138244384
52442257
1.0
136790056
52442073
1.0
135672912
52442001
1.0
136332152
52442377
1.0
137452560
52442209
1.1
138143200
52442113
1.0
137731992
52441985
1.0
137364368
52442153
1.0
138593120
52442073
1.0
141222504
52442129
1.0
137399568
52442057
1.0
139558640
52441737
1.0
132400152
52441761
1.1
130772104
52441985
1.0
131199080
52442041
1.0
137027080
52442153
1.0
138855304
52441841
1.0
138612792
52442281
1.0
137045416
52442257
1.0
139410048
52442161
1.0
134367024
52442121
1.0
134223016
52442193
1.0
136692672
52442009
1.0
137465072
52442409
1.0
136170984
52441969
1.0
136017752
52442081
1.0
135158144
52442033
1.0
135147224
52442153
1.0
135623960
52441985
1.0
137537448
52441905
1.0
135828088
52442241
1.0
134166768
52441889
1.1
136114560
52441881
1.0
135089920
52442521
1.0
133146728
52442297
1.0
137441232
52442369
1.0
139422216
52441817
1.0
136515120
52442321
1.0
131074400
52442361
1.0
135091920
52442113
1.0
133700328
52442225
1.0
138278648
52442049
1.0
138079504
52442185
1.0
133706064
52441993
1.0
135367216
52442113
1.0
137458904
52442297
1.0
137818032
52442097
1.0
131567144
52441745
1.0
139358000
52441841
1.0
134930488
52442369
1.0
126779608
52442281
1.0
138164568
52442025
1.0
131935728
52442145
1.1
139312952
52442113
1.0
136611152
52442209
1.0
138153056
52442009
1.0
134926496
52442089
1.0
138183008
52441881
1.0
137153128
52442025
1.0
135158168
52442113
1.0
138097208
52442297
1.0
133874944
52442057
1.0
136412288
52442225
1.0
136537600
52441809
1.0
133274208
52441993
1.0
137142512
52442185
1.0
138651400
52441761
1.0
135683408
52442345
1.0
132134464
52442297
1.0
135474552
52442033
1.0
134871560
52441753
1.0
131131176
52442073
1.0
136167968
52442017
1.0
136468168
52442377
1.0
139425560
52441961
1.0
137286544
52442305
1.0
138025304
52441953
1.0
137830192
52442345
1.0
134964728
52442209
1.0
134708656
52441953
1.0
133245656
52442409
1.0
138309200
52442009
1.0
132881992
52442353
1.0
134959640
52442209
1.0
134089888
52441737
1.1
140829696
52441889
1.0
139759536
52442201
1.0
133298128
52441801
1.0
135232696
52441817
1.0
136952504
52442041
1.0
135822744
52442073
1.0
138553352
52441969
1.0
136766776
52442313
1.0
137294064
52441841
1.0
132816576
52442105
1.0
134521504
52442033
1.0
140337096
52441833
1.0
134939544
52442033
1.0
136374696
52442345
1.0
136001352
52442105
1.0
134909736
52442297
1.0
134874376
52442113
1.0
138638960
52441945
1.0
137777160
52441857
1.0
137404904
52442081
1.0
133694528
52442361
1.0
139720688
52442049
1.0
135178536
52441961
1.0
137371536
52441777
1.0
137929384
52442297
1.0
138027184
52441961
1.0
139674448
52442185
1.0
137134920
52441945
1.0
132299984
52442457
1.0
137923592
52441737
1.0
135057760
52442505
1.0
136878456
52442121
1.0
135485704
52441753
1.0
137084512
52442393
1.0
125863592
52442569
1.0
139399744
52442105
1.0
137882968
52442153
1.0
139069880
52442113
1.0
137020248
52442121
1.0
134856528
52442297
1.0
137808104
52442145
1.0
130175696
52442041
1.0
135274920
52442209
1.0
134740712
52442073
1.0
136498944
52442065
1.0
137673024
52441913
1.0
138962728
52441937
1.0
138225608
52442433
1.0
135370920
52442033
1.0
135919192
52442433
1.0
137784256
52441769
1.0
136642536
52442201
1.0
135453976
52442385
1.0
138470480
52442017
1.0
137121664
52441721
1.0
136897544
52442153
1.0
138015536
52442329
1.0
137741000
52442025
1.0
136899392
52442009
1.0
132946880
52442201
1.0
135805048
52442065
1.0
132926984
52442289
1.0
138401184
52442089
1.0
134119760
52442449
1.0
119234936
52442633
1.0
134630128
52442273
1.1
132453672
52442329
1.0
139172104
52441913
1.0
134543232
52441985
1.0
135953856
52441753
1.0
132377016
52442185
1.0
135383840
52442201
1.0
136296856
52442345
1.0
133735508
52442193
1.1
137705960
52441857
1.3
125304904
52442081
1.0
135155416
52442129
1.0
128285440
52442393
1.0
137787680
52442217
1.0
132326904
52442497
1.0
137903520
52442321
1.1
98665816
52446321
1.0
137484824
52441961
1.0
130796936
52442177
1.0
127189264
52441849
1.0
136126384
52442241
1.0
120167512
52442497
1.0
137379136
52442049
1.1
137231088
52442289
1.0
124778008
52442297
1.0
137186848
52442129
1.1
138530248
52442193
1.0
137769424
52441953
1.0
138083528
52441985
1.0
133763424
52442049
1.0
136089312
52442009
1.0
131574192
52442241
1.0
132878824
52442265
1.0
137994320
52441905
1.0
135620568
52442233
1.0
138495840
52442089
1.0
133259120
52442281
1.0
131809136
52441865
1.0
131085992
52442433
1.0
132782008
52442345
1.0
136416344
52441977
1.0
135230856
52441753
1.0
129495280
52442073
