im-aes128-gcm-8192
1000
08/28/18
0.3
161139865
52441673
0.3
161720318
52441673
0.3
159771241
52441673
0.3
160897736
52441673
0.3
161282866
52441673
0.3
159596331
52441673
0.3
160388408
52441673
0.3
159484446
52441673
0.3
161144072
52441673
0.3
161052224
52441673
0.3
158942469
52441673
0.3
158053999
52441673
0.3
160860484
52441673
0.3
160949777
52441673
0.3
159460098
52441673
0.3
161635484
52441673
0.3
161238827
52441673
0.3
159223610
52441673
0.3
161322939
52441673
0.3
158657042
52441673
0.3
161181911
52441673
0.3
157678404
52441673
0.4
159090050
52441769
0.3
162567573
52441673
0.3
157744031
52441673
0.3
161517448
52441673
0.3
159895620
52441673
0.3
160678779
52441673
0.3
159583304
52441673
0.3
158049013
52441729
0.3
158172407
52441673
0.3
160858085
52441673
0.3
160828495
52441673
0.3
158394672
52441673
0.3
158039851
52441673
0.3
159953446
52441673
0.3
159796956
52441673
0.3
159026819
52441673
0.3
156221582
52441673
0.3
157390809
52441673
0.3
157892606
52441673
0.3
157228354
52441673
0.3
157803263
52441673
0.3
160277058
52441673
0.3
160495648
52441673
0.3
160316222
52441673
0.3
156516319
52441673
0.3
160381256
52441673
0.3
161243438
52441673
0.3
158229493
52441673
0.3
160771018
52441673
0.3
157212731
52441673
0.3
160684466
52441673
0.3
160382230
52441673
0.3
159766332
52441673
0.3
159679759
52441673
0.3
158567090
52441705
0.3
161446920
52441673
0.3
155505683
52441673
0.3
159008764
52441673
0.3
161191935
52441673
0.3
160137712
52441673
0.3
161501878
52441673
0.3
159960792
52441673
0.3
160717248
52441673
0.3
160719737
52441673
0.3
160017823
52441673
0.4
161061134
52441673
0.3
160978855
52441673
0.3
160298111
52441673
0.3
160854467
52441673
0.3
161554281
52441673
0.3
160093912
52441673
0.3
155790304
52441673
0.3
161752795
52441673
0.3
158854269
52441673
0.3
158267481
52441673
0.3
160836485
52441673
0.3
159282287
52441673
0.3
159197011
52441673
0.3
157361715
52441673
0.3
159938798
52441673
0.3
161128131
52441673
0.3
161899877
52441673
0.3
158401172
52441673
0.3
158931638
52441673
0.3
159471911
52441673
0.3
160665612
52441673
0.3
161539425
52441673
0.3
159355820
52441673
0.3
161161171
52441673
0.3
158657153
52441673
0.3
162177434
52441673
0.3
161272780
52441673
0.3
159949357
52441673
0.3
160741314
52441673
0.3
161534277
52441673
0.3
167018323
52442561
0.3
158502324
52441673
0.3
161656442
52441673
0.3
161318544
52441673
0.3
160206415
52441673
0.3
160421105
52441673
0.3
160321801
52441673
0.3
160952151
52441673
0.3
160982764
52441673
0.3
160293299
52441673
0.3
160386125
52441673
0.3
160343789
52441673
0.3
158548748
52441673
0.3
162211236
52441673
0.3
161513241
52441673
0.3
160543922
52441673
0.3
158101659
52441673
0.3
160035721
52441673
0.3
161915682
52441673
0.3
159234661
52441673
0.3
158694051
52441673
0.3
162104425
52441673
0.3
157776775
52441673
0.3
160446429
52441673
0.3
159909644
52441673
0.3
159615451
52441673
0.3
160401880
52441673
0.3
161375125
52441673
0.3
161299574
52441673
0.3
158917731
52441673
0.3
159906325
52441673
0.3
159563459
52441673
0.3
161351311
52441673
0.3
161501200
52441673
0.3
160139706
52441673
0.3
160054330
52441673
0.3
158948154
52441673
0.3
161741036
52441673
0.3
159421507
52441673
0.3
161658487
52441673
0.3
159446768
52441673
0.3
161181172
52441673
0.3
158166456
52441673
0.3
161769256
52441673
0.3
159792885
52441673
0.3
160870348
52441673
0.3
159261221
52441673
0.3
159027707
52441673
0.3
161072996
52441673
0.3
162018988
52441673
0.3
159372508
52441673
0.3
160262788
52441673
0.3
161001438
52441673
0.3
160379450
52441673
0.3
159159141
52441673
0.3
159089860
52441673
0.3
159756073
52441673
0.3
159562762
52441673
0.3
159950042
52441673
0.3
159717445
52441673
0.3
159409845
52441673
0.3
161296796
52441673
0.3
159998069
52441673
0.3
159268229
52441673
0.3
158989623
52441673
0.3
159442307
52441673
0.3
161639041
52441673
0.3
160602824
52441673
0.3
160865706
52441673
0.3
160735018
52441673
0.3
160191283
52441673
0.3
157587476
52441673
0.3
159304663
52441673
0.3
161406293
52441673
0.3
160175590
52441673
0.3
159230002
52441673
0.3
160821580
52441673
0.3
158707794
52441673
0.3
158498559
52441673
0.3
160409459
52441673
0.3
160410825
52441673
0.3
158245020
52441673
0.3
159144241
52441673
0.3
162289090
52441673
0.3
159737744
52441673
0.3
159647037
52441673
0.3
158283898
52441673
0.3
159786469
52441673
0.3
160689391
52441673
0.3
157066302
52441673
0.3
161441853
52441673
0.3
160566744
52441673
0.3
161555861
52441673
0.3
159477465
52441673
0.3
159777425
52441673
0.3
161116172
52441673
0.3
157159580
52441673
0.3
160239181
52441673
0.3
159558973
52441673
0.3
158776089
52441673
0.3
161473071
52441673
0.3
159601393
52441673
0.3
157885473
52441673
0.3
160379531
52441673
0.3
160755599
52441673
0.3
160284010
52441673
0.3
160991320
52441673
0.3
160541704
52441673
0.3
160342309
52441673
0.3
161573984
52441673
0.3
157814269
52441673
0.3
162285644
52441673
0.3
160409682
52441673
0.3
160494760
52441673
0.3
160636235
52441673
0.3
159260592
52441673
0.3
161625318
52441673
0.3
159919589
52441673
0.3
160038781
52441673
0.3
158876835
52441673
0.3
160127070
52441673
0.3
161744105
52441673
0.3
159992677
52441673
0.3
160629871
52441673
0.3
161368514
52441673
0.3
160811133
52441673
0.3
160517450
52441673
0.3
160346814
52441673
0.3
160123997
52441673
0.3
160820504
52441673
0.3
161040736
52441673
0.3
159613537
52441673
0.3
159349578
52441673
0.3
157202926
52441673
0.3
159331019
52441673
0.3
161108764
52441673
0.3
158150614
52441673
0.3
162604093
52441673
0.3
160477446
52441673
0.3
162966237
52442225
0.3
160516431
52441673
0.3
158439199
52441673
0.3
160393154
52441673
0.3
159481231
52441673
0.3
159836297
52441673
0.3
159393348
52441673
0.3
161421317
52441673
0.3
159896359
52441673
0.3
161096806
52441673
0.3
161287373
52441673
0.3
157089681
52441673
0.3
160896663
52441673
0.3
160118557
52441673
0.3
162174276
52441673
0.3
160885799
52441673
0.3
159622302
52441673
0.3
160410988
52441673
0.3
158662335
52441673
0.3
160057378
52441673
0.3
159868681
52441673
0.3
158467573
52441673
0.3
160232873
52441673
0.3
159625893
52441673
0.3
159549031
52441673
0.3
159227710
52441673
0.3
161464878
52441673
0.3
160617032
52441673
0.3
160923377
52441673
0.3
159842654
52441673
0.3
161626683
52441673
0.3
161853731
52441673
0.3
160683487
52441673
0.3
161431448
52441673
0.3
160785494
52441673
0.3
161193839
52441673
0.3
155579143
52441673
0.3
158367831
52441673
0.3
158973944
52441673
0.3
158722352
52441673
0.3
161821383
52441673
0.3
159760517
52441673
0.3
159112674
52441753
0.3
160245843
52441673
0.3
160013658
52441673
0.3
157559779
52441673
0.3
160404220
52441673
0.3
161525074
52441673
0.3
155002048
52441673
0.3
161285731
52441673
0.3
160621855
52441673
0.3
160000968
52441673
0.3
160704581
52441673
0.3
161407351
52441673
0.3
154553637
52441673
0.3
161137397
52441673
0.3
160079018
52441673
0.3
161133518
52441673
0.3
161604215
52441673
0.3
160194648
52441673
0.3
160141319
52441673
0.3
159757839
52441673
0.3
160279825
52441673
0.3
156871685
52441673
0.3
161140755
52441673
0.3
159901701
52441673
0.3
160161545
52441673
0.3
160309706
52441673
0.3
160803593
52441673
0.3
161683375
52441673
0.3
158201810
52441673
0.3
162643433
52441673
0.3
159216304
52441673
0.3
160589757
52441673
0.3
159329290
52441673
0.3
161434056
52441673
0.3
158452530
52441673
0.3
160260769
52441673
0.3
161475285
52441673
0.3
159977818
52441673
0.3
157944893
52441673
0.3
158809522
52441673
0.3
161206708
52441673
0.3
159781894
52441673
0.3
161206569
52441673
0.3
159790782
52441673
0.3
162096254
52441673
0.3
157083423
52441673
0.3
159905042
52441673
0.3
161083959
52441673
0.3
160992831
52441673
0.3
161270389
52441673
0.3
160840155
52441673
0.3
158944148
52441673
0.3
161663393
52441673
0.3
158778760
52441673
0.3
158002843
52441673
0.3
161003070
52441673
0.3
160985581
52441673
0.3
159695359
52441673
0.3
160664619
52441673
0.3
157147265
52441673
0.3
160048758
52441673
0.3
160869733
52441673
0.3
158763066
52441673
0.3
159759079
52441673
0.3
160241052
52441673
0.3
159214684
52441673
0.3
161784983
52441673
0.3
158079199
52441673
0.3
159634048
52441673
0.3
160843765
52441673
0.3
160902010
52441673
0.3
161223651
52441673
0.3
161134779
52441673
0.3
161011827
52441673
0.3
157999187
52441673
0.3
162148524
52441673
0.3
161373426
52441673
0.3
159218169
52441673
0.3
159533979
52441673
0.3
157515903
52441673
0.3
160695812
52441673
0.3
161098285
52441673
0.3
160134918
52441673
0.3
158784223
52441673
0.3
158894552
52441721
0.3
161509846
52441673
0.3
159823507
52441673
0.3
162526721
52441673
0.3
161642954
52441673
0.3
160042606
52441673
0.3
161301977
52441673
0.3
158038986
52441673
0.3
159564643
52441673
0.3
158696778
52441673
0.3
161606384
52441673
0.3
159375103
52441673
0.3
158396291
52441673
0.3
158305819
52441673
0.3
159154896
52441673
0.3
161881773
52441673
0.3
160644538
52441673
0.3
158225152
52441673
0.3
160271123
52441673
0.3
161779328
52441673
0.3
159454254
52441673
0.3
159178680
52441753
0.3
160832758
52441673
0.3
161091162
52441673
0.3
158868023
52441673
0.3
160101201
52441673
0.3
162173216
52441673
0.3
161276934
52441673
0.3
159568181
52441673
0.3
161902775
52441673
0.3
159981376
52441673
0.3
160239980
52441673
0.3
159803051
52441673
0.3
160979025
52441673
0.3
161407122
52441673
0.3
161227642
52441673
0.3
161767808
52441673
0.3
160225352
52441673
0.3
160058846
52441673
0.3
158745513
52441673
0.3
156943638
52441673
0.3
159455865
52441673
0.3
160745209
52441673
0.3
160047847
52441673
0.3
160708665
52441673
0.3
159035352
52441673
0.3
159116389
52441673
0.3
159613891
52441673
0.3
159532498
52441673
0.3
160668033
52441673
0.3
160395154
52441673
0.3
161719322
52441673
0.3
160408323
52441673
0.3
160263727
52441673
0.3
160734805
52441673
0.3
161559409
52441673
0.3
160912936
52441673
0.3
158045623
52441673
0.3
161904347
52441673
0.3
160895188
52441673
0.3
159940274
52441673
0.3
160519742
52441673
0.3
160934056
52441673
0.3
160590131
52441673
0.3
161047785
52441673
0.3
160627832
52441673
0.3
160376321
52441673
0.3
160838874
52441673
0.3
160291081
52441673
0.3
160345226
52441673
0.3
160120502
52441673
0.3
160934038
52441673
0.3
161036707
52441673
0.3
161235316
52441673
0.3
160781720
52441673
0.3
161442410
52441673
0.3
161357494
52441673
0.3
160978238
52441673
0.3
160152109
52441673
0.3
159647468
52441673
0.3
160484331
52441673
0.3
154145621
52441673
0.3
158391887
52441673
0.3
160002724
52441673
0.3
161267103
52441673
0.3
160645950
52441673
0.3
160262801
52441673
0.3
161032054
52441673
0.3
162531465
52441673
0.3
159174040
52441673
0.3
160283375
52441673
0.3
158002509
52441673
0.3
160779372
52441673
0.3
161556020
52441673
0.3
161133129
52441673
0.3
161337619
52441673
0.3
159304124
52441673
0.3
161406534
52441673
0.3
161167347
52441673
0.3
157930907
52441673
0.3
156883182
52441673
0.3
161700233
52441673
0.3
158104226
52441673
0.3
160818117
52441673
0.3
158480999
52441673
0.3
160610442
52441673
0.3
160895483
52441673
0.3
160313379
52441673
0.3
160443827
52441673
0.3
160028142
52441673
0.3
161452400
52441673
0.3
159154972
52441673
0.3
160920823
52441673
0.3
157085427
52441673
0.3
159107163
52441673
0.4
159088439
52441673
0.3
161051576
52441673
0.3
161047842
52441673
0.3
156667268
52441673
0.3
158554824
52441673
0.3
160517985
52441673
0.3
160675264
52441673
0.3
159938436
52441673
0.3
159690624
52441673
0.3
161183288
52441673
0.3
156562453
52441673
0.3
161059578
52441673
0.3
161522980
52441673
0.3
160631297
52441673
0.3
160678698
52441673
0.3
159387923
52441721
0.3
160980581
52441673
0.3
156715729
52441673
0.3
161174757
52441673
0.3
161115008
52441673
0.3
161115739
52441673
0.3
161907011
52441673
0.3
159657695
52441673
0.3
162247764
52441673
0.3
160648554
52441673
0.3
161310739
52441673
0.3
161046187
52441673
0.3
159125066
52441673
0.3
159197669
52441841
0.3
160334983
52441673
0.3
160501351
52441673
0.3
161241674
52441673
0.3
158154135
52441673
0.3
160157923
52441673
0.3
160759487
52441673
0.3
160843980
52441673
0.3
160774747
52441673
0.3
159670137
52441673
0.3
160015666
52441673
0.3
154041907
52441777
0.3
161422472
52441673
0.3
160761818
52441673
0.3
159202704
52441673
0.3
161063467
52441673
0.3
161074389
52441673
0.3
161697880
52441673
0.3
160144273
52441673
0.3
161305311
52441673
0.3
157904414
52441673
0.3
161348572
52441673
0.3
160776965
52441673
0.3
160999631
52441673
0.3
160304606
52441673
0.3
160046407
52441673
0.3
161612896
52441673
0.3
161740812
52441673
0.3
160322641
52441673
0.3
159768445
52441673
0.3
160880770
52441673
0.3
159664114
52441673
0.3
156922576
52441673
0.3
161141797
52441673
0.3
159954068
52441673
0.3
159749485
52441673
0.3
161526195
52441673
0.3
160573253
52441673
0.3
161450677
52441673
0.3
159152272
52441673
0.3
159544994
52441673
0.3
158339598
52441697
0.3
160801367
52441673
0.3
160797383
52441673
0.3
161901174
52441673
0.3
161599785
52441673
0.3
160947136
52441673
0.3
160350017
52441673
0.3
158933880
52441673
0.3
161251074
52441673
0.3
162118768
52441673
0.3
160768287
52441673
0.3
161191449
52441673
0.3
156789857
52441673
0.3
160525886
52441673
0.3
160645663
52441673
0.3
160155665
52441673
0.3
160585368
52441673
0.3
161835672
52441673
0.5
160954819
52441673
0.3
159512421
52441673
0.3
161627477
52441673
0.3
161147771
52441673
0.3
160548660
52441673
0.3
161134232
52441673
0.3
159406875
52441673
0.3
159669256
52441673
0.3
162140702
52441673
0.3
161862909
52441673
0.3
159997491
52441673
0.3
159980911
52441673
0.3
159859987
52441673
0.3
161080068
52441673
0.3
161144127
52441673
0.3
161128260
52441673
0.3
160792733
52441673
0.3
160509400
52441673
0.3
156456979
52441785
0.3
161511257
52441673
0.3
161103007
52441673
0.3
160724218
52441673
0.3
160032204
52441673
0.3
160767661
52441673
0.3
157243578
52441673
0.3
160202802
52441673
0.3
159989806
52441673
0.3
160409561
52441673
0.3
160735630
52441673
0.3
162327411
52441673
0.3
158877091
52441673
0.3
160301643
52441673
0.3
160140985
52441673
0.3
161066164
52441673
0.3
161224297
52441673
0.3
159522030
52441673
0.3
160343521
52441673
0.3
159835261
52441673
0.3
162044942
52441673
0.3
160464122
52441673
0.3
161211702
52441673
0.3
161335742
52441673
0.3
158652270
52441673
0.3
157329804
52441673
0.3
157681566
52441673
0.3
161874410
52441673
0.3
159931012
52441673
0.3
161188217
52441673
0.3
161068364
52441673
0.3
161445474
52441673
0.3
160963232
52441673
0.3
161551693
52441673
0.3
160791124
52441673
0.3
158814232
52441673
0.3
161123440
52441673
0.3
158476857
52441673
0.3
161646346
52441673
0.3
157689302
52441673
0.3
160996817
52441673
0.3
161326483
52441673
0.3
160740338
52441673
0.3
159807273
52441673
0.3
161128552
52441673
0.3
157188214
52441753
0.3
159773850
52441673
0.3
160091849
52441673
0.3
161449496
52441673
0.3
161433570
52441673
0.3
159531836
52441673
0.3
159746302
52441673
0.3
156668091
52441673
0.3
161553068
52441673
0.3
160612277
52441673
0.3
161851277
52441673
0.3
161144295
52441673
0.3
160763329
52441673
0.3
160555810
52441673
0.3
160605129
52441673
0.3
160028398
52441673
0.3
159640752
52441673
0.3
160038071
52441673
0.3
161164945
52441673
0.3
161881874
52441673
0.3
161712436
52441673
0.3
160770686
52441673
0.3
161081784
52441673
0.3
161562715
52441673
0.3
158655627
52441673
0.3
161377449
52441673
0.3
161633842
52441673
0.3
161208825
52441673
0.3
160276733
52441673
0.3
161427320
52441673
0.3
156818966
52441673
0.3
162065509
52441673
0.3
160828365
52441673
0.3
159970694
52441673
0.3
160652150
52441673
0.3
161499605
52441673
0.3
160749685
52441673
0.3
161570169
52441673
0.3
159016022
52441673
0.3
161552090
52441673
0.3
161049463
52441673
0.3
162123975
52441673
0.3
159179638
52441673
0.3
162179982
52441673
0.3
158302210
52441761
0.3
160717561
52441673
0.3
159250325
52441673
0.3
159847681
52441673
0.3
159782057
52441673
0.3
161378769
52441673
0.3
160542685
52441673
0.3
160489148
52441673
0.3
159859715
52441673
0.3
161611816
52441673
0.3
161223596
52441673
0.3
161513658
52441673
0.3
160270324
52441673
0.3
160997464
52441673
0.3
156894389
52441673
0.3
159826081
52441673
0.3
160887330
52441673
0.3
169178311
52443617
0.3
160416827
52441673
0.3
160761533
52441673
0.3
162429887
52441673
0.3
161451339
52441673
0.3
159021880
52441713
0.3
157277072
52441681
0.3
161467529
52441673
0.3
161452688
52441673
0.3
162032274
52441673
0.3
160680357
52441673
0.3
159695713
52441673
0.3
160460616
52441673
0.3
160118260
52441673
0.3
159164669
52441673
0.3
161976866
52441673
0.3
161047562
52441673
0.3
157301109
52441673
0.3
160245475
52441673
0.3
159562804
52441673
0.3
155172173
52441673
0.3
161669140
52441673
0.3
156567311
52441673
0.3
155730207
52441673
0.3
160343141
52441673
0.3
160953940
52441673
0.3
161237695
52441673
0.3
161485898
52441673
0.3
161136117
52441673
0.3
160480696
52441673
0.3
160643007
52441673
0.3
161716472
52441673
0.3
161033239
52441673
0.3
160485135
52441673
0.3
159510860
52441673
0.3
159748803
52441673
0.3
161102995
52441673
0.3
160325286
52441673
0.3
161099973
52441673
0.3
160429070
52441673
0.3
161501155
52441673
0.3
159952083
52441673
0.3
160167463
52441673
0.3
159689980
52441673
0.3
159559931
52441673
0.3
156579029
52441673
0.3
161003766
52441673
0.3
161184686
52441673
0.3
157436721
52441673
0.3
160579448
52441673
0.3
162500004
52441673
0.3
160137464
52441673
0.3
161526702
52441673
0.3
158389372
52441673
0.3
161109571
52441673
0.3
160459173
52441673
0.3
160927284
52441673
0.3
159979391
52441673
0.3
161765459
52441673
0.3
160585124
52441673
0.3
160859506
52441673
0.3
157630855
52441673
0.3
160752699
52441673
0.3
161325772
52441673
0.3
159556404
52441673
0.3
160658955
52441673
0.3
159993659
52441673
0.3
158294617
52441673
0.3
158718088
52441673
0.3
169498767
52444081
0.3
158868704
52441673
0.3
159909362
52441673
0.3
159420413
52441673
0.3
161623915
52441673
0.3
160416867
52441673
0.3
160373828
52441673
0.3
161196280
52441673
0.3
160823769
52441673
0.3
160673697
52441673
0.3
160798799
52441673
0.3
160757581
52441673
0.3
160872263
52441673
0.3
160489533
52441673
0.3
157252689
52441673
0.3
160300167
52441673
0.3
162221467
52441673
0.3
159668932
52441673
0.3
160225153
52441673
0.3
160561314
52441673
0.3
160003491
52441673
0.3
160758503
52441673
0.3
159926230
52441673
0.3
160820862
52441673
0.3
160744749
52441673
0.3
161130553
52441673
0.3
158195656
52441673
0.3
160063286
52441673
0.3
158638240
52441673
0.3
161808170
52441673
0.3
159682590
52441673
0.3
160683906
52441673
0.3
161249865
52441673
0.3
161096665
52441673
0.3
160889066
52441673
0.3
160808412
52441673
0.3
158930785
52441673
0.3
160622884
52441673
0.3
160536208
52441673
0.3
159898978
52441673
0.3
155676630
52441673
0.3
161966640
52441673
0.3
161913478
52441673
0.3
161645363
52441673
0.3
157814572
52441673
0.3
162004801
52441673
0.3
160334188
52441673
0.3
159091426
52441673
0.3
161428656
52441673
0.3
161599168
52441673
0.3
160440724
52441673
0.3
157848847
52441673
0.3
160713186
52441673
0.3
161073967
52441673
0.3
161563235
52441673
0.3
159687398
52441673
0.3
161129808
52441673
0.3
159138273
52441673
0.3
159649175
52441673
0.3
161640443
52441673
0.3
159098003
52441673
0.3
159224613
52441673
0.3
159070177
52441673
0.3
160523842
52441673
0.3
159547835
52441673
0.3
160439909
52441673
0.3
160318171
52441673
0.3
160297778
52441673
0.3
157920829
52441673
0.3
161308467
52441673
0.3
159821731
52441673
0.3
160532838
52441673
0.3
158066809
52441673
0.3
156651309
52441673
0.3
158844847
52441673
0.3
160014257
52441673
0.3
161745554
52441673
0.3
157747009
52441673
0.3
161334115
52441673
0.3
160956442
52441673
0.3
159563925
52441673
0.3
161123963
52441673
0.3
159713885
52441673
0.3
159794014
52441673
0.3
157148430
52441673
0.3
157254041
52441673
0.3
159267504
52441673
0.3
160888237
52441673
0.3
161071829
52441673
0.3
154586937
52441681
0.3
161291085
52441673
0.3
159872665
52441673
0.3
160942580
52441673
0.3
157571439
52441673
0.3
159720008
52441673
0.3
161417274
52441673
0.3
159862256
52441673
0.3
159209562
52441673
0.3
161324819
52441673
0.3
160830891
52441673
0.3
159826210
52441673
0.3
160749568
52441673
0.3
161219598
52441673
0.3
160905147
52441673
0.3
160146120
52441673
0.3
161958218
52441673
0.3
160795460
52441673
0.3
158965218
52441673
0.3
160939650
52441673
0.3
159703693
52441673
0.3
160567365
52441673
0.3
159613267
52441673
0.3
161651801
52441673
0.3
160573997
52441673
0.3
160944767
52441673
0.3
158556636
52441673
0.3
161598438
52441673
0.3
161771470
52441673
0.3
161332480
52441673
0.3
161543750
52441673
0.3
160873520
52441673
0.3
158701791
52441673
0.3
160926591
52441673
0.3
158899319
52441673
0.3
161424090
52441673
0.3
159949427
52441673
0.3
156988119
52441673
0.3
160460448
52441673
0.3
158008632
52441673
0.3
161559802
52441673
0.3
161437060
52441673
0.3
161108912
52441673
0.3
161579915
52441673
0.3
159838547
52441673
0.3
157736461
52441673
0.3
157949991
52441673
0.3
160514026
52441673
0.3
155860521
52441673
0.3
159300736
52441673
0.3
160870028
52441673
0.3
156416800
52441673
0.3
161630284
52441673
0.3
155752917
52441673
0.3
160351642
52441673
0.3
161433027
52441673
0.3
160831063
52441673
0.3
161277280
52441673
0.3
160860714
52441673
0.3
160948524
52441673
0.3
160307777
52441673
0.3
160921094
52441673
0.3
159514983
52441673
0.3
158659531
52441673
0.3
161096231
52441673
0.3
160216991
52441673
0.3
158704535
52441673
0.3
161649331
52441673
0.3
158914491
52441673
0.3
160111861
52441673
0.3
156803657
52441673
0.3
160442862
52441673
0.3
160976304
52441673
0.3
160033452
52441673
0.3
162273566
52441673
0.3
161367476
52441673
0.3
161012748
52441673
0.3
161570626
52441673
0.3
161785715
52441673
0.3
161048044
52441673
0.3
160460352
52441673
0.3
161390626
52441673
0.3
156363115
52442057
0.3
161018947
52441673
0.3
160408332
52441673
0.3
159793662
52441673
0.3
160327803
52441673
0.3
159119354
52441673
0.3
160411506
52441673
0.3
157845162
52441673
0.3
161089686
52441673
0.3
161215511
52441673
0.3
159741501
52441673
0.3
161174558
52441673
0.3
159895048
52441673
0.3
158682467
52441673
0.3
159364064
52441673
0.3
161393151
52441673
0.3
159852269
52441673
0.3
158520289
52441721
0.3
158816195
52441817
0.3
156534661
52441673
0.3
158428242
52441673
0.3
159477300
52441673
0.3
160774689
52441673
0.3
161818845
52441673
0.3
160471769
52441673
0.3
158510840
52441673
0.3
161753288
52441673
0.3
160623539
52441673
0.3
161290575
52441673
0.3
161009701
52441673
0.3
159323195
52441673
0.3
159688138
52441673
0.3
160278384
52441673
0.3
159993266
52441673
0.3
160708516
52441673
0.3
156586229
52441673
0.3
159410893
52441673
0.3
161000440
52441673
0.3
161005460
52441673
0.3
159885491
52441673
0.3
161159664
52441673
0.3
160536214
52441673
0.3
158373904
52441673
0.3
159546572
52441673
0.3
159598458
52441673
0.3
155359007
52441673
0.3
161247959
52441673
0.3
161178841
52441673
0.3
161087448
52441673
0.3
155163043
52441673
0.3
160722384
52441673
0.3
160060338
52441673
0.3
160010673
52441673
0.3
161218467
52441673
0.3
161709056
52441673
0.3
156686370
52441673
0.3
161025813
52441673
0.3
160845776
52441673
0.3
160328707
52441673
0.3
160130759
52441673
0.3
161622975
52441673
0.3
160837085
52441673
0.3
161571684
52441673
0.3
159591332
52441673
0.3
160798747
52441673
0.3
160454531
52441673
0.3
161033765
52441673
0.3
161023286
52441673
0.3
161679279
52441673
0.3
160890789
52441673
0.3
156917566
52441673
0.3
160261371
52442105
