aes128-ctr+hmac-ripemd160
1000
08/28/18
0.4
95083412
52446737
0.4
58539592
52453017
0.4
59379260
52453017
0.4
64814648
52452697
0.4
88439700
52447913
0.4
95064240
52446793
0.4
57641980
52453113
0.4
57786856
52453033
0.4
90774260
52447801
0.4
58533500
52453113
0.4
59014044
52453025
0.4
58107708
52453129
0.4
59172304
52453041
0.4
57850796
52453081
0.4
58912488
52453009
0.4
63344560
52451881
0.4
66631640
52451625
0.4
58582232
52453105
0.4
90182792
52447641
0.4
57540712
52453169
0.4
95524872
52446713
0.4
91042480
52447713
0.4
58663156
52453033
0.4
93608216
52446905
0.4
78980888
52449953
0.4
87982536
52447961
0.4
57842424
52453169
0.4
57574980
52453121
0.4
58606792
52452865
0.4
61982660
52453217
0.4
58899092
52453145
0.4
58440512
52453033
0.4
97199164
52446945
0.4
59557232
52453057
0.4
57746072
52453129
0.4
58458796
52453073
0.4
96217668
52446609
0.4
59154920
52453009
0.4
57631256
52453121
0.4
58225572
52453097
0.4
58066508
52453057
0.4
58035360
52453153
0.4
71094076
52451081
0.4
93704872
52447329
0.4
93523080
52447401
0.4
83916228
52450097
0.4
58352368
52453145
0.4
89426380
52447945
0.4
96927632
52448545
0.4
57866792
52453065
0.4
93725264
52447209
0.4
58405836
52453129
0.4
60809508
52453097
0.4
92006264
52447201
0.4
58001116
52453025
0.4
96818292
52446761
0.4
57430428
52453081
0.4
57874936
52453137
0.4
95205792
52448233
0.4
58801980
52452985
0.4
58776680
52453033
0.4
58014780
52453081
0.4
58936712
52453105
0.4
57296736
52453121
0.4
58561780
52452985
0.4
57872544
52453041
0.4
92913452
52447265
0.4
69565312
52451601
0.4
94612764
52447009
0.4
65421856
52451641
0.4
110192956
52444449
0.4
58343384
52453009
0.4
93232468
52447169
0.4
92565312
52447513
0.4
90984800
52447553
0.4
90630772
52447377
0.4
57637624
52453105
0.4
58650604
52452929
0.4
71566760
52451113
0.4
84077156
52448945
0.4
119142904
52446481
0.4
108714108
52444193
0.4
89195820
52448345
0.4
62118084
52452353
0.4
57265084
52453209
0.4
95756904
52446609
0.4
59412972
52453217
0.4
61504332
52453113
0.4
97183676
52446785
0.4
58076612
52453089
0.4
89377364
52449393
0.4
57232764
52453113
0.4
65745824
52451377
0.4
90271072
52447265
0.4
98054584
52446825
0.4
58383832
52453129
0.4
58966660
52453065
0.4
92813520
52447401
0.4
58975764
52453089
0.4
58404996
52453097
0.4
58103004
52453161
0.4
58378456
52453049
0.4
78862028
52450769
0.4
58341580
52453073
0.4
58447804
52453057
0.4
95371760
52447057
0.4
95150500
52447449
0.4
65869040
52451641
0.4
57919064
52453065
0.4
59866448
52452953
0.4
97070400
52446401
0.4
95891144
52446729
0.4
95558144
52448641
0.4
65168412
52452993
0.4
70855228
52451577
0.4
58442724
52453153
0.4
58125500
52453129
0.4
88007900
52448897
0.4
115450016
52443537
0.4
98677252
52446441
0.4
80754068
52449633
0.4
89996528
52447913
0.4
99631952
52446017
0.4
58430512
52453097
0.4
59118660
52453041
0.4
84740212
52448993
0.4
58508996
52453033
0.4
79784360
52449777
0.4
95831184
52449385
0.4
58360140
52453105
0.4
57875336
52453065
0.4
58298420
52453073
0.4
58603580
52453105
0.4
57909612
52453177
0.4
87202016
52448201
0.4
84292288
52448825
0.4
66576508
52452641
0.4
58741676
52452977
0.4
58346676
52453145
0.4
58386588
52453089
0.4
95822096
52447353
0.4
115973252
52445225
0.4
58574904
52453033
0.4
58528656
52453129
0.4
58510768
52453033
0.4
57918328
52453009
0.4
58913764
52453113
0.4
89354200
52447513
0.4
58987144
52453065
0.4
58139212
52453065
0.4
58678312
52452913
0.4
59027208
52453033
0.4
58025432
52453073
0.4
102548140
52448849
0.4
57680348
52453033
0.4
58531280
52453073
0.4
94677228
52446865
0.4
95601728
52447561
0.4
57412212
52453049
0.4
57629680
52453121
0.4
63481640
52452065
0.4
85695928
52449361
0.4
59777600
52452953
0.4
95913752
52446633
0.4
58237704
52453097
0.4
58208528
52453089
0.4
124423744
52442705
0.4
65238760
52451969
0.4
90205016
52447425
0.4
95343260
52446769
0.4
58856132
52453105
0.4
57919764
52453073
0.4
88025984
52448593
0.4
61430720
52452745
0.4
90996920
52447929
0.4
58106540
52453137
0.4
58143840
52453009
0.4
101864876
52444593
0.4
61422272
52453121
0.4
96175360
52446297
0.4
74132988
52451001
0.4
58193304
52453065
0.4
58235796
52453145
0.4
98102892
52446585
0.4
59092072
52453017
0.4
60917404
52453057
0.4
92192220
52447377
0.4
58713900
52453033
0.4
58351108
52453153
0.4
83684868
52449705
0.4
88828240
52449753
0.4
57643624
52453233
0.4
77669056
52450105
0.4
59114652
52452985
0.4
111058608
52447185
0.4
99419640
52446329
0.4
88883604
52448209
0.4
78844424
52450761
0.4
72247340
52451281
0.4
93056448
52447377
0.4
58837824
52453121
0.4
58517260
52453073
0.4
58598300
52453025
0.4
71567916
52449113
0.4
91833300
52447329
0.4
58159212
52453057
0.4
59143460
52453017
0.4
57812276
52453145
0.4
76252924
52451313
0.4
67526920
52451305
0.4
58535424
52452985
0.4
59347084
52452985
0.4
58621508
52453081
0.4
75735376
52450577
0.4
76882364
52450049
0.4
98744192
52446801
0.4
58125336
52452857
0.4
114146172
52443617
0.4
58309984
52453065
0.4
58440292
52453129
0.4
89378736
52447297
0.4
60138144
52452873
0.4
58784080
52453041
0.4
95902184
52447161
0.4
60296688
52452937
0.4
58312508
52453057
0.4
59092644
52453121
0.4
58091336
52453105
0.4
86051204
52449985
0.4
58322268
52453001
0.4
58229316
52453129
0.4
94566436
52447217
0.4
58351128
52453145
0.4
59466644
52452905
0.4
58238004
52453081
0.4
113196624
52445497
0.4
106548164
52447625
0.4
82789404
52450425
0.4
59040876
52452857
0.4
57711948
52453057
0.4
96089104
52446457
0.4
58597908
52452993
0.4
58144564
52453257
0.4
87199432
52448313
0.4
98055736
52446689
0.4
58150820
52453025
0.4
58027776
52453089
0.4
58032528
52453105
0.4
88704816
52448225
0.4
78950620
52450553
0.4
109236992
52444449
0.4
59163556
52452945
0.4
58395196
52453001
0.4
94541952
52447337
0.4
59018928
52453009
0.4
57939464
52453153
0.4
58194588
52453097
0.4
59428068
52452857
0.4
66522200
52452433
0.4
57967868
52453129
0.4
58379116
52452977
0.4
86265744
52448377
0.4
112775548
52443777
0.4
96142056
52447545
0.4
70644044
52451945
0.4
86708688
52447577
0.4
57630984
52453049
0.4
63213932
52452553
0.4
64871012
52451473
0.4
58083404
52453209
0.4
116215640
52442769
0.4
83756396
52448481
0.4
58966420
52452913
0.4
63976832
52451641
0.4
58354832
52452985
0.4
107270684
52445729
0.4
59027420
52452993
0.4
83142428
52449337
0.4
58067968
52453041
0.4
58584836
52452953
0.4
58876268
52452953
0.4
94127864
52448537
0.4
119014784
52442305
0.4
70302180
52451849
0.4
90292552
52448777
0.4
108972952
52444161
0.4
58146068
52453073
0.4
86041052
52448865
0.4
60085872
52452873
0.4
58561948
52453129
0.4
67080980
52452337
0.4
87625668
52448713
0.4
96876244
52446137
0.4
57648932
52453129
0.4
58334532
52453129
0.4
58333304
52453065
0.4
59079300
52453057
0.4
59365444
52453033
0.4
57959324
52453201
0.4
91029212
52447729
0.4
58370000
52453129
0.4
58136196
52453217
0.4
81035200
52449385
0.4
98326940
52446393
0.4
93029508
52447465
0.4
57944880
52453105
0.4
65312256
52453009
0.4
64597072
52452609
0.4
58048712
52453057
0.4
82482684
52449561
0.4
58700848
52453001
0.4
57552836
52453129
0.4
82802036
52449169
0.4
58547232
52453057
0.4
60588436
52452561
0.4
75988264
52451265
0.4
65673160
52452825
0.4
98745692
52446561
0.4
91352016
52447441
0.4
57546780
52453153
0.4
58849404
52452977
0.4
58606412
52453145
0.4
60209100
52452929
0.4
58561228
52453129
0.4
59403444
52453009
0.4
70570736
52451625
0.4
57482204
52453049
0.4
59884128
52453081
0.4
63953252
52453201
0.4
69874688
52451729
0.4
59705676
52452921
0.4
58249076
52453065
0.4
85997100
52448481
0.4
88402148
52448065
0.4
59300204
52453081
0.4
108050612
52445425
0.4
95442152
52446377
0.4
93009192
52447177
0.4
59508692
52452993
0.4
65768812
52451033
0.4
87230068
52448001
0.4
71884716
52451161
0.4
58717124
52453049
0.4
57987656
52453097
0.4
59101500
52452921
0.4
58377228
52453001
0.4
94964000
52447225
0.4
116062336
52444809
0.4
59332768
52453017
0.4
59400696
52452873
0.4
57672820
52453057
0.4
88796948
52447849
0.4
88232496
52448273
0.4
59077172
52453041
0.4
76117252
52450737
0.4
87849756
52449065
0.4
57551364
52453089
0.4
92128860
52448841
0.4
89602680
52447689
0.4
57938396
52453025
0.4
58902264
52453121
0.4
71898552
52451273
0.4
58576380
52453073
0.4
58421856
52452969
0.4
57501544
52453177
0.4
94982844
52446817
0.4
58849844
52453057
0.4
70354700
52451961
0.4
58626056
52453073
0.4
58666704
52453169
0.4
71882232
52451049
0.4
66778100
52452529
0.4
77551632
52449673
0.4
60019548
52453065
0.4
100985180
52446481
0.4
114547700
52443785
0.4
59240168
52453017
0.4
57947316
52453073
0.4
114858724
52443553
0.4
86403276
52448233
0.4
69308144
52451329
0.4
79166244
52449689
0.4
58381056
52453129
0.4
66887036
52452801
0.4
58702688
52453001
0.4
58414100
52453145
0.4
57975408
52453001
0.4
97786460
52447177
0.4
61505160
52453041
0.4
83995476
52449145
0.4
69618760
52451881
0.4
58284964
52453097
0.4
57795660
52453057
0.4
57998516
52453057
0.4
93885488
52446881
0.4
90222384
52447745
0.4
58030876
52453121
0.4
125558140
52442673
0.4
58219764
52452985
0.4
58182024
52453129
0.4
58451104
52453033
0.4
57639764
52453129
0.4
65766184
52452993
0.4
58424244
52453089
0.4
58018828
52453041
0.4
104064440
52446353
0.4
58219884
52453145
0.4
63201688
52453041
0.4
58332496
52453065
0.4
57959484
52453025
0.4
91907232
52447529
0.4
58474788
52453121
0.4
70482088
52451481
0.4
59125688
52452913
0.4
82003316
52449457
0.4
96199096
52446841
0.4
88253792
52447209
0.4
57752024
52453153
0.4
57996444
52453009
0.4
67670092
52452273
0.4
79051564
52449569
0.4
107450368
52445609
0.4
58282736
52453049
0.4
75135772
52451249
0.4
59381672
52453217
0.4
83120048
52449137
0.4
58131368
52453033
0.4
108933824
52447065
0.4
94160344
52447449
0.4
62080408
52452329
0.4
58772972
52453073
0.4
89715984
52447857
0.4
93800860
52446945
0.4
59458152
52453049
0.4
117296920
52443089
0.4
82845760
52450137
0.4
57527260
52453289
0.4
58357432
52453105
0.4
65471552
52451417
0.4
58601480
52453017
0.4
90350000
52447865
0.4
101796884
52446233
0.4
91120380
52447065
0.4
58094176
52453081
0.4
88827476
52447961
0.4
94823756
52446993
0.4
58619300
52453097
0.4
87583876
52447961
0.4
64384144
52452209
0.4
97654516
52447017
0.4
58691720
52453065
0.4
58571568
52453121
0.4
71334460
52450641
0.4
79403920
52450065
0.4
91987328
52447841
0.4
58223948
52453129
0.4
58173984
52453057
0.4
58884700
52453017
0.4
84547140
52449937
0.4
58439572
52453105
0.4
57145032
52453153
0.4
87555104
52448601
0.4
58304100
52453097
0.4
58868380
52452993
0.4
58005672
52453177
0.4
64160860
52451393
0.4
58666876
52452985
0.4
58683324
52453073
0.4
62318868
52452529
0.4
58099884
52453097
0.4
58787516
52453177
0.4
118919524
52442297
0.4
58850900
52453073
0.4
59174860
52452993
0.4
57806384
52453113
0.4
58067332
52453057
0.4
80464980
52450881
0.4
59382352
52453081
0.4
117054316
52443889
0.4
57554608
52453121
0.4
59099004
52453033
0.4
58557068
52453057
0.4
58478448
52453089
0.4
111352060
52444561
0.4
58353172
52453065
0.4
57876952
52453033
0.4
70504532
52451641
0.4
58125796
52453145
0.4
59001028
52452921
0.4
58391668
52453097
0.4
57704724
52453177
0.4
58616588
52453169
0.4
59034572
52453041
0.4
58289032
52453105
0.4
99466568
52445969
0.4
109691764
52443105
0.4
58298688
52453065
0.4
66318124
52451377
0.4
94975628
52447769
0.4
57628380
52453081
0.4
57952312
52453097
0.4
58545604
52453001
0.4
88262860
52448097
0.4
58420748
52453121
0.4
78780892
52450913
0.4
57423936
52453209
0.4
59015404
52452889
0.4
58031340
52453121
0.4
103055404
52446929
0.4
58872716
52453009
0.4
94870152
52446873
0.4
58043764
52453177
0.4
58957220
52453025
0.4
59066836
52453089
0.4
99166308
52447505
0.4
96890656
52446641
0.4
73989124
52451705
0.4
58473380
52453033
0.4
58398876
52453073
0.4
66902652
52451529
0.4
90798060
52448241
0.4
58546816
52453153
0.4
58798528
52453065
0.4
57693236
52453113
0.4
57964584
52453097
0.4
58931860
52453049
0.4
58231160
52453145
0.4
58000856
52453097
0.4
58277892
52453105
0.4
60286312
52452913
0.4
68214572
52452153
0.4
88389924
52448073
0.4
58282576
52453081
0.4
59307572
52453009
0.4
93299260
52448273
0.4
109963988
52444009
0.4
95678372
52446313
0.4
59267468
52453025
0.4
89651272
52447777
0.4
117378264
52442441
0.4
66470040
52453073
0.4
96806532
52446625
0.4
109060924
52444849
0.4
97135620
52446337
0.4
63575640
52452393
0.4
57508288
52453081
0.4
58471244
52453105
0.4
60050680
52452897
0.4
58773116
52453105
0.4
58900868
52452985
0.4
102946388
52449049
0.4
58900416
52453065
0.4
58210760
52453097
0.4
86546544
52448553
0.4
62798784
52452297
0.4
66182964
52452697
0.4
57966464
52453049
0.4
93420528
52447169
0.4
94237804
52447081
0.4
96129932
52446473
0.4
89945692
52447713
0.4
58212716
52453065
0.4
57701216
52453041
0.4
59225812
52452953
0.4
99690896
52447793
0.4
58562048
52453065
0.4
57442548
52453225
0.4
58522700
52453089
0.4
77379300
52450865
0.4
58811144
52452993
0.4
116397476
52443257
0.4
58786780
52453073
0.4
58761988
52453065
0.4
58179728
52453129
0.4
57535788
52453153
0.4
58283224
52453177
0.4
92892340
52447009
0.4
72433524
52451057
0.4
112830612
52444473
0.4
58452292
52453145
0.4
59384340
52452665
0.4
58182836
52453129
0.4
83452108
52449241
0.4
96357664
52446681
0.4
58699448
52452929
0.4
58411172
52452985
0.4
58087308
52453089
0.4
58340472
52453041
0.4
65058596
52451577
0.4
58330624
52453033
0.4
66842096
52452817
0.4
68276536
52451097
0.4
83933424
52449385
0.4
58783364
52453041
0.4
58815344
52452921
0.4
57901020
52453057
0.4
59112828
52453041
0.4
58299328
52453033
0.4
57702656
52453049
0.4
58051048
52453097
0.4
93194632
52447185
0.4
58415608
52453097
0.4
58238588
52453105
0.4
63808684
52451921
0.4
58311112
52453049
0.4
58152252
52453089
0.4
58796124
52452985
0.4
80834232
52449161
0.4
83765628
52448641
0.4
94816160
52447073
0.4
59487236
52453025
0.4
57788204
52453105
0.4
95533460
52446497
0.4
83325208
52448953
0.4
65020520
52451801
0.4
121240284
52442289
0.4
92073668
52446977
0.4
106156536
52444689
0.4
57887428
52453105
0.4
57733536
52453137
0.4
76562768
52450129
0.4
57887256
52453129
0.4
57851504
52453065
0.4
57608504
52453177
0.4
59088888
52453073
0.4
58163604
52452993
0.4
59036228
52453129
0.4
65965080
52450833
0.4
63721468
52452225
0.4
72954596
52451641
0.4
57801772
52453057
0.4
58014220
52453041
0.4
93372020
52446825
0.4
95684016
52447305
0.4
59741436
52452913
0.4
86776264
52448329
0.4
56161300
52453377
0.4
57909128
52453049
0.4
96902392
52446113
0.4
57930468
52453161
0.4
118893824
52443337
0.4
91046612
52447913
0.4
57838532
52453121
0.4
93071244
52447121
0.4
58689524
52452985
0.4
58698192
52453097
0.4
95923500
52446753
0.4
96255564
52446649
0.4
58017472
52453153
0.4
57914212
52453129
0.4
57846484
52453089
0.4
56918792
52453201
0.4
58079840
52453129
0.4
62069644
52452361
0.4
56960668
52453145
0.4
66209884
52451385
0.4
88982356
52447777
0.4
59516828
52453001
0.4
57908648
52453129
0.4
89345604
52447689
0.4
58090980
52453041
0.4
90991016
52447593
0.4
70819904
52451633
0.4
97451840
52447249
0.4
91036856
52447873
0.4
70799628
52451457
0.4
97329148
52446849
0.4
90414484
52447689
0.4
58688924
52453049
0.4
59220876
52453065
0.4
59185176
52453089
0.4
58866036
52452937
0.4
90681640
52447697
0.4
93596820
52446881
0.4
58172172
52453081
0.4
82639904
52448657
0.4
120951640
52441857
0.4
57911500
52453065
0.4
59167992
52453065
0.4
57660236
52453153
0.4
91538516
52448633
0.4
58709204
52453129
0.4
75343164
52451329
0.4
57930960
52453153
0.4
63435456
52452745
0.4
57603604
52453169
0.4
59330352
52453121
0.4
104476712
52446577
0.4
91323936
52447809
0.4
85783896
52448345
0.4
72581756
52451697
0.4
95713876
52446665
0.4
60558804
52452913
0.4
58408780
52453113
0.4
58881592
52452913
0.4
58826124
52453113
0.4
58051340
52453105
0.4
72333644
52451329
0.4
58838768
52452969
0.4
58364428
52453153
0.4
98887064
52445353
0.4
58965476
52453009
0.4
57734436
52453161
0.4
62169588
52453057
0.4
73878136
52450249
0.4
95414296
52447073
0.4
62120816
52452729
0.4
57698132
52453153
0.4
57522636
52453185
0.4
57905968
52453177
0.4
59054292
52453097
0.4
97624048
52448033
0.4
111920596
52445273
0.4
65230340
52451377
0.4
96566776
52446505
0.4
92235764
52446761
0.4
58146184
52452993
0.4
74059632
52451697
0.4
58308588
52453017
0.4
57954576
52453025
0.4
58912908
52453129
0.4
60100964
52453009
0.4
58377900
52453129
0.4
57982280
52453041
0.4
57802508
52453049
0.4
57835424
52453121
0.4
58686476
52452945
0.4
58915040
52453017
0.4
64497580
52452321
0.4
90226364
52447633
0.4
111197888
52443953
0.4
124994448
52444329
0.4
73862784
52451057
0.4
119230016
52443809
0.4
58283028
52453033
0.4
57945020
52453153
0.4
57587632
52453153
0.4
118284704
52442313
0.4
96107756
52446417
0.4
57806880
52453169
0.4
79562628
52450121
0.4
58137484
52453153
0.4
59884308
52453153
0.4
58075224
52453129
0.4
82495260
52449497
0.4
86976892
52448177
0.4
84380036
52449353
0.4
74001044
52450457
0.4
97266236
52448177
0.4
58079960
52453049
0.4
58451220
52453209
0.4
58355544
52453041
0.4
86486776
52448313
0.4
64796028
52452977
0.4
58629984
52453105
0.4
99890056
52446313
0.4
58085676
52453129
0.4
58087032
52453097
0.4
118440064
52442497
0.4
58668328
52453041
0.4
80059644
52450289
0.4
58271424
52453105
0.4
120601392
52442177
0.4
93695600
52447369
0.4
59381140
52452969
0.4
103272576
52445185
0.4
102876732
52445593
0.4
84576420
52449545
0.4
58316064
52453065
0.4
58725152
52452961
0.4
74272784
52450953
0.4
58290680
52453001
0.4
98915112
52446153
0.4
58693224
52453065
0.4
121290796
52442913
0.4
74396080
52450057
0.4
57546216
52453057
0.4
58369932
52453129
0.4
57595512
52453097
0.4
98364396
52445921
0.4
58101196
52453033
0.4
99432904
52446513
0.4
58876288
52452969
0.4
58023392
52453097
0.4
58753192
52453089
0.4
58789004
52453089
0.4
58371556
52452969
0.4
68294688
52453057
0.4
64714304
52451673
0.4
68997568
52451681
0.4
72704884
52451673
0.4
58861284
52453153
0.4
58176340
52453145
0.4
59165384
52452977
0.4
96772628
52446225
0.4
94537788
52447129
0.4
86030148
52448753
0.4
95847048
52446577
0.4
58386536
52453009
0.4
58007284
52453081
0.4
88623820
52448017
0.4
99081952
52446841
0.4
59874756
52452681
0.4
83201440
52448777
0.4
81870024
52448849
0.4
57909588
52453057
0.4
57983424
52453041
0.4
57750644
52453161
0.4
58661780
52453081
0.4
71849944
52450889
0.4
63043572
52451121
0.4
82489488
52448889
0.4
58526124
52453009
0.4
58173668
52453041
0.4
57876788
52453145
0.4
57890292
52453153
0.4
57914948
52453057
0.4
91293512
52448009
0.4
60010116
52452857
0.4
64959796
52452009
0.4
58644572
52453025
0.4
60032112
52453065
0.4
58120372
52453057
0.4
125019352
52444425
0.4
84482516
52449617
0.4
58597776
52453049
0.4
58926496
52453065
0.4
123073676
52443049
0.4
59587740
52452945
0.4
57854976
52453057
0.4
59061872
52452929
0.4
58770252
52452993
0.4
101644008
52445657
0.4
119410456
52442169
0.4
58605976
52452953
0.4
76529776
52450257
0.4
65688888
52452345
0.4
58092632
52453137
0.4
62545956
52451841
0.4
61276732
52453017
0.4
58354048
52453017
0.4
75089936
52450569
0.4
96178452
52446889
0.4
112957444
52443809
0.4
94756712
52446889
0.4
58175664
52453073
0.4
58344964
52453145
0.4
58872684
52453089
0.4
87688616
52448649
0.4
75565780
52450225
0.4
92932320
52447241
0.4
71951872
52451073
0.4
92208072
52447865
0.4
93713400
52448697
0.4
97185084
52446377
0.4
85996536
52447513
0.4
79576548
52451097
0.4
73346864
52450865
0.4
59026616
52453009
0.4
85959916
52448985
0.4
59090876
52453097
0.4
57326956
52453145
0.4
86774908
52448849
0.4
95630132
52446913
0.4
88365584
52448153
0.4
58992004
52452961
0.4
97806112
52446425
0.4
58729156
52453137
0.4
93281924
52446993
0.4
61440640
52452185
0.4
57262656
52453129
0.4
58934752
52452905
0.4
58377364
52453169
0.4
89013316
52447697
0.4
62686436
52452905
0.4
82329948
52449769
0.4
58725232
52453017
0.4
66134020
52452937
0.4
58667528
52453033
0.4
81760332
52449417
0.4
115327372
52443417
0.4
85365400
52448129
0.4
87456956
52449145
0.4
58236240
52453025
0.4
93123776
52446625
0.4
100309464
52445433
0.4
96187160
52447265
0.4
95223924
52446505
0.4
75932308
52450289
0.4
58840888
52453065
0.4
70676840
52452305
0.4
59991132
52453033
0.4
98078188
52446265
0.4
95968668
52446409
0.4
88754468
52447777
0.4
59549216
52452929
0.4
94185328
52446737
0.4
62148032
52452465
0.4
67842296
52452145
0.4
60628868
52453041
0.4
58983576
52452977
0.4
64907400
52452873
0.4
64322508
52452145
0.4
96195120
52447169
0.4
99596128
52446785
0.4
106833140
52445041
0.4
99972956
52447577
0.4
61790044
52453057
0.4
96469612
52446521
0.4
97000520
52446569
0.4
59899816
52452865
0.4
58777868
52453033
0.4
59241396
52453065
0.4
58873380
52453017
0.4
93154644
52447673
0.4
65314708
52452313
0.4
92418780
52446641
0.4
70434452
52449961
0.4
58315100
52453073
0.4
91061320
52447313
0.4
58549144
52453089
0.4
69843796
52451777
0.4
65328388
52450993
0.4
87106556
52447425
0.4
95203952
52446577
0.4
82545832
52448537
0.4
89283324
52448081
0.4
59506792
52453049
0.4
85537796
52448577
0.4
89578120
52447609
0.4
60584788
52453145
0.4
112031036
52445385
0.4
64588092
52452081
0.4
101263952
52446561
0.4
67662296
52451921
0.4
85336616
52449137
0.4
82625040
52449049
0.4
58347588
52453057
0.4
98000504
52446761
0.4
71963468
52451193
0.4
58826016
52453097
0.4
64704628
52451825
0.4
58535316
52452993
0.4
116157136
52446113
0.4
58488148
52453001
0.4
59734440
52452945
0.4
58852928
52453137
0.4
89401208
52448385
0.4
58773120
52453105
0.4
58577024
52453177
0.4
57186892
52453193
0.4
59214748
52452825
0.4
88582436
52448033
0.4
59217424
52452889
0.4
78774092
52450569
0.4
90776884
52447305
0.4
58051120
52453177
0.4
58621828
52453057
0.4
74399620
52452497
0.4
57592672
52453113
0.4
91209152
52447937
0.4
117946164
52442993
0.4
59009112
52453065
0.4
58362316
52453105
0.4
77403292
52450449
0.4
59790732
52452857
0.4
80545432
52450025
0.4
64051304
52452825
0.4
109194552
52445233
0.4
90348412
52447545
0.4
57955540
52453169
0.4
108249992
52447161
0.4
83751676
52448801
0.4
91883904
52447433
0.4
58747064
52453017
0.4
96051168
52446625
0.4
68064136
52451233
0.4
58629400
52453049
0.4
57750276
52453081
0.4
68261920
52452105
0.4
94004004
52446617
0.4
97445544
52446249
0.4
59789088
52453001
0.4
93294904
52447113
0.4
58591036
52453105
0.4
92971564
52446753
0.4
83533776
52448009
0.4
57904048
52453153
0.4
75068444
52451681
0.4
57232016
52453169
0.4
58577128
52453145
0.4
83585856
52448993
0.4
68503940
52452745
0.4
99002016
52446265
0.4
81019236
52449089
0.4
103452632
52447961
0.4
96572320
52446689
0.4
58940148
52453065
0.4
59609164
52452937
0.4
60466104
52453121
