im-chacha-poly-256
1000
08/28/18
1.2
139723697
52442329
1.2
135406557
52442545
1.2
139287476
52442417
1.2
139818544
52442505
1.2
139228007
52442457
1.2
143396565
52442353
1.2
141401638
52442417
1.2
135856454
52442601
1.2
137926515
52442665
1.2
139670979
52442393
1.2
137051953
52442465
1.2
133680595
52442473
1.2
136845851
52442393
1.2
134838139
52442625
1.2
140773595
52442417
1.2
137214243
52442489
1.2
134695455
52442561
1.2
138193648
52442489
1.2
141548359
52442377
1.2
138423637
52442521
1.2
135901085
52442441
1.2
137831981
52442449
1.2
138351519
52442585
1.2
129103016
52443121
1.2
126437540
52442457
1.2
139132220
52442441
1.2
100348836
52447209
1.2
134620672
52442473
1.2
138713311
52442729
1.2
137227656
52442425
1.2
137985750
52442513
1.2
141089152
52442441
1.2
137308828
52442529
1.2
137800697
52442393
1.2
137935267
52442545
1.2
137559997
52442385
1.2
139143140
52442545
1.2
136670259
52442657
1.2
138441832
52442481
1.2
137551343
52442513
1.2
138477939
52442545
1.2
138794958
52442425
1.2
133118592
52442545
1.2
136893199
52442625
1.2
136903642
52442505
1.2
139430421
52442529
1.2
138030187
52442409
1.2
130788439
52442609
1.2
139739949
52442401
1.2
137040656
52442393
1.2
137468515
52442473
1.2
136518901
52442681
1.2
138634174
52442457
1.2
135818932
52442481
1.2
130882141
52442697
1.2
138533022
52442537
1.2
130479133
52442409
1.2
130681122
52442465
1.2
136422220
52442617
1.2
136550273
52442529
1.2
139653155
52442353
1.2
136091333
52442705
1.2
134772795
52442625
1.2
136451851
52442409
1.2
138446116
52442337
1.2
137397233
52442497
1.2
141644488
52442401
1.2
139049687
52442361
1.2
134147005
52442593
1.2
133616164
52442761
1.2
140612500
52442473
1.2
139397776
52442417
1.2
137915536
52442393
1.2
140111337
52442433
1.2
138697340
52442609
1.2
135948501
52442697
1.2
137264407
52442449
1.2
138736800
52442601
1.2
138771225
52442425
1.2
137641853
52442553
1.2
137548864
52442433
1.2
133791831
52442841
1.2
135388466
52442433
1.2
137293491
52442489
1.2
140910841
52442329
1.2
138394486
52442577
1.2
137075696
52442609
1.2
139861275
52442481
1.2
138189487
52442393
1.2
128993288
52442737
1.2
134912208
52442465
1.2
140511220
52442417
1.2
137089152
52442545
1.2
142288737
52442329
1.2
137716432
52442505
1.2
127616122
52442609
1.2
135010524
52442697
1.2
130783773
52442633
1.2
139644297
52442393
1.2
137996504
52442457
1.2
139806187
52442473
1.2
134682452
52442425
1.2
132753908
52442665
1.2
136939401
52442617
1.2
129287423
52442857
1.2
140717890
52442361
1.2
134823327
52442625
1.2
137749055
52442449
1.2
122970402
52442625
1.2
129039397
52442761
1.2
137157200
52442441
1.2
128253677
52442689
1.2
130235143
52442385
1.2
139660145
52442449
1.2
141567410
52442417
1.2
138819364
52442449
1.2
129554752
52442769
1.2
135139752
52442641
1.2
141872421
52442497
1.2
138764923
52442377
1.2
139097892
52442409
1.2
135456369
52442449
1.2
141296836
52442393
1.2
140355029
52442305
1.2
136709461
52442465
1.2
137921052
52442569
1.2
136771447
52442425
1.2
134132524
52442417
1.2
138894064
52442473
1.2
139929288
52442297
1.2
134882959
52442601
1.2
140528573
52442409
1.2
136009893
52442673
1.2
139426293
52442377
1.2
138217715
52442393
1.2
139584462
52442385
1.2
136413602
52442641
1.2
136171558
52442473
1.2
137091870
52442481
1.2
134157238
52442489
1.2
132531989
52442625
1.2
136953982
52442489
1.2
141631885
52442377
1.2
136659713
52442385
1.2
134578521
52442433
1.2
140781481
52442385
1.2
131640483
52442625
1.2
135240489
52442617
1.2
141381072
52442457
1.2
139319958
52442489
1.2
132930452
52442737
1.2
136272344
52442449
1.2
139858221
52442521
1.2
141570153
52442257
1.2
136837311
52442529
1.2
137351074
52442753
1.2
132613555
52442649
1.2
140202137
52442457
1.2
137628618
52442465
1.2
137697422
52442529
1.2
138207930
52442609
1.2
137627925
52442601
1.2
131960269
52442601
1.2
136451713
52442681
1.2
139058867
52442433
1.2
140968981
52442529
1.2
138307550
52442513
1.2
135872036
52442393
1.2
134431477
52442689
1.2
136796385
52442409
1.2
138392763
52442465
1.3
144293495
52442353
1.2
138296014
52442553
1.2
137561314
52442321
1.2
133156751
52442657
1.2
136696999
52442385
1.2
140270031
52442409
1.2
128282653
52442561
1.2
135686280
52442617
1.2
137224883
52442545
1.2
139509503
52442401
1.2
138534749
52442441
1.2
136601214
52442409
1.2
138324534
52442433
1.2
136202226
52442425
1.2
135867472
52442545
1.2
138579176
52442329
1.2
135151600
52442553
1.2
136724696
52442361
1.2
140142642
52442433
1.2
136923595
52442497
1.2
135765468
52442569
1.2
139655220
52442369
1.2
141749841
52442465
1.2
135606303
52442681
1.2
140259270
52442505
1.2
139275514
52442417
1.2
136842813
52442561
1.2
138701571
52442425
1.2
139311135
52442545
1.2
140852513
52442377
1.2
136417578
52442665
1.2
142682479
52442393
1.2
139719599
52442377
1.2
125125797
52442457
1.2
130841113
52442425
1.2
142452119
52442313
1.2
134764025
52442617
1.2
143094056
52442329
1.2
122453199
52442457
1.2
137346611
52442713
1.2
140075917
52442369
1.2
137408071
52442601
1.2
126124437
52442721
1.2
139246830
52442401
1.2
138577397
52442449
1.2
135986178
52442497
1.2
123572586
52442441
1.2
131992609
52442505
1.2
138466216
52442337
1.2
138045976
52442401
1.2
138521284
52442457
1.2
136538541
52442705
1.2
133607320
52442601
1.2
133152412
52442713
1.2
139485683
52442401
1.2
122421239
52443457
1.2
133327004
52442657
1.2
138132300
52442425
1.2
134781712
52442705
1.2
131623744
52442657
1.2
139191919
52442385
1.2
135636173
52442201
1.2
136085395
52442521
1.2
138840205
52442361
1.2
139676496
52442409
1.2
132534912
52442665
1.2
138101524
52442473
1.2
137678971
52442401
1.2
141052716
52442289
1.2
138950067
52442537
1.2
137715368
52442417
1.2
143401812
52442273
1.2
138715731
52442417
1.2
134163228
52442393
1.2
135380223
52442425
1.2
133146649
52442641
1.2
132157273
52442665
1.2
138141318
52442385
1.2
139724855
52442401
1.2
142233224
52442409
1.2
131584264
52442609
1.2
135369275
52442745
1.2
138039054
52442433
1.2
140734962
52442489
1.2
140021018
52442521
1.2
137401244
52442577
1.2
134538333
52442617
1.2
135871636
52442577
1.2
139308307
52442505
1.2
135888612
52442505
1.2
139414569
52442449
1.2
134860689
52442449
1.2
134347850
52442761
1.2
134025540
52442689
1.2
136171464
52442433
1.2
137372373
52442505
1.2
136797715
52442521
1.2
141151271
52442425
1.2
130437948
52442721
1.2
135476567
52442433
1.2
133304152
52442801
1.2
130478494
52442697
1.2
132262033
52442641
1.2
140184827
52442401
1.2
138735016
52442489
1.2
133375296
52442585
1.2
141717853
52442377
1.2
114163226
52443129
1.2
136343272
52442777
1.2
131940139
52442481
1.2
140807763
52442521
1.2
137302368
52442593
1.2
133910004
52442625
1.2
140249602
52442465
1.2
139249409
52442489
1.2
137592297
52442401
1.2
139455344
52442497
1.2
137909997
52442385
1.2
131371407
52442481
1.2
138024678
52442329
1.2
138492924
52442441
1.2
134069930
52442705
1.2
132522908
52442689
1.2
135343658
52442689
1.2
140356486
52442425
1.2
136948899
52442529
1.2
133902920
52442665
1.2
136581701
52442601
1.2
136542998
52442577
1.2
139544895
52442433
1.2
140336088
52442457
1.2
141916400
52442417
1.2
140278091
52442409
1.2
129966717
52442689
1.2
132574976
52442625
1.2
140223259
52442433
1.2
131113995
52442721
1.2
139078269
52442569
1.2
138955148
52442385
1.2
138781733
52442417
1.2
135976920
52442497
1.2
132803354
52442617
1.2
140274527
52441865
1.2
138147992
52442425
1.2
133104072
52442689
1.2
135417924
52442385
1.2
129814320
52442457
1.2
138423182
52442697
1.2
133108014
52442673
1.2
138672540
52442417
1.2
134150635
52442697
1.2
141403138
52442369
1.2
132387190
52442689
1.2
134478155
52442489
1.2
138618246
52442553
1.2
125137947
52442489
1.2
137976264
52442457
1.2
137325554
52442449
1.2
139573204
52442529
1.2
139462330
52442481
1.2
135280349
52442625
1.2
133098692
52442553
1.2
139176586
52442449
1.2
134681271
52442617
1.2
138114688
52442433
1.2
127523368
52442633
1.2
137268825
52442513
1.2
136706743
52442409
1.2
139940618
52442553
1.2
139123841
52442449
1.2
134685061
52442769
1.2
136748379
52442361
1.2
137936156
52442353
1.2
139660027
52442457
1.2
136934271
52442417
1.2
138340445
52442489
1.2
134952824
52442593
1.2
140009981
52442289
1.2
133148091
52442689
1.2
139360130
52442409
1.2
134899571
52442681
1.2
136611995
52442617
1.2
138143277
52442561
1.2
137712855
52442497
1.2
140253131
52442473
1.2
136168260
52442441
1.2
137029950
52442529
1.2
134882625
52442473
1.2
141772983
52442297
1.2
138703352
52442385
1.2
136837587
52442417
1.2
121219055
52443425
1.2
137577929
52442641
1.2
134472418
52442601
1.2
140483823
52442393
1.2
138463950
52442617
1.2
132785608
52442449
1.2
135743566
52442545
1.2
135946102
52442721
1.2
133594063
52442497
1.2
141753928
52442409
1.2
138116573
52442481
1.2
124198944
52444057
1.2
138246494
52442393
1.2
133142763
52442697
1.2
135645000
52442761
1.2
139450846
52442529
1.2
140591637
52442241
1.2
137571989
52442425
1.2
139377798
52442473
1.2
138607759
52442369
1.2
132944320
52442641
1.2
137836045
52442465
1.2
137530036
52442513
1.2
141074837
52442481
1.2
141708389
52442377
1.2
131672123
52442289
1.2
132543221
52442425
1.2
143384652
52442369
1.2
135527133
52442721
1.2
139131376
52442473
1.2
132688547
52442849
1.2
138308188
52442449
1.2
137326503
52442417
1.2
128947827
52442481
1.2
133175191
52442545
1.2
133155981
52442721
1.2
137782731
52442393
1.2
134196862
52442625
1.2
137104006
52442721
1.2
136111587
52442513
1.2
137540534
52442537
1.2
140559225
52442361
1.2
138025682
52442457
1.2
139256268
52442441
1.2
136887584
52442433
1.2
136129800
52442433
1.2
140066827
52442473
1.2
138488723
52442473
1.2
136297614
52442393
1.2
135866151
52442601
1.2
136616205
52442649
1.2
133176315
52442817
1.2
133382507
52442633
1.2
135016558
52442441
1.2
135046091
52442369
1.2
136740831
52442561
1.2
135885089
52442625
1.2
132489366
52442577
1.2
137411532
52442569
1.2
141203242
52442481
1.2
137530599
52442601
1.2
139684799
52442465
1.2
134566982
52442777
1.2
140420742
52442433
1.2
142578811
52442393
1.2
134330585
52442289
1.2
140305314
52442393
1.2
140656414
52442449
1.2
141776082
52442433
1.2
126294520
52442697
1.2
139305684
52442609
1.2
137178866
52442337
1.2
137261029
52442697
1.2
133337685
52442657
1.2
137200677
52442745
1.2
136845223
52442617
1.2
139163216
52442369
1.2
139634966
52442481
1.2
138251211
52442401
1.2
125784477
52442665
1.2
136292132
52442737
1.2
143206823
52442361
1.2
141605753
52442473
1.2
139721930
52442401
1.2
137730933
52442345
1.2
132582752
52442809
1.2
136631624
52442609
1.2
134021527
52442713
1.2
131339012
52442737
1.2
133241178
52442537
1.2
134082063
52442473
1.2
140557009
52442345
1.2
139986467
52442481
1.2
135050964
52442417
1.2
133398349
52442761
1.2
138232573
52442465
1.2
140673918
52442537
1.2
136082730
52442529
1.2
139239235
52442121
1.2
132463862
52441769
1.2
139175583
52442529
1.2
142317052
52442449
1.2
136813890
52442489
1.2
129835659
52442361
1.2
129212055
52442577
1.2
140675639
52442441
1.2
139434215
52442433
1.2
134252997
52442697
1.2
140376422
52442449
1.2
139160223
52442529
1.2
137703401
52442553
1.2
134504334
52442601
1.2
143236062
52442345
1.2
140596609
52442281
1.2
132220036
52442641
1.2
132986398
52442681
1.2
136068247
52442617
1.2
139268859
52442369
1.2
138418478
52442593
1.2
138274797
52442473
1.2
139262701
52442457
1.2
135654185
52442625
1.2
139635928
52442409
1.2
139009478
52442585
1.2
138316226
52442393
1.2
135256812
52442601
1.2
137584132
52442513
1.2
136374762
52442561
1.2
138088576
52442457
1.2
131770868
52442753
1.2
140702746
52442601
1.2
136364823
52442577
1.2
133465597
52442497
1.2
135566516
52442625
1.2
138894634
52442577
1.2
139711133
52442617
1.2
133957023
52442497
1.2
136417836
52442553
1.2
137029936
52442657
1.2
134685540
52442681
1.2
135895574
52442441
1.2
133372881
52442697
1.2
132067757
52442505
1.2
138344255
52442265
1.2
136196016
52442569
1.2
136523617
52442513
1.2
136095182
52442545
1.2
135442192
52442593
1.2
137223781
52442569
1.2
143374988
52442449
1.2
137049177
52442537
1.2
136596018
52442617
1.2
137398917
52442601
1.2
140686318
52442369
1.2
137474926
52442497
1.2
136323268
52442305
1.2
139652803
52442361
1.2
137827343
52442553
1.2
138131347
52442617
1.2
141052346
52442473
1.2
133738832
52442473
1.2
130480078
52442433
1.2
134021776
52442497
1.2
136377064
52442401
1.2
132061974
52442545
1.2
136567841
52442721
1.2
143386412
52442353
1.2
134972387
52442313
1.2
137393305
52442441
1.2
137562773
52442497
1.2
125672493
52442561
1.2
144343285
52442345
1.2
135725166
52442465
1.2
140791120
52442425
1.2
137817946
52442593
1.2
130968378
52442657
1.2
139624216
52442561
1.2
142080098
52442393
1.2
140106239
52442465
1.2
132941168
52442697
1.2
136268120
52442753
1.2
137571586
52442465
1.2
135496276
52442561
1.2
139677611
52442449
1.2
136035020
52442393
1.2
139076975
52442385
1.2
135808957
52442609
1.2
136941220
52442401
1.2
137566980
52442473
1.2
142417464
52442425
1.2
138754744
52442441
1.2
141188657
52442457
1.2
140119603
52442417
1.2
136946370
52442473
1.2
136005298
52442617
1.2
126965868
52442841
1.2
136411431
52442441
1.2
137873213
52442617
1.2
136646318
52442521
1.2
131772159
52442409
1.2
142008116
52442417
1.2
137715136
52442369
1.2
135630049
52442529
1.2
136386208
52442673
1.2
136691353
52442425
1.2
134489963
52442641
1.2
132909134
52442561
1.2
139785129
52442409
1.2
138145548
52442433
1.2
138614878
52442441
1.2
136049049
52442505
1.2
136729300
52442425
1.2
134369704
52442401
1.2
134890760
52442441
1.2
135680716
52442377
1.2
137903831
52442401
1.2
135526266
52442713
1.2
135331216
52442689
1.2
131444371
52442705
1.2
133776838
52442473
1.2
136468766
52442497
1.2
136250850
52442457
1.2
133501749
52442697
1.2
134152760
52442457
1.2
134220075
52442593
1.2
129426221
52442401
1.2
134282369
52442705
1.2
138680557
52442665
1.2
139024372
52442457
1.2
138030423
52442529
1.2
140991968
52442257
1.2
138307636
52442441
1.2
136938968
52442633
1.2
138443163
52442505
1.2
136788734
52442641
1.2
140555706
52442329
1.2
138897776
52442489
1.2
135801099
52442553
1.2
134203074
52442449
1.2
140164869
52442537
1.2
138112991
52442561
1.2
141456129
52442513
1.2
134211892
52442929
1.2
140229713
52442369
1.2
133901323
52442577
1.2
136906653
52442593
1.2
140162333
52442425
1.2
138821392
52442505
1.2
137416114
52442441
1.2
137897376
52442625
1.2
134083041
52442777
1.2
132817869
52442569
1.2
133569404
52442649
1.2
135720212
52442633
1.2
134792136
52442649
1.2
134319592
52442561
1.2
136826033
52442481
1.2
139821566
52442417
1.2
139195361
52442385
1.2
138314155
52442457
1.2
133361505
52442761
1.2
137031044
52442561
1.2
140529221
52442409
1.2
139701836
52442353
1.2
140607758
52442441
1.2
135839009
52442625
1.2
137353492
52442313
1.2
140437592
52442537
1.2
140298566
52442409
1.2
134840355
52442633
1.2
130568269
52442433
1.2
137940864
52442401
1.2
136782056
52442737
1.2
141158883
52442497
1.2
137893939
52442657
1.2
139694896
52442465
1.2
138944950
52442393
1.2
139561274
52442497
1.2
138020486
52442441
1.2
133829177
52442489
1.2
138513871
52442561
1.2
139880606
52442393
1.2
135458187
52442505
1.2
131715456
52442577
1.2
132739585
52442729
1.2
137609238
52442473
1.2
129960142
52442713
1.2
136948748
52442353
1.2
140501057
52442345
1.2
130195226
52442657
1.2
136605419
52442497
1.2
131042093
52442417
1.2
129120632
52442505
1.2
142094571
52442465
1.2
135871970
52442777
1.2
140891781
52442449
1.2
135548844
52442601
1.2
138884453
52442481
1.2
132177812
52442601
1.2
138303546
52442449
1.2
138309121
52442497
1.2
138053943
52442417
1.2
138543705
52442513
1.2
141942312
52442361
1.2
132050232
52442609
1.2
134147182
52442697
1.2
138346505
52442505
1.2
138613768
52442361
1.2
134668694
52442449
1.2
127486331
52442513
1.2
139728658
52442521
1.2
138875667
52442433
1.2
128730366
52442649
1.2
138896324
52442409
1.2
130380907
52442553
1.2
135858701
52442569
1.2
138977560
52442457
1.2
138312253
52442529
1.2
134934285
52442625
1.2
137820926
52442377
1.2
139473995
52442449
1.2
134882094
52442649
1.2
141182195
52442425
1.2
138416363
52442545
1.2
132878254
52442441
1.2
142284639
52442409
1.2
135343022
52442609
1.2
129416510
52442577
1.2
120321950
52442841
1.2
139706244
52442377
1.2
139930437
52442537
1.2
137444770
52442433
1.2
133179385
52442425
1.2
137272495
52442473
1.2
136273699
52442817
1.2
135818124
52442513
1.2
138803196
52442529
1.2
133585943
52442697
1.2
135299475
52442513
1.2
138873364
52442577
1.2
139456076
52442553
1.2
133980864
52442801
1.2
137177058
52442441
1.2
135813650
52442577
1.2
123952369
52442609
1.2
139735345
52442441
1.2
134910499
52442673
1.2
139606268
52442449
1.2
137317795
52442561
1.2
141095607
52442449
1.2
137911792
52442409
1.2
136870795
52442353
1.2
134698598
52442361
1.2
141668428
52442417
1.2
137523144
52442537
1.2
137401794
52442409
1.2
129411728
52443057
1.2
123841451
52442633
1.2
122232784
52442577
1.2
139826914
52442417
1.2
139974011
52442457
1.2
120179653
52443377
1.2
140220078
52442337
1.2
140815046
52442465
1.2
141283283
52442297
1.2
127016232
52442689
1.2
136538562
52442569
1.2
139646572
52442465
1.2
128245944
52442929
1.2
137316138
52442553
1.2
132101918
52442737
1.2
138137847
52442345
1.2
137838897
52442417
1.2
137645286
52442481
1.2
135536186
52442569
1.2
138131877
52442489
1.2
139666193
52442473
1.2
138286476
52442513
1.2
135368259
52442593
1.2
138299012
52442377
1.2
138703541
52442441
1.2
130809057
52442729
1.2
137944004
52442401
1.2
138416071
52442361
1.2
140615478
52442505
1.2
133005956
52442497
1.2
140852196
52442369
1.2
134075268
52442329
1.2
139677543
52442441
1.2
136271824
52442433
1.2
130900413
52442641
1.2
138697311
52442433
1.2
130744085
52442681
1.2
139662574
52442321
1.2
145026302
52442297
1.2
127573254
52442833
1.2
135835410
52442449
1.2
130661638
52442569
1.2
137335975
52442369
1.2
138233384
52442497
1.2
139146341
52442457
1.2
138409653
52442513
1.2
138270491
52442609
1.2
140327502
52442505
1.2
137941738
52442553
1.2
135064996
52442609
1.2
139376040
52442513
1.2
137101766
52442569
1.2
136165704
52442641
1.2
138236251
52442369
1.2
133537404
52442609
1.2
140784638
52442417
1.2
134484898
52442417
1.2
138841090
52442569
1.2
137195612
52442513
1.2
139143643
52442537
1.2
143756516
52442433
1.2
133807746
52442489
1.2
139582532
52442401
1.2
142804108
52442425
1.2
138729110
52442433
1.2
131212133
52442657
1.2
141760671
52442513
1.2
138819620
52442417
1.2
140081569
52442457
1.2
138081171
52442425
1.2
136278703
52442433
1.2
139441014
52442385
1.2
122326341
52442745
1.2
138110988
52442497
1.2
137772084
52442417
1.2
131591159
52442713
1.2
138270265
52442457
1.2
123515712
52442769
1.2
135631198
52442561
1.2
135774356
52442625
1.2
138333762
52442513
1.2
137099907
52442545
1.2
137667753
52442489
1.2
137499363
52442417
1.2
139498557
52442409
1.2
136707248
52442465
1.2
136477395
52442489
1.2
137191120
52442657
1.2
130875728
52442553
1.2
135539375
52442353
1.2
139506833
52442353
1.2
117711307
52442729
1.2
139877928
52442625
1.2
121911510
52442537
1.2
131894239
52442705
1.2
138600335
52442497
1.2
141609928
52442361
1.2
138479119
52442569
1.2
137362021
52442553
1.2
135402300
52442385
1.2
138521476
52442537
1.2
133418240
52442561
1.2
127532393
52442625
1.2
137544298
52442705
1.2
141075091
52442465
1.2
138785617
52442537
1.2
134888766
52442609
1.2
138885941
52442417
1.2
135671742
52442609
1.2
141075804
52442393
1.2
134981224
52442297
1.2
136157712
52442633
1.2
137160500
52442529
1.2
137331874
52442529
1.2
134516351
52442585
1.2
140480235
52442449
1.2
135972277
52442577
1.2
137708465
52442689
1.2
134136337
52442625
1.2
137330130
52442537
1.2
137542449
52442497
1.2
137294422
52442481
1.2
136798456
52442425
1.2
134330185
52442641
1.2
133166686
52442673
1.2
135771191
52442729
1.2
137428177
52442625
1.2
135993465
52442497
1.2
139813611
52442497
1.2
134602526
52442521
1.2
141457117
52442505
1.2
138397592
52442385
1.2
137099256
52442537
1.2
129452772
52442977
1.2
141667718
52442377
1.2
135064919
52441905
1.2
137468400
52442521
1.2
130259661
52442705
1.2
138101288
52442457
1.2
132525127
52442657
1.2
139344720
52442529
1.2
132683503
52442729
1.2
132897051
52442657
1.2
138129482
52442617
1.2
140708628
52442425
1.2
136563119
52442481
1.2
137382557
52442681
1.2
135869764
52442377
1.2
130867041
52442793
1.2
136665737
52442417
1.2
140331000
52442481
1.2
134478397
52442577
1.2
139674375
52442353
1.2
134407980
52442465
1.2
141711590
52442449
1.2
135204308
52442481
1.2
140373771
52442425
1.2
136421508
52442449
1.2
139587885
52442617
1.2
136154802
52442625
1.2
137718028
52442457
1.2
133896011
52442665
1.2
138316141
52442553
1.2
135269231
52442545
1.2
137513553
52442441
1.2
106548724
52444585
1.2
141363759
52442505
1.2
140163208
52442401
1.2
138748180
52442385
1.2
139489258
52442537
1.2
136655132
52442489
1.2
136585785
52442369
1.2
136197120
52442377
1.2
136419736
52442649
1.2
132531984
52442545
1.2
129543359
52442593
1.2
138631476
52442369
1.2
135279204
52442449
1.2
138511530
52442353
1.2
138770544
52442465
1.2
137582705
52442489
1.2
139700675
52442385
1.2
131594069
52442713
1.2
138733140
52442465
1.2
139055697
52442441
1.2
136380526
52442665
1.2
137498883
52442513
1.2
143171272
52442401
1.2
139466164
52442489
1.2
139757068
52442513
1.2
128324224
52442681
1.2
138925734
52442393
1.2
136164353
52442641
1.2
134907363
52442465
1.2
133286108
52442657
1.2
138600282
52442505
1.2
142253737
52442553
1.2
131485397
52442705
1.2
135246276
52442753
1.2
140467704
52442401
1.2
136326113
52442617
1.2
138112712
52442473
1.2
140344852
52442369
1.2
124057718
52442385
1.2
143013148
52442297
1.2
133201217
52442593
1.2
136387332
52442561
1.2
136545996
52442561
1.2
140866140
52442529
1.2
139024157
52442433
1.2
138448433
52442441
1.2
137653896
52442417
1.2
140388464
52442473
1.2
136335644
52442481
1.2
132508605
52442601
1.2
138005029
52442377
1.2
134774539
52442729
1.2
137502133
52442409
1.2
140112710
52442473
1.2
137599206
52442481
1.2
140536555
52442313
1.2
142078052
52442377
1.2
139008810
52442561
1.2
138415628
52442449
1.2
132090254
52442553
1.2
135077877
52442537
1.2
138028335
52442481
1.2
128054419
52442633
1.2
140239458
52442361
1.2
131556154
52442833
1.2
131024764
52442745
1.2
136453851
52442489
1.2
137531615
52442425
1.2
136597852
52442465
1.2
136982442
52442657
1.2
136049903
52442657
1.2
132933229
52442489
1.2
137831428
52442441
1.2
136063358
52442473
1.2
137159536
52442649
1.2
137140480
52442465
1.2
138363229
52442681
1.2
137943476
52442457
1.2
133071445
52442657
1.2
137127017
52442513
1.2
143253789
52442377
1.2
136742796
52442521
1.2
139050006
52442457
1.2
137030345
52442289
1.2
139806238
52442337
1.2
137658701
52442545
1.2
141093292
52442513
1.2
138012770
52442577
1.2
139914029
52442481
1.2
138297369
52442497
1.2
128886677
52442793
1.2
135269606
52442553
1.2
139894248
52442441
1.2
134741733
52442585
1.2
135778778
52442537
1.2
136077678
52442449
1.2
137681707
52442681
1.2
141165280
52442441
1.2
128896588
52442889
1.2
134681021
52442369
1.2
137595383
52442113
1.2
140740139
52442273
1.2
139136032
52442377
1.2
136899072
52442465
1.2
137959973
52442361
1.2
134317900
52442497
1.2
138206392
52442441
1.2
136467187
52442529
1.2
140181071
52442465
1.2
138069096
52442385
1.2
142577626
52442369
1.2
134975923
52442625
1.2
138399499
52442345
1.2
134029208
52442545
1.2
128697178
52442689
1.2
135588021
52442521
1.2
133040271
52442497
