im-chacha-poly-1023
1000
08/28/18
0.9
133330280
52441737
0.9
130779664
52441737
0.9
134402616
52441745
0.9
132705288
52441737
0.9
134595384
52441737
0.9
129943688
52441737
0.9
127308104
52441737
0.9
132483048
52441737
0.9
134751472
52441729
0.9
133846616
52441737
0.9
133997104
52441737
0.9
132507056
52441737
0.9
131307432
52441729
0.9
134065344
52441737
0.9
129128576
52441721
0.9
130238368
52441737
0.9
131261528
52441713
0.9
133108808
52441737
0.9
133322104
52441721
0.9
132962488
52441737
0.9
130510632
52441737
0.9
131788632
52441737
0.9
132954456
52441737
0.9
132474568
52441737
0.9
134339232
52441737
0.9
129636416
52441729
0.9
132192488
52441737
0.9
131976280
52441737
0.9
129010928
52441737
0.9
130715928
52441737
0.9
132499904
52441713
0.9
134867744
52441801
0.9
133849024
52441737
0.9
128967120
52441737
0.9
129226616
52441801
0.9
134048216
52441737
0.9
129326800
52441737
0.9
129574464
52441737
0.9
134876744
52441913
0.9
132666520
52441737
0.9
131299552
52441737
0.9
131666600
52441737
0.9
132001472
52441737
0.9
131741024
52441737
0.9
132961248
52441737
0.9
128806320
52441737
0.9
128057904
52441737
0.9
133501416
52441721
0.9
132300600
52441721
0.9
135289448
52441737
0.9
132700056
52441737
0.9
133205848
52441737
0.9
132201848
52441737
0.9
132390096
52441737
0.9
133102632
52441737
0.9
131940832
52441737
0.9
131801368
52441721
0.9
132923080
52441737
0.9
135432792
52441737
0.9
132820152
52441737
0.9
131771192
52441737
0.9
128007208
52441713
0.9
132083016
52441737
0.9
128127336
52442025
0.9
133695352
52441713
0.9
134875304
52441737
0.9
134601704
52441737
0.9
132960864
52441737
0.9
132157264
52441737
0.9
132021008
52441737
0.9
135214528
52441737
0.9
133071456
52441737
0.9
131838144
52441721
0.9
130848696
52441737
0.9
130611016
52441729
0.9
133598784
52441737
0.9
133562376
52441737
0.9
132884192
52441721
0.9
130025192
52441737
0.9
133112952
52441777
0.9
133633056
52441737
0.9
132775368
52441737
0.9
133429216
52441737
0.9
134218432
52441737
0.9
130311192
52441785
0.9
134313904
52441737
0.9
130024848
52441721
0.9
130253112
52441713
0.9
131715016
52441737
0.9
133389584
52441737
0.9
132851192
52441737
0.9
130339392
52441737
0.9
135670368
52441737
0.9
130294960
52441737
0.9
132521896
52441713
0.9
131122328
52441801
0.9
132949800
52441737
0.9
132829376
52441737
0.9
133452944
52441713
0.9
132536264
52441737
0.9
128556960
52441737
0.9
132444176
52441745
0.9
130250384
52441737
0.9
131614904
52441737
0.9
129076856
52441745
0.9
131339576
52441737
0.9
130821344
52441769
0.9
131306992
52441721
0.9
133904096
52441721
0.9
133023472
52441721
0.9
133213464
52441737
0.9
133968480
52441737
0.9
133235056
52441713
0.9
132484848
52441737
0.9
133899608
52441745
0.9
131269696
52441729
0.9
133107040
52441737
0.9
132626152
52441737
0.9
131571632
52441737
0.9
133533072
52441737
0.9
131067336
52442041
0.9
132645816
52441737
0.9
131045200
52441737
0.9
132332416
52441729
0.9
131918352
52441737
0.9
134332792
52441737
0.9
131270592
52441737
0.9
131451632
52441713
0.9
132141120
52441737
0.9
129101520
52441737
0.9
133608408
52441737
0.9
130953592
52441737
0.9
131855488
52441737
0.9
133325304
52441721
0.9
133033544
52441721
0.9
129572624
52441713
0.9
131241792
52441737
0.9
130596896
52441737
0.9
130890128
52441737
0.9
130719640
52441737
0.9
132863808
52441737
0.9
134976760
52441729
0.9
133230864
52441737
0.9
131051744
52441737
0.9
133093560
52441737
0.9
130474912
52441737
0.9
132100192
52441737
0.9
132833008
52441737
0.9
132761144
52441713
0.9
134146864
52441737
0.9
130400200
52441737
0.9
131721616
52441737
0.9
133342928
52441721
0.9
132070344
52441737
0.9
129528216
52441737
0.9
131032304
52441737
0.9
131490400
52441713
0.9
132140112
52441785
0.9
132350560
52441737
0.9
130522800
52441729
0.9
130545776
52441737
0.9
133725456
52441737
0.9
132806656
52441737
0.9
131401128
52441737
0.9
133049744
52441737
0.9
128382512
52441737
0.9
130470368
52441713
0.9
131171528
52441721
0.9
132974976
52441737
0.9
125243472
52441737
0.9
130153648
52441737
0.9
132986168
52441737
0.9
131120984
52441737
0.9
129850208
52441737
0.9
131297104
52441737
0.9
129366296
52441737
0.9
133157672
52441737
0.9
131903760
52441737
0.9
130803736
52441737
0.9
133685424
52441737
0.9
131391720
52441721
0.9
132349272
52441737
0.9
131605576
52441737
0.9
133248352
52441737
0.9
133009968
52441737
0.9
133237120
52441737
0.9
127212976
52441737
0.9
131486832
52441737
0.9
132152768
52441737
0.9
130349264
52441729
0.9
131691496
52441737
0.9
127740776
52441737
0.9
130000000
52441737
0.9
132261304
52441729
0.9
130705872
52441737
0.9
133632224
52441737
0.9
130002944
52441737
0.9
132447800
52441737
0.9
132095176
52441737
0.9
124154288
52442145
0.9
132540080
52441737
0.9
133085232
52441737
0.9
133801568
52441737
0.9
131116488
52441713
0.9
130815488
52441737
0.9
132229648
52441737
0.9
134245024
52441737
0.9
133221832
52441737
0.9
132171440
52441737
0.9
131942008
52441737
0.9
130398432
52441737
0.9
132273944
52441737
0.9
132836440
52441721
0.9
131768416
52441737
0.9
131275976
52441737
0.9
133054152
52441737
0.9
132479464
52441737
0.9
133349288
52441737
0.9
133298344
52441913
0.9
132776296
52441737
0.9
134103864
52441737
0.9
133386624
52441737
0.9
130859464
52441737
0.9
129217624
52441737
0.9
133025488
52441737
0.9
134047784
52441737
0.9
130401904
52441721
0.9
129358240
52441737
0.9
133034288
52441737
0.9
130371056
52441737
0.9
130589056
52441713
0.9
131779872
52441737
0.9
134083888
52441737
0.9
129302536
52441801
0.9
132446232
52441729
0.9
131387576
52441721
0.9
132376168
52441737
0.9
131031672
52441737
0.9
131955352
52441737
0.9
129228992
52441737
0.9
129792680
52441737
0.9
133739624
52441737
0.9
129663208
52441785
0.9
131408832
52441737
0.9
130442688
52441737
0.9
129268904
52441737
0.9
133135320
52441737
0.9
132545464
52441737
0.9
133105568
52441737
0.9
133371432
52441737
0.9
134950168
52441721
0.9
131523760
52441737
0.9
132047824
52441737
0.9
132467064
52441737
0.9
132710992
52441737
0.9
132533536
52441721
0.9
130354144
52441737
0.9
132340960
52441737
0.9
129421832
52441737
0.9
132788608
52441721
0.9
130999664
52441697
0.9
131868200
52441737
0.9
133595440
52441737
0.9
130139368
52441737
0.9
133213480
52441737
0.9
132742008
52441737
0.9
133540600
52441737
0.9
128264304
52441737
0.9
131713080
52441737
0.9
128241912
52441737
0.9
134409304
52441721
0.9
126263696
52442553
0.9
130891336
52441737
0.9
131976544
52441737
0.9
132614584
52441737
0.9
130075488
52441737
0.9
132726664
52441737
0.9
130840936
52441737
0.9
130798648
52441737
0.9
134266088
52441737
0.9
131975248
52441737
0.9
132743704
52441737
0.9
132444456
52441705
0.9
130928656
52441737
0.9
132780776
52441737
0.9
134007000
52441737
0.9
128067376
52441721
0.9
129827640
52441737
0.9
128854264
52441737
0.9
129683056
52441793
0.9
130770904
52441737
0.9
132718312
52441737
0.9
130359120
52441737
0.9
133060032
52441721
0.9
132970440
52441737
0.9
130938512
52441745
0.9
134411016
52441737
0.9
134347992
52441737
0.9
132381624
52441737
0.9
134231424
52441737
0.9
132646024
52441737
0.9
133685936
52441721
0.9
131897440
52441737
0.9
133340864
52441865
0.9
133940952
52441737
0.9
131793288
52441737
0.9
133150600
52441737
0.9
133048008
52441737
0.9
131929520
52441737
0.9
133158352
52441745
0.9
131439992
52441745
0.9
131898464
52441737
0.9
133611816
52441737
0.9
132548832
52441729
0.9
130717928
52441721
0.9
133129040
52441737
0.9
130571040
52441745
0.9
131004552
52441737
0.9
131526456
52441737
0.9
133805896
52441737
0.9
134131192
52441737
0.9
132606480
52441721
0.9
131368072
52441737
0.9
131603352
52441737
0.9
126055648
52441929
0.9
133318352
52441737
0.9
129358520
52441753
0.9
134532648
52441737
0.9
132076264
52441737
0.9
128946728
52441737
0.9
133952352
52441737
0.9
133589304
52441737
0.9
133083392
52441769
0.9
132740144
52441737
0.9
132098224
52441737
0.9
132268192
52441737
0.9
132113096
52441745
0.9
132294784
52441737
0.9
132994800
52441713
0.9
131417944
52441737
0.9
133577752
52441745
0.9
129078304
52441721
0.9
132750088
52441737
0.9
133702560
52441737
0.9
132607616
52441737
0.9
131675952
52441737
0.9
131510816
52441737
0.9
133084440
52441737
0.9
132450248
52441737
0.9
129938080
52441737
0.9
128295192
52441737
0.9
132876744
52441753
0.9
130150728
52441713
0.9
131330232
52441873
0.9
130458888
52441857
0.9
129587056
52441737
0.9
130939664
52441737
0.9
132665248
52441713
0.9
132488088
52441737
0.9
132052080
52441737
0.9
129907296
52442033
0.9
133030816
52441737
0.9
132620208
52441737
0.9
133866160
52441737
0.9
132751496
52441737
0.9
132418416
52441745
0.9
128224976
52441737
0.9
133754520
52441713
0.9
131606200
52441737
0.9
134042992
52441737
0.9
131862920
52441737
0.9
134143464
52441817
0.9
133020680
52441737
0.9
130423792
52441737
0.9
132330960
52441737
0.9
131511960
52441737
0.9
132290336
52441729
0.9
132669416
52441721
0.9
132081648
52441737
0.9
132726432
52441745
0.9
132869080
52441745
0.9
131692520
52441737
0.9
131027672
52441737
0.9
134264024
52441729
0.9
130427816
52441777
0.9
132347240
52441737
0.9
132620248
52441729
0.9
131532024
52441737
0.9
134426928
52441737
0.9
127975304
52441737
0.9
128459096
52441737
0.9
130568432
52441737
0.9
132692744
52441721
0.9
130201088
52441737
0.9
134447840
52441737
0.9
133822848
52441737
0.9
130646000
52441737
0.9
131824144
52441713
0.9
132507368
52441737
0.9
132509432
52441729
0.9
130769256
52441737
0.9
131494752
52441841
0.9
131579184
52441737
0.9
130182232
52441737
0.9
129242232
52441961
0.9
134006032
52441737
0.9
132684256
52441737
0.9
131669128
52441713
0.9
130786504
52441729
0.9
133153528
52441921
0.9
129625384
52441737
0.9
130438608
52441737
0.9
134191472
52441737
0.9
133183576
52441729
0.9
134028576
52441737
0.9
129453712
52441737
0.9
134116800
52441745
0.9
133092944
52441737
0.9
130585792
52441713
0.9
130202272
52441721
0.9
133036656
52441737
0.9
128745184
52441737
0.9
133363288
52441737
0.9
130909272
52441737
0.9
131118624
52441745
0.9
133751408
52441737
0.9
133872464
52441737
0.9
133553368
52441745
0.9
130202704
52441737
0.9
129910304
52441745
0.9
128501616
52442257
0.9
133088072
52441737
0.9
132587464
52441737
0.9
130132080
52441737
0.9
130446480
52441737
0.9
132650616
52441737
0.9
130404952
52441769
0.9
129843504
52441737
0.9
130839392
52441849
0.9
131644952
52441825
0.9
129916200
52441721
0.9
132250368
52441737
0.9
133240656
52441737
0.9
132167000
52441737
0.9
128815032
52441737
0.9
135075888
52441745
0.9
132641880
52441737
0.9
129053400
52441737
0.9
131603928
52441737
0.9
133572256
52441737
0.9
133496400
52441737
0.9
130725736
52441793
0.9
133641832
52441737
0.9
133037080
52441721
0.9
133223240
52441737
0.9
134489520
52441737
0.9
134057680
52441737
0.9
133875152
52441737
0.9
132354040
52441737
0.9
130696352
52441737
0.9
132796016
52441737
0.9
131906952
52441737
0.9
133281080
52441737
0.9
131784520
52441737
0.9
132444664
52441745
0.9
131488464
52441737
0.9
132089848
52441865
0.9
135550280
52441737
0.9
131709128
52441833
0.9
132755656
52441737
0.9
128465488
52441737
0.9
131890184
52441737
0.9
132006312
52441737
0.9
132236440
52441737
0.9
132080312
52441737
0.9
133754464
52441737
0.9
130608632
52441937
0.9
126992168
52441737
0.9
132838944
52441809
0.9
129918296
52441721
0.9
132650176
52441737
0.9
130067672
52441737
0.9
132255840
52441785
0.9
132825280
52441737
0.9
131731616
52441729
0.9
131731576
52441737
0.9
131466528
52441737
0.9
131955864
52441737
0.9
134647720
52441737
0.9
132024808
52441737
0.9
132426880
52441737
0.9
132074664
52441737
0.9
134277432
52441737
0.9
134037696
52441737
0.9
132242112
52441737
0.9
132838432
52441737
0.9
128878984
52441737
0.9
133950784
52441721
0.9
133758088
52441737
0.9
133500016
52441737
0.9
133291584
52441737
0.9
131085040
52441737
0.9
131725592
52441737
0.9
134794016
52441737
0.9
131368936
52441721
0.9
128409712
52441737
0.9
133335688
52441737
0.9
133303576
52441737
0.9
132254776
52441737
0.9
132084400
52441737
0.9
133775296
52441737
0.9
133374216
52441737
0.9
133856384
52441737
0.9
132576528
52441737
0.9
131707688
52441737
0.9
130668840
52441737
0.9
133122232
52441737
0.9
131218608
52441737
0.9
131673520
52441745
0.9
128558640
52441737
0.9
127764536
52441721
0.9
133738296
52441737
0.9
132049328
52441737
0.9
132746984
52441737
0.9
131355264
52441737
0.9
133701840
52441737
0.9
133685168
52441737
0.9
130033848
52441737
0.9
132150208
52441745
0.9
129464936
52441929
0.9
128091848
52441737
0.9
133335432
52441737
0.9
132175008
52441737
0.9
132390160
52441737
0.9
132167552
52441737
0.9
132817672
52441737
0.9
126676000
52441993
0.9
129631864
52441745
0.9
133632992
52441737
0.9
133785320
52441737
0.9
131870888
52441737
0.9
131748744
52441737
0.9
128509144
52441737
0.9
127588432
52441737
0.9
131838224
52441737
0.9
133058968
52441737
0.9
132128280
52441737
0.9
131974960
52441737
0.9
129179432
52441737
0.9
131977768
52441737
0.9
132848528
52441737
0.9
133383048
52441737
0.9
134440040
52441737
0.9
131532456
52441737
0.9
132869840
52441737
0.9
134278048
52441737
0.9
125974968
52441897
0.9
131956032
52441737
0.9
134080688
52441737
0.9
130946232
52441737
0.9
128961904
52441745
0.9
133528568
52441737
0.9
131643256
52441737
0.9
133448272
52441737
0.9
131512960
52441737
0.9
131735768
52441785
0.9
130698968
52441737
0.9
130820616
52441737
0.9
131170080
52441737
0.9
131316296
52441737
0.9
131424568
52441713
0.9
132618576
52441737
0.9
131837384
52441737
0.9
131490016
52441737
0.9
132585416
52441737
0.9
133990776
52441737
0.9
131184256
52441737
0.9
129018752
52441737
0.9
133669184
52441737
0.9
132191408
52441737
0.9
133592896
52441737
0.9
129904104
52441737
0.9
133022416
52441737
0.9
133332240
52441737
0.9
132204688
52441737
0.9
132526568
52441737
0.9
131657864
52441833
0.9
130221544
52441721
0.9
134304680
52441737
0.9
131822288
52441721
0.9
134588832
52441737
0.9
133312792
52441737
0.9
131153008
52441737
0.9
133649800
52441729
0.9
134471576
52441737
0.9
131683920
52441737
0.9
132367328
52441737
0.9
129745648
52441737
0.9
133150160
52441737
0.9
135479448
52441737
0.9
128441328
52441737
0.9
131377624
52441737
0.9
133173896
52441737
0.9
133289984
52441737
0.9
133854560
52441737
0.9
134831024
52441737
0.9
122680728
52442361
0.9
132119688
52441737
0.9
133634144
52441737
0.9
132219632
52441737
0.9
134013120
52441737
0.9
133614080
52441737
0.9
132701136
52441737
0.9
133071880
52441737
0.9
130888120
52441737
0.9
129258064
52441737
0.9
134706320
52441737
0.9
131972152
52441737
0.9
130997224
52441737
0.9
128753552
52441913
0.9
133793920
52441737
0.9
131706784
52441737
0.9
133588720
52441745
0.9
131589064
52441737
0.9
133359992
52441721
0.9
131102272
52441737
0.9
129207024
52441953
0.9
132821256
52441737
0.9
133042512
52441737
0.9
130815080
52441737
0.9
130420664
52441713
0.9
133396296
52441737
0.9
131695296
52441737
0.9
130568888
52441737
0.9
127297800
52441737
0.9
128434824
52441737
0.9
131726016
52441737
0.9
131567152
52441737
0.9
131899000
52441737
0.9
131464024
52441737
0.9
132818928
52441737
0.9
133645560
52441737
0.9
129230416
52441737
0.9
133073696
52441737
0.9
130670736
52441745
0.9
130886080
52441737
0.9
127609464
52441953
0.9
131648768
52441737
0.9
131109488
52441777
0.9
131804744
52441737
0.9
134287736
52441737
0.9
128961240
52441737
0.9
132918672
52441729
0.9
131365928
52441737
0.9
131370408
52441737
0.9
134682776
52441737
0.9
133021056
52441737
0.9
131300616
52441737
0.9
131601816
52441737
0.9
128210120
52441745
0.9
133709872
52441721
0.9
132640504
52441817
0.9
131660456
52441737
0.9
132898944
52441737
0.9
128387584
52442097
0.9
132647824
52441737
0.9
132889008
52441737
0.9
132409792
52441737
0.9
130543736
52441737
0.9
130756816
52441737
0.9
133169080
52441737
0.9
128607960
52441737
0.9
134486840
52441737
0.9
132554016
52441737
0.9
130727888
52441737
0.9
129603024
52441729
0.9
132342464
52441737
0.9
129893656
52441737
0.9
133544408
52441745
0.9
127795472
52441737
0.9
133254600
52441737
0.9
132371624
52441729
0.9
129367984
52441737
0.9
134021976
52441737
0.9
128813080
52441737
0.9
133249832
52441705
0.9
132258424
52441713
0.9
133182464
52441737
0.9
132620864
52441737
0.9
134379584
52441737
0.9
132591552
52441737
0.9
130667048
52441737
0.9
131293280
52441737
0.9
131688744
52441737
0.9
131044920
52441721
0.9
131667720
52441737
0.9
133320360
52441737
0.9
132866288
52441737
0.9
129586976
52441737
0.9
132966120
52441737
0.9
129395976
52441713
0.9
131237136
52441737
0.9
131708576
52441745
0.9
133498320
52441737
0.9
133230856
52441745
0.9
132597408
52441785
0.9
132187160
52441713
0.9
132219968
52441729
0.9
132878528
52441737
0.9
132891584
52441737
0.9
130139152
52441737
0.9
129913568
52441737
0.9
131284560
52441753
0.9
132464768
52441737
0.9
130290848
52441857
0.9
132958264
52441737
0.9
131026648
52441737
0.9
131666400
52441913
0.9
133597520
52441737
0.9
134025648
52441737
0.9
133264360
52441737
0.9
128835928
52441721
0.9
132309328
52441721
0.9
134519192
52441737
0.9
131061936
52441737
0.9
133726208
52441729
0.9
131238936
52441737
0.9
129002344
52441745
0.9
130865952
52441737
0.9
134328528
52441737
0.9
132936944
52441737
0.9
133659312
52441737
0.9
130955224
52441737
0.9
130638168
52441737
0.9
131770928
52441737
0.9
128877264
52441737
0.9
131928936
52441737
0.9
133450368
52441737
0.9
134177648
52441737
0.9
133030112
52441737
0.9
134248968
52441737
0.9
131284712
52441737
0.9
131093912
52441737
0.9
132960008
52441713
0.9
127902840
52441737
0.9
132864240
52441737
0.9
133539376
52441713
0.9
134638448
52441737
0.9
133386144
52441713
0.9
136025904
52441737
0.9
130122480
52441737
0.9
132526680
52441737
0.9
133039064
52441737
0.9
127555696
52441737
0.9
130025032
52441737
0.9
131637440
52441737
0.9
129188072
52442025
0.9
129419536
52441873
0.9
132762296
52441737
0.9
129819592
52441737
0.9
130638376
52441737
0.9
122225400
52441985
0.9
132452488
52441737
0.9
131474640
52441737
0.9
133281552
52441737
0.9
132507368
52441737
0.9
132980728
52441809
0.9
133579272
52441737
0.9
133295776
52441825
0.9
129620376
52441721
0.9
132211168
52441737
0.9
133914624
52441729
0.9
125529024
52441745
0.9
134150592
52441737
0.9
133190896
52441737
0.9
132591600
52441737
0.9
133662984
52441737
0.9
129471192
52441737
0.9
134693704
52441737
0.9
131418384
52441737
0.9
131408424
52441721
0.9
132971344
52441745
0.9
130704432
52441737
0.9
128959432
52441737
0.9
132411096
52441737
0.9
130407496
52441737
0.9
127262264
52441753
0.9
132744584
52441713
0.9
132824952
52441737
0.9
133356696
52441737
0.9
133364480
52441737
0.9
133364480
52441737
0.9
134313552
52441737
0.9
132923272
52441737
0.9
131933064
52441745
0.9
131989408
52441737
0.9
133340336
52441737
0.9
132742704
52441737
0.9
135324216
52441737
0.9
130420112
52441737
0.9
129391616
52441737
0.9
129092248
52441737
0.9
133740224
52441737
0.9
132001544
52441777
0.9
127369368
52441737
0.9
134156712
52441737
0.9
134837496
52441737
0.9
132523024
52441737
0.9
127461336
52441737
0.9
133025944
52441737
0.9
130210064
52441881
0.9
130883512
52441737
0.9
133110032
52441737
0.9
133563088
52441737
0.9
127419008
52441897
0.9
131164504
52441737
0.9
131369056
52441737
0.9
132990136
52441737
0.9
134609024
52441713
0.9
130155560
52441737
0.9
133710456
52441737
0.9
131490120
52441737
0.9
132007280
52441737
0.9
132715944
52441737
0.9
129883592
52441737
0.9
132617040
52441737
0.9
134502152
52441737
0.9
130523200
52441737
0.9
131375320
52441737
0.9
130373136
52441737
0.9
132976360
52441745
0.9
130388696
52441721
0.9
131257328
52441737
0.9
133049080
52441737
0.9
134530256
52441737
0.9
132940952
52441737
0.9
131864400
52441745
0.9
129993880
52441737
0.9
134635000
52441737
0.9
129693552
52441737
0.9
130695088
52441737
0.9
132468128
52441737
0.9
132792520
52441737
0.9
132065728
52441737
0.9
133149800
52441737
0.9
132054600
52441737
0.9
131705488
52441737
0.9
131658968
52441737
0.9
134893968
52441737
0.9
131366136
52441737
0.9
132635144
52441729
0.9
128915440
52441841
0.9
131389072
52441737
0.9
131767280
52441737
0.9
131007472
52441737
0.9
133412240
52441737
0.9
130699864
52441729
0.9
131331736
52441737
0.9
133386224
52441737
0.9
133692968
52441737
0.9
130654088
52441817
0.9
134906968
52441737
0.9
131078880
52441737
0.9
133419008
52441737
0.9
130327768
52441737
0.9
129667728
52441737
0.9
132554560
52441713
0.9
131121480
52441737
0.9
132008296
52441737
0.9
130482544
52441737
0.9
129672576
52441721
0.9
133304120
52441833
0.9
133118136
52441737
0.9
132998720
52441737
0.9
133001976
52441737
0.9
133127280
52441721
0.9
134635184
52441737
0.9
131587344
52441729
0.9
131780944
52441737
0.9
134125368
52441737
0.9
133090224
52441737
0.9
131341608
52441737
0.9
132851024
52441737
0.9
131337648
52441737
0.9
130440896
52441713
0.9
132061600
52441737
0.9
130121072
52441753
0.9
133763024
52441737
0.9
134211368
52441737
0.9
131062744
52441737
0.9
133833240
52441737
0.9
133534968
52441737
0.9
130976208
52441737
0.9
131855080
52441729
0.9
129276936
52441713
0.9
130534800
52441809
0.9
130385320
52441737
0.9
130598376
52441737
0.9
133280424
52441737
0.9
131701048
52441737
0.9
132992568
52441737
0.9
132534840
52441721
0.9
130062136
52441873
0.9
132201056
52441809
0.9
128935584
52441985
0.9
132610552
52441721
0.9
133352160
52441737
0.9
132772136
52441721
0.9
134510976
52441737
0.9
135047712
52441713
0.9
132325544
52441729
0.9
130690768
52441737
0.9
128407704
52441737
0.9
132529288
52441737
0.9
132574024
52441737
0.9
131550672
52441737
0.9
133916120
52441737
0.9
132333816
52441737
0.9
128965016
52441737
0.9
132951336
52441721
0.9
131461056
52441737
0.9
130024960
52441737
0.9
133617632
52441737
0.9
130777344
52441737
0.9
131757056
52441737
0.9
129978192
52441737
0.9
132182544
52441737
0.9
127430040
52441737
0.9
130858416
52441737
0.9
134201200
52441737
0.9
132315280
52441737
0.9
130395136
52441857
0.9
132596560
52441737
0.9
131956072
52441721
0.9
128943800
52441737
0.9
131230448
52441737
0.9
131188672
52441737
0.9
133500768
52441737
0.9
132573848
52441721
0.9
133851424
52441737
0.9
134106880
52441745
0.9
132455328
52441737
0.9
135514896
52441729
0.9
130566872
52441737
0.9
131690976
52441729
0.9
131574208
52441737
0.9
132317920
52441817
0.9
130632400
52441737
0.9
132599424
52441737
0.9
133403488
52441737
0.9
133357944
52441737
0.9
127214200
52441737
0.9
128575760
52441737
0.9
133171240
52441737
0.9
132862912
52441729
0.9
133180400
52441737
0.9
133919832
52441737
0.9
133002544
52441737
0.9
131909936
52441713
0.9
131313704
52441737
0.9
133396448
52441921
0.9
131090448
52441737
0.9
130986816
52441753
0.9
130008752
52442033
0.9
130449480
52441737
0.9
131833088
52441729
0.9
128550192
52441969
0.9
133677520
52441737
0.9
132106408
52441737
0.9
132585984
52441737
0.9
128968312
52441737
0.9
132997272
52441737
0.9
131276688
52441737
0.9
133707488
52441737
0.9
127109800
52441737
0.9
130847136
52441737
0.9
129282784
52441737
0.9
132295344
52441737
0.9
129349560
52441737
0.9
127385960
52441993
0.9
132995880
52441729
0.9
132470824
52441737
0.9
131984656
52441737
0.9
134860080
52441737
0.9
128459696
52442017
0.9
129286728
52441737
0.9
134760744
52441729
0.9
130774816
52441737
0.9
131880984
52441737
0.9
134009480
52441737
0.9
130549936
52441721
0.9
127824896
52442545
0.9
126694544
52442345
0.9
132222240
52441737
0.9
129959784
52441737
0.9
134577720
52441745
0.9
133790496
52441737
0.9
131257640
52441737
0.9
132568592
52441737
0.9
132231840
52441737
