im-aes128-gcm-1024
1000
08/28/18
0.3
131528021
52441681
0.3
131596477
52441681
0.3
131304048
52441681
0.3
131054285
52441697
0.3
133583350
52441681
0.3
132485035
52441681
0.3
134147517
52441681
0.3
130448421
52441681
0.3
133051164
52441681
0.3
131829973
52441681
0.3
131568066
52441681
0.3
132576531
52441681
0.3
132274914
52441849
0.3
131726040
52441753
0.3
131341780
52441833
0.3
130109411
52441857
0.3
130511784
52441681
0.3
132663472
52441681
0.3
132108916
52441713
0.3
130679175
52442033
0.3
132012316
52441681
0.3
131901117
52441681
0.3
132607048
52441713
0.3
127058536
52442281
0.3
133173313
52441681
0.3
135111779
52441681
0.3
129387875
52442001
0.3
132325897
52441681
0.3
131311179
52441761
0.3
133094118
52441681
0.3
133349898
52441681
0.3
132030265
52441681
0.3
132003610
52441681
0.3
130899987
52441681
0.3
132663653
52441953
0.3
129532998
52442137
0.3
132711108
52441681
0.3
133138271
52441681
0.3
132933309
52441681
0.3
133251172
52441681
0.3
130639207
52441681
0.3
132892101
52441681
0.3
133766547
52441681
0.3
133255623
52441681
0.3
133912138
52441681
0.3
133216510
52441681
0.3
132284740
52441681
0.3
133903458
52441681
0.3
132712482
52441681
0.3
128825871
52441961
0.3
132043168
52441681
0.3
134090633
52441681
0.3
130918498
52441681
0.3
133377406
52441681
0.3
132296590
52441681
0.3
131754208
52441769
0.3
133795602
52441681
0.3
133270388
52441681
0.3
132726408
52441681
0.3
133866856
52441681
0.3
132630320
52441681
0.3
133202468
52441681
0.3
133059002
52441681
0.3
133744196
52441681
0.3
130907372
52441689
0.3
133536162
52441681
0.3
132626035
52441681
0.3
131351494
52441681
0.3
133834939
52441681
0.3
131701921
52441681
0.3
132862817
52441681
0.3
132748119
52441681
0.3
133335674
52441681
0.3
132047402
52441681
0.3
133398814
52441681
0.3
129275641
52441745
0.3
132194818
52441737
0.3
128844175
52441681
0.3
131407841
52441833
0.3
132525260
52441681
0.3
131893136
52441681
0.3
133055517
52441681
0.3
133545242
52441681
0.3
129871812
52441681
0.3
133927837
52441681
0.3
132568403
52441681
0.3
132544896
52441873
0.3
133561837
52441681
0.3
130998452
52441865
0.3
125817771
52441905
0.3
132791713
52441681
0.3
133193395
52441681
0.3
133270214
52441681
0.3
130731568
52441689
0.3
134755440
52441681
0.3
132758663
52441681
0.3
132735747
52441681
0.3
132868133
52441681
0.3
132975952
52441681
0.3
132380907
52441681
0.3
132175437
52441681
0.3
130948222
52441745
0.3
132081648
52441681
0.3
132772046
52441681
0.3
131530003
52441857
0.3
133679923
52441681
0.3
131869212
52441865
0.3
133452464
52441681
0.3
133181929
52441681
0.3
133312722
52441681
0.3
131870589
52441681
0.3
131135446
52441681
0.3
133885948
52441681
0.3
132774260
52441681
0.3
130639723
52441705
0.3
133100003
52441681
0.3
132665736
52441681
0.3
129420451
52441681
0.3
132004847
52441681
0.3
130400680
52441833
0.3
133295963
52441681
0.3
133691099
52441681
0.3
132798748
52441681
0.3
133312353
52441681
0.3
130079924
52441681
0.3
133855165
52441681
0.3
132594828
52441681
0.3
131500917
52441681
0.3
131648429
52441681
0.3
132007599
52441769
0.3
132645278
52441681
0.3
132538827
52441681
0.3
132698573
52441681
0.3
132241352
52441681
0.3
133172088
52441681
0.3
134664518
52441681
0.3
131116539
52441905
0.3
133870253
52441681
0.3
131863112
52441745
0.3
130845234
52441681
0.3
129521342
52442217
0.3
130198414
52441681
0.3
133448091
52441681
0.3
133052901
52441681
0.3
132917712
52441681
0.3
132359637
52441681
0.3
133491693
52441681
0.3
132801131
52441681
0.3
132214775
52441681
0.3
133957564
52441681
0.3
132487254
52441681
0.3
132783532
52441681
0.3
134332335
52441681
0.3
132064409
52441777
0.3
132488371
52441681
0.3
131014546
52441681
0.3
131315234
52441753
0.3
134288330
52441681
0.3
131412498
52441689
0.3
127708595
52441777
0.3
134290174
52441681
0.3
131550508
52441681
0.3
131525024
52441681
0.3
132301138
52441681
0.3
131314227
52441713
0.3
128138414
52441737
0.3
131344046
52441681
0.3
130637117
52441681
0.3
134353322
52441681
0.3
132610249
52441681
0.3
133249381
52441681
0.3
131873770
52442041
0.3
133415904
52441681
0.3
132043801
52441681
0.3
134052550
52441681
0.3
128755182
52441761
0.3
132912477
52441681
0.3
129997002
52442009
0.3
132433158
52441681
0.3
133023940
52441681
0.3
132903426
52441681
0.3
132298356
52441681
0.3
133469467
52441681
0.3
128753665
52441689
0.3
131575880
52441945
0.3
132461377
52441681
0.3
134408769
52441681
0.3
132380422
52441681
0.3
133769992
52441681
0.3
132924255
52441681
0.3
128646354
52441817
0.3
132248561
52441681
0.3
132526308
52441681
0.3
134659601
52441681
0.3
131703444
52441721
0.3
133587645
52441681
0.3
131124178
52441713
0.3
131752794
52441681
0.3
133295082
52441681
0.3
133079973
52441681
0.3
132596227
52441681
0.3
130488806
52441745
0.3
130953421
52442137
0.3
133788254
52441681
0.3
130891148
52441681
0.3
130334357
52441745
0.3
131747292
52441689
0.3
132284455
52441681
0.3
133098727
52441681
0.3
133450103
52441681
0.3
133780230
52441681
0.3
130310665
52441889
0.3
131075414
52441857
0.3
132586472
52441681
0.3
131074517
52441745
0.3
132681657
52441681
0.3
132700892
52441681
0.3
129743363
52441681
0.3
133026213
52441681
0.3
133858359
52441681
0.3
130980917
52441681
0.3
133121908
52441689
0.3
133271991
52441681
0.3
131144490
52441689
0.3
131569650
52441681
0.3
133355095
52441809
0.3
132709037
52441681
0.3
133355867
52441681
0.3
132344776
52441681
0.3
133025576
52441681
0.3
134144895
52441681
0.3
130187351
52441705
0.3
133307085
52441681
0.3
132635470
52441681
0.3
132614651
52441681
0.3
132828025
52441681
0.3
132503945
52441681
0.3
133665544
52441681
0.3
131981544
52441681
0.3
131820724
52441681
0.3
133117123
52441681
0.3
133349390
52441681
0.3
133020507
52441681
0.3
131323084
52441833
0.3
132605863
52441681
0.3
132151422
52441713
0.3
133239485
52441681
0.3
131485932
52441681
0.3
128923087
52442113
0.3
131420053
52441681
0.3
130333822
52441721
0.3
129563269
52441681
0.3
132525661
52441681
0.3
130725729
52441833
0.3
131572416
52441681
0.3
135492872
52441681
0.3
134194016
52441681
0.3
132813241
52441681
0.3
132848857
52441681
0.3
132635678
52441681
0.3
131905072
52441681
0.3
132727703
52441681
0.3
130384616
52441945
0.3
129184536
52441817
0.3
132527106
52441681
0.3
131995334
52441681
0.3
132124055
52441681
0.3
130817700
52441681
0.3
132183726
52441681
0.3
133226571
52441681
0.3
133223187
52441681
0.3
130307843
52442065
0.3
133946665
52441681
0.3
133381344
52441681
0.3
133322499
52441681
0.3
132467657
52441681
0.3
132648764
52441681
0.3
132965980
52441681
0.3
133986107
52441681
0.3
131874724
52441681
0.3
132929707
52441681
0.3
133250659
52441681
0.3
133014894
52441681
0.3
131245175
52441681
0.3
132307716
52441681
0.3
131207057
52441761
0.3
132572551
52441681
0.3
132797998
52441681
0.3
134665820
52441681
0.3
130423879
52441681
0.3
133280962
52441681
0.3
132379720
52441681
0.3
131371293
52442001
0.3
132485504
52441785
0.3
132956343
52441681
0.3
131565786
52441921
0.3
134283929
52441681
0.3
133941980
52441681
0.3
129800432
52441857
0.3
132637697
52441681
0.3
133808823
52441681
0.3
133893377
52441681
0.3
132428487
52441849
0.3
133653840
52441681
0.3
131200254
52441681
0.3
132575856
52441681
0.3
133193715
52441681
0.3
132729775
52441681
0.3
132228613
52441681
0.3
130391461
52441705
0.3
132495454
52441681
0.3
132670631
52441681
0.3
75919208
52450937
0.3
132633034
52441681
0.3
132240336
52441681
0.3
133237880
52441681
0.3
132210820
52441737
0.3
133197109
52441681
0.3
132283444
52441681
0.3
134442918
52441681
0.3
130533641
52441713
0.3
134445987
52441681
0.3
131248221
52441777
0.3
129429058
52441777
0.3
133078732
52441681
0.3
132404024
52441681
0.3
131465629
52441697
0.3
134089235
52441681
0.3
130861129
52441681
0.3
132677911
52441681
0.3
131610283
52441681
0.3
132331222
52441681
0.3
131098225
52441681
0.3
132018150
52441913
0.3
133402097
52441681
0.3
131939973
52441729
0.3
132195179
52441753
0.3
131831962
52441785
0.3
131239181
52441681
0.3
130783610
52441681
0.3
133591169
52441697
0.3
131816136
52441681
0.3
132682068
52441681
0.3
133616986
52441681
0.3
133894534
52441681
0.3
131717218
52441713
0.3
128463298
52441801
0.3
132353202
52441681
0.3
129604636
52441785
0.3
132324679
52441681
0.3
127960911
52442345
0.3
132706437
52441681
0.3
130083321
52441953
0.3
133841059
52441681
0.3
132940019
52441681
0.3
132738716
52441681
0.3
131213919
52441737
0.3
134120153
52441681
0.3
133488610
52441681
0.3
134008738
52441681
0.3
132663056
52441681
0.3
202373016
52448433
0.3
133545458
52441681
0.3
131855244
52441769
0.3
131778878
52441745
0.3
132486480
52441681
0.3
133403791
52441681
0.3
133281309
52441681
0.3
130150150
52441721
0.3
132725708
52441681
0.3
132535378
52441681
0.3
131241230
52441681
0.3
131110000
52441681
0.3
133581237
52441681
0.3
131326738
52441729
0.3
133636531
52441681
0.3
131911567
52441681
0.3
134070202
52441681
0.3
130708266
52441681
0.3
132208991
52441681
0.3
132960268
52441681
0.3
133533938
52441681
0.3
133893982
52441681
0.3
132436227
52441681
0.3
131810168
52441681
0.3
132649678
52441681
0.3
131950582
52441681
0.3
133390157
52441681
0.3
132155147
52441721
0.3
133367485
52441681
0.3
134673539
52441681
0.3
131098284
52441681
0.3
132333056
52441681
0.3
132494088
52441681
0.3
133191038
52441681
0.3
132253647
52441729
0.3
130879913
52441929
0.3
130471928
52441697
0.3
132312882
52441681
0.3
131741273
52441681
0.3
132174695
52441681
0.3
132737911
52441681
0.3
128803340
52441681
0.3
133865359
52441681
0.3
133648831
52441681
0.3
131952358
52441681
0.3
131741995
52441737
0.3
133486060
52441681
0.3
132908342
52441681
0.3
133105796
52441681
0.3
131976519
52441681
0.3
132132453
52441681
0.3
133265230
52441681
0.3
131188906
52441681
0.3
133214080
52441705
0.3
129705419
52441825
0.3
133220183
52441681
0.3
131407814
52441681
0.3
133842524
52441681
0.3
133918813
52441681
0.3
132823844
52441681
0.3
132989104
52441681
0.3
133114811
52441681
0.3
131806217
52441681
0.3
133049059
52441681
0.3
131642521
52441681
0.3
132729102
52441681
0.3
132627571
52441681
0.3
131994645
52441681
0.3
132233632
52441681
0.3
132549902
52441681
0.3
131861840
52441689
0.3
131858197
52441681
0.3
132474175
52441681
0.3
133713364
52441681
0.3
133470397
52441705
0.3
132984002
52441681
0.3
131889582
52441681
0.3
132449662
52441681
0.3
132522233
52441681
0.3
132957309
52441681
0.3
133990990
52441681
0.3
134600189
52441681
0.3
133289524
52441681
0.3
133785801
52441681
0.3
132663239
52441681
0.3
130948711
52441681
0.3
132354152
52441681
0.3
132628932
52441681
0.5
133620727
52441681
0.3
125181127
52442505
0.3
133152237
52441681
0.3
132704165
52441681
0.3
128943756
52441681
0.3
133610195
52441681
0.3
133454791
52441681
0.3
131506061
52441689
0.3
131563076
52441681
0.3
132864486
52441681
0.3
134776429
52441681
0.3
131044063
52441745
0.3
132694570
52441681
0.3
131790760
52441681
0.3
130966147
52441681
0.4
132269298
52441681
0.3
133120588
52441681
0.3
132922616
52441681
0.3
132350430
52441681
0.3
131125846
52441881
0.3
133198377
52441681
0.3
127713369
52441705
0.3
132160819
52441681
0.3
134022560
52441681
0.3
131203964
52441745
0.3
132463969
52441681
0.3
133719666
52441681
0.3
131322098
52441681
0.3
132242430
52441681
0.3
133262272
52441681
0.3
134158477
52441681
0.3
130615871
52441873
0.3
131395665
52441681
0.3
133699159
52441681
0.3
132800282
52441681
0.3
130543644
52441705
0.3
129970094
52441681
0.3
132872413
52441681
0.3
133517833
52441681
0.3
132666479
52441681
0.3
132838154
52441681
0.3
133397292
52441681
0.3
128524570
52442233
0.3
133081258
52441681
0.3
131968646
52441681
0.3
133525609
52441681
0.3
132357458
52441681
0.3
131363541
52441713
0.3
133739333
52441681
0.3
133109095
52441681
0.3
133197575
52441681
0.3
132467890
52442065
0.3
132751948
52441681
0.3
133507209
52441681
0.3
130658469
52441689
0.3
132897155
52441681
0.3
132107344
52441681
0.3
130429600
52441681
0.3
132510722
52441681
0.3
131372384
52441681
0.3
134048149
52441681
0.3
132140200
52441681
0.3
132848285
52441681
0.3
129491882
52442201
0.3
129724810
52441681
0.3
133623863
52441681
0.3
134061672
52441681
0.3
133727128
52441681
0.3
132288809
52441681
0.3
133351990
52441681
0.3
135109790
52441681
0.3
132668233
52441681
0.3
133160972
52441681
0.3
132468659
52441681
0.3
133388499
52441681
0.3
131776645
52441681
0.3
128784175
52441913
0.3
129332794
52442617
0.3
130055623
52441745
0.3
133910731
52441681
0.3
132881863
52441681
0.3
132433031
52441681
0.3
132257852
52441681
0.3
133532796
52441681
0.3
132690439
52441681
0.3
131762284
52441801
0.3
132771028
52441681
0.3
130043486
52441937
0.3
133002739
52441681
0.3
131535801
52441681
0.3
132500105
52441681
0.3
132137739
52441681
0.3
134902230
52441681
0.3
133495929
52441681
0.3
131967203
52441865
0.3
132314533
52441681
0.3
132518747
52441681
0.3
133002942
52441681
0.3
132408013
52441681
0.3
133173842
52441681
0.3
131903708
52441681
0.3
133696979
52441681
0.3
132593605
52441681
0.3
132775491
52441681
0.3
132540944
52441681
0.3
132661197
52441681
0.3
133807149
52441681
0.3
133656960
52441681
0.3
133247811
52441785
0.3
130733567
52442017
0.3
133326634
52441681
0.3
132594452
52441681
0.3
130525789
52441841
0.3
133419028
52441681
0.3
131093416
52441929
0.3
131416000
52441681
0.3
132671800
52441681
0.3
132495017
52441681
0.3
132431952
52441681
0.3
134019716
52441681
0.3
132466799
52441681
0.3
132820475
52441681
0.3
133557327
52441681
0.3
133112137
52441681
0.3
132307886
52441681
0.3
131402432
52441785
0.3
134437305
52441681
0.3
133162929
52441681
0.3
132248474
52441681
0.3
130041074
52441681
0.3
134725351
52441681
0.3
131935784
52441825
0.3
133097493
52441681
0.3
132018610
52441681
0.3
132693767
52441681
0.3
132084251
52441681
0.3
133778564
52441681
0.3
130423074
52441745
0.3
131739540
52441857
0.3
133118928
52441681
0.3
133903037
52441681
0.3
131173589
52441681
0.3
129965957
52441697
0.3
133850080
52441681
0.3
131300991
52441681
0.3
133374001
52441681
0.3
132662131
52441697
0.3
132571245
52441681
0.3
131756793
52441681
0.3
134045439
52441681
0.3
130028512
52441809
0.3
133358468
52441681
0.3
130718100
52441737
0.3
133123398
52441681
0.3
133521099
52441681
0.3
130390609
52441681
0.3
134142800
52441681
0.3
132256640
52441681
0.3
132169704
52441681
0.3
131378540
52441681
0.3
134014692
52441681
0.3
131982833
52441713
0.3
131167603
52441681
0.3
130922677
52441745
0.3
132699738
52441681
0.3
130785455
52441873
0.3
132209478
52441681
0.3
132530921
52441681
0.3
132001761
52441681
0.3
131794385
52441681
0.3
129167182
52441681
0.4
131444756
52441681
0.3
133900602
52441681
0.3
133332889
52441681
0.3
133162273
52441681
0.3
132367078
52441681
0.3
131187662
52441681
0.3
132474182
52441681
0.3
132880651
52441713
0.3
132727695
52441681
0.3
129646833
52441857
0.3
132499934
52441937
0.3
132904222
52441681
0.3
133373413
52441705
0.3
132316817
52441793
0.3
131379033
52441681
0.3
133895783
52441681
0.3
133975245
52441681
0.3
133153899
52441681
0.3
134081356
52441681
0.3
131932941
52441681
0.3
130968107
52441873
0.3
132700928
52441681
0.3
129654708
52441753
0.3
133771646
52441681
0.3
131450235
52441713
0.3
132146923
52441745
0.3
129886145
52441681
0.3
132861913
52441681
0.3
133791772
52441681
0.3
132731060
52441681
0.3
133492117
52441681
0.3
131634498
52441697
0.3
132273316
52441681
0.3
131201057
52441697
0.3
134374541
52441681
0.3
131505033
52441897
0.3
133809717
52441681
0.3
132024356
52441697
0.3
133989758
52441681
0.3
132660141
52441857
0.3
132597328
52441681
0.3
131655761
52441681
0.3
132314503
52441681
0.3
132858526
52441681
0.3
133358172
52441681
0.3
131827415
52441681
0.3
133142366
52441681
0.3
132409458
52441681
0.3
131025796
52441681
0.3
132701129
52441681
0.3
130569531
52441681
0.3
131780059
52441681
0.3
132576041
52441681
0.3
132251614
52441681
0.3
132780775
52441681
0.3
132630649
52441681
0.3
131322294
52441721
0.3
133356799
52441681
0.3
131618874
52441681
0.3
133920830
52441681
0.3
132700491
52441681
0.3
132519198
52441681
0.3
133107339
52441681
0.3
132690527
52441681
0.3
128576171
52441681
0.3
133370088
52441681
0.3
133781016
52441681
0.3
131733248
52441681
0.3
133310023
52441681
0.3
126021013
52442689
0.4
128384824
52441705
0.3
134080131
52441681
0.3
133454198
52441681
0.3
133673155
52441681
0.4
130731876
52441681
0.3
131887079
52441681
0.3
133910248
52441681
0.3
133256357
52441681
0.3
129945295
52441729
0.3
132958906
52441681
0.3
132689343
52441681
0.3
132393053
52441753
0.3
133079547
52441681
0.3
133603738
52441681
0.3
131132448
52441681
0.3
131294340
52441889
0.3
132648957
52441681
0.3
134878283
52441681
0.3
131775260
52442145
0.3
133487380
52441681
0.3
132910777
52441681
0.3
129763896
52441681
0.3
125374099
52442953
0.3
132653965
52441681
0.3
132350527
52441681
0.3
133269867
52441681
0.3
130816348
52441681
0.3
132039094
52441881
0.3
133843508
52441681
0.3
132560946
52441681
0.3
133176773
52441681
0.3
126019666
52442177
0.3
133533662
52441681
0.3
130559363
52441697
0.3
130813321
52441681
0.3
131852667
52441681
0.3
132311112
52441681
0.3
133922002
52441681
0.3
132071899
52441681
0.3
101850806
52446705
0.3
131257490
52441705
0.3
131788365
52441681
0.3
132564961
52441681
0.3
132686949
52441681
0.3
132775419
52441801
0.3
132417674
52441681
0.3
133069070
52441681
0.3
134651927
52441681
0.3
129329139
52441681
0.3
132409772
52441681
0.3
131811725
52441713
0.3
130030432
52441681
0.3
133485197
52441681
0.3
133097637
52441681
0.3
130907541
52441737
0.3
133052084
52441681
0.3
130394868
52441681
0.3
131606019
52441705
0.3
132939612
52441681
0.3
133431112
52441681
0.3
131106542
52441769
0.3
133583490
52441681
0.3
135143067
52441681
0.3
134119069
52441681
0.3
134029864
52441681
0.3
129680420
52442337
0.3
132704198
52441785
0.3
133627894
52441681
0.3
129675760
52442137
0.3
133991809
52441681
0.3
130233577
52441705
0.3
133590050
52441681
0.3
131691769
52441689
0.3
133291273
52441681
0.3
133344045
52441681
0.3
132209166
52441681
0.3
129106726
52441809
0.3
128887041
52442017
0.3
133849991
52441681
0.3
133712739
52441681
0.3
133079896
52441737
0.3
130062671
52441681
0.3
129851031
52442049
0.3
132866813
52441681
0.3
132839389
52441681
0.3
133457981
52441681
0.3
133317930
52441681
0.3
132841282
52441681
0.3
133462132
52441681
0.3
132767465
52441697
0.3
132349428
52441681
0.3
133549031
52441681
0.3
132927323
52441681
0.3
132139158
52441681
0.3
132528854
52441681
0.3
133620871
52441681
0.3
132201784
52441681
0.3
132490569
52441681
0.3
131925166
52441681
0.3
131975906
52441681
0.3
134545532
52441681
0.3
132651406
52441681
0.3
134663833
52441681
0.3
131317276
52441681
0.3
131450990
52441753
0.3
130231499
52441681
0.3
132121048
52441681
0.3
132127073
52441705
0.3
132818159
52441681
0.3
133939236
52441681
0.3
130097411
52441793
0.3
132900148
52441681
0.3
132608469
52441681
0.3
132427525
52441681
0.3
130772692
52441681
0.3
133149783
52441681
0.3
134227179
52441681
0.3
132553425
52441681
0.3
134072955
52441681
0.3
132621039
52441681
0.3
131572540
52441737
0.3
133465955
52441681
0.3
132903276
52441681
0.3
134186034
52441681
0.3
133903102
52441681
0.3
134380536
52441681
0.3
132685104
52441681
0.3
134021708
52441681
0.3
133812675
52441681
0.3
132922891
52441681
0.3
133191564
52441777
0.3
133328483
52441681
0.3
132683131
52441681
0.3
133274975
52441681
0.3
131496355
52441721
0.3
132792370
52441681
0.3
131403288
52441681
0.3
133396773
52441681
0.3
134116264
52441681
0.3
133078305
52441681
0.3
129020821
52442225
0.3
130717921
52441809
0.3
131096947
52441681
0.3
131957974
52441785
0.3
74888176
52451865
0.3
134028215
52441681
0.3
133350647
52441681
0.3
132971981
52441681
0.3
125248100
52442289
0.3
133314450
52441681
0.3
128096318
52441905
0.3
134086085
52441681
0.3
132733059
52441681
0.3
133024744
52441681
0.3
129715865
52441681
0.3
131270514
52441681
0.3
133443474
52441681
0.3
132275350
52441681
0.3
132332127
52441681
0.3
131889398
52441713
0.3
133574244
52441681
0.3
131905090
52441681
0.3
131096962
52441681
0.3
132665160
52441681
0.3
132891921
52441681
0.3
131926475
52441681
0.3
132861328
52441681
0.3
132397174
52441681
0.3
133700516
52441681
0.3
132174163
52441681
0.3
131798288
52441681
0.3
133318283
52441681
0.3
132805920
52441681
0.3
133953527
52441681
0.3
133889741
52441681
0.3
132116155
52441681
0.3
131683503
52441681
0.3
134571485
52441681
0.5
139009887
52442089
0.3
133663595
52441681
0.3
132514404
52441697
0.3
133814981
52441681
0.3
132239419
52441681
0.3
132891297
52441681
0.3
132858284
52441681
0.3
128497085
52442145
0.3
133051652
52441681
0.3
132416432
52441681
0.3
134542813
52441681
0.3
134253077
52441681
0.3
133817935
52441681
0.3
133916228
52441681
0.3
132294841
52441681
0.3
130026645
52441745
0.3
132905982
52441681
0.3
131026059
52441833
0.3
129257709
52441817
0.3
130875739
52442001
0.3
132894043
52441681
0.3
132686139
52441681
0.3
132710504
52441681
0.3
130435557
52442009
0.3
132821655
52441681
0.3
133828030
52441681
0.3
130907322
52441745
0.3
132358715
52441681
0.3
132487841
52441681
0.3
131974463
52441681
0.3
132647908
52441681
0.3
132483741
52441681
0.3
131957670
52441681
0.3
134007338
52441681
0.3
133328901
52441681
0.3
133417029
52441681
0.3
132750969
52441681
0.3
132471578
52441681
0.3
132473354
52441681
0.3
133799986
52441681
0.3
133789667
52441681
0.3
133509241
52441681
0.3
129882585
52441881
0.3
134769758
52441681
0.3
133088849
52441681
0.3
131061068
52441681
0.3
130793637
52441849
0.3
132464561
52441681
0.3
132712675
52441681
0.3
131831216
52441681
0.3
131851902
52441681
0.3
132938405
52441681
0.3
131414096
52441817
0.3
132231283
52441681
0.3
134216990
52441681
0.3
132658949
52441681
0.3
131777954
52441681
0.3
132137049
52441681
0.3
132621129
52441681
0.3
131002500
52441681
0.3
132331448
52441681
0.3
132260434
52441681
0.3
133864423
52441809
0.3
132125004
52441745
0.3
133037177
52441681
0.3
131878996
52441681
0.3
132170958
52441681
0.3
133667083
52441681
0.3
129236277
52441929
0.3
130702675
52441897
0.3
128685327
52442073
0.3
130255162
52441681
0.3
128543611
52441761
0.3
132723529
52441681
0.3
133288085
52441681
0.3
133545511
52441681
0.3
133512270
52441681
0.3
133498953
52441681
0.3
132273911
52441681
0.3
133286291
52441681
0.3
131978249
52441681
0.3
131888439
52441681
0.3
133864864
52441681
0.3
132025880
52441681
0.3
130489927
52441681
0.3
131872760
52441681
0.3
132947465
52441681
0.3
131200924
52441681
0.3
132719379
52441681
0.3
133757664
52441681
0.3
133123910
52441681
0.3
132086723
52441681
0.3
131322610
52441681
0.3
133299660
52441705
0.3
133695366
52441681
0.3
131064293
52441681
0.3
133455634
52441681
0.3
133370546
52441681
0.3
133219687
52441681
0.3
133665272
52441681
0.3
131490837
52441681
0.3
129952563
52441681
0.3
131649493
52441705
0.3
132539423
52441729
0.3
100715293
52447001
0.3
128841293
52441729
0.3
130932156
52441681
0.3
131186286
52441681
0.3
130877858
52441681
0.3
129188869
52442233
0.3
130362635
52441681
0.3
132921163
52441681
0.3
128926278
52442137
0.3
133017735
52441681
0.3
131671008
52441681
0.3
133697254
52441681
0.3
131844352
52441721
0.3
133714121
52441681
0.3
134012356
52441681
0.3
133094298
52441681
0.3
133517077
52441681
0.3
132472567
52441681
0.3
129214433
52441681
0.3
132504835
52441681
0.3
132731166
52441681
0.3
131951654
52441777
0.3
133006391
52441681
0.3
129875793
52441857
0.3
133093959
52441681
0.3
130986550
52441681
0.3
133391174
52441681
0.3
133337480
52441681
