im-chacha-poly-4096
1000
08/28/18
0.9
141765165
52441889
0.9
142802704
52441705
0.9
143814026
52442385
0.9
143298029
52442313
0.9
145995609
52442249
0.9
145406729
52442377
0.9
143598734
52442217
0.9
144889391
52442041
1.0
145780279
52442369
0.9
144421574
52442137
0.9
143099487
52441825
0.9
145391676
52441705
0.9
139494643
52441737
1.0
142157619
52442673
0.9
144784986
52441697
0.9
145872357
52442249
0.9
144676028
52442129
0.9
145754545
52442289
0.9
143756708
52442305
0.9
145094239
52442073
0.9
145736684
52442241
0.9
140416082
52442145
0.9
141369663
52442409
0.9
144646490
52442153
0.9
146442437
52441873
0.9
142500828
52441849
0.9
146187031
52441889
0.9
144944506
52442145
0.9
142946919
52441969
0.9
143404929
52441705
0.9
145071932
52441873
0.9
142142389
52441897
0.9
144463940
52441945
0.9
145340765
52442185
0.9
142732553
52442257
0.9
143882756
52442393
0.9
146657719
52442121
0.9
145719944
52442185
0.9
141666828
52441697
0.9
146346245
52442225
0.9
143910892
52442057
1.0
143197956
52442361
0.9
141056327
52441745
0.9
144421244
52441705
0.9
140263208
52441849
0.9
145244860
52442001
0.9
143434493
52441873
0.9
144190566
52442113
0.9
144011265
52441921
0.9
143468578
52441737
1.0
143041647
52442033
0.9
146140054
52441937
0.9
142857052
52441833
0.9
145528341
52441969
0.9
145168214
52441913
0.9
141461052
52441913
1.0
145297635
52442065
0.9
140711239
52441713
1.0
143233662
52442489
1.0
144812342
52442361
0.9
139732827
52442105
0.9
143666510
52442185
0.9
140975863
52441737
1.0
140538507
52442361
1.0
141134388
52442401
1.0
146565806
52442241
0.9
146034045
52442217
0.9
143383346
52441737
0.9
141162023
52441697
0.9
144780565
52441961
0.9
139592018
52441769
0.9
146694809
52441921
0.9
145982438
52441985
0.9
141887424
52442201
0.9
144398513
52441977
0.9
140722322
52441697
0.9
144474358
52442273
0.9
145890741
52441865
0.9
144748194
52441849
0.9
145087959
52441729
0.9
143532727
52441985
1.0
145456126
52442177
0.9
145725267
52442225
0.9
144913956
52442049
1.0
146439048
52442305
0.9
142284271
52441737
1.0
142195703
52442057
0.9
145994752
52442289
0.9
144685111
52441721
0.9
143931340
52442001
0.9
143496098
52442129
0.9
142086728
52442353
0.9
143066627
52441705
0.9
141013951
52442193
0.9
144808668
52442121
0.9
142728773
52441705
0.9
144231144
52441897
0.9
143374907
52442161
0.9
146860107
52441961
0.9
144023553
52442057
0.9
146211824
52442105
0.9
141529981
52441705
0.9
144741083
52441737
0.9
139602927
52441777
0.9
144855594
52441921
0.9
144269892
52442193
0.9
144630453
52441849
0.9
143693910
52442385
0.9
143925222
52441921
1.0
134721759
52442185
0.9
145647237
52442121
0.9
145291715
52441881
0.9
144343168
52441977
0.9
143430622
52441705
1.0
142975492
52442369
1.0
143446321
52441801
0.9
143848647
52442113
0.9
143579627
52442353
0.9
143792269
52441993
0.9
144803081
52442257
0.9
144287429
52442177
0.9
144985273
52441857
0.9
144867442
52442321
0.9
144779700
52442265
0.9
146190433
52441833
1.0
144443743
52442193
0.9
141943619
52441985
0.9
144004610
52441905
0.9
145184161
52442137
0.9
144773778
52442337
0.9
144466138
52441761
0.9
142234634
52442057
0.9
142872918
52442033
0.9
143667936
52442233
0.9
142507788
52442129
0.9
146303238
52442265
0.9
144641976
52441945
0.9
146143808
52442057
0.9
143014939
52441737
0.9
144900962
52442017
0.9
144579698
52441737
0.9
144162473
52441737
0.9
144719572
52442209
1.0
142858431
52442217
0.9
143630175
52441801
0.9
142235418
52442321
1.0
141126655
52442209
0.9
142407368
52441737
0.9
145134092
52442241
0.9
141777950
52441753
0.9
144223950
52442185
0.9
143947951
52441737
0.9
142234790
52441737
0.9
146468424
52441969
0.9
144995733
52441697
0.9
141572708
52442353
0.9
136895965
52442033
0.9
140307962
52442289
0.9
145890678
52442041
1.0
143913121
52442417
0.9
143092419
52441769
0.9
142789804
52442089
0.9
143749237
52442153
0.9
141919159
52442105
0.9
144157273
52441969
0.9
146701746
52442017
0.9
142698271
52441753
0.9
141847802
52442177
0.9
144206802
52442377
0.9
146075621
52442177
0.9
140853394
52441913
0.9
144144014
52441897
0.9
145426581
52441937
0.9
144855303
52442073
0.9
143643306
52442097
0.9
142959981
52441977
0.9
141036949
52441737
1.0
145567899
52442129
0.9
144531075
52442417
0.9
144465300
52441969
0.9
143490313
52441793
0.9
145662775
52442081
1.0
144978716
52442417
0.9
144393803
52442097
0.9
143278780
52441729
0.9
145810583
52441945
0.9
144474054
52441721
0.9
143239914
52441705
0.9
141727716
52441729
0.9
145756659
52442097
0.9
145105634
52442121
0.9
145056096
52442097
0.9
142400350
52441905
0.9
144455854
52441745
0.9
143808564
52441873
0.9
145674050
52441713
0.9
146611491
52441785
0.9
144260817
52441841
0.9
146699855
52442097
0.9
144943522
52442193
0.9
142366789
52441737
0.9
140699836
52441737
0.9
145637581
52441937
0.9
145877716
52442097
0.9
142689232
52441737
0.9
143503793
52441705
1.0
140077840
52442353
0.9
146599657
52442025
0.9
145861882
52441817
0.9
144326105
52441785
1.0
145481088
52442049
0.9
144492048
52441913
0.9
145010163
52441737
0.9
142676650
52442129
0.9
138497369
52441705
0.9
145193076
52441921
0.9
144029234
52441857
0.9
144238217
52441841
0.9
145217049
52442001
0.9
146398297
52441897
0.9
145960413
52442281
0.9
141043483
52441697
0.9
146624992
52441913
0.9
141337737
52441737
1.0
146413866
52442257
0.9
144939629
52442049
0.9
144767138
52442017
0.9
142097823
52441953
0.9
144032034
52442009
0.9
143384919
52442033
1.0
146621223
52442273
0.9
142828659
52441993
0.9
143878349
52441825
0.9
147161472
52442161
1.0
139469342
52442361
0.9
147980384
52442169
0.9
145257312
52441737
0.9
143604379
52442017
0.9
144110464
52441697
0.9
142105784
52442145
0.9
145407881
52442105
0.9
144161978
52442441
0.9
146304288
52441777
0.9
144630051
52441929
0.9
143165870
52442089
0.9
146745246
52442169
0.9
142347444
52442449
0.9
144643193
52441929
0.9
143161671
52442249
0.9
141832656
52441785
0.9
143456655
52441705
1.0
142765836
52442385
0.9
146665046
52442401
0.9
146010663
52442057
0.9
145254704
52442313
0.9
144437128
52442297
0.9
141150254
52441737
0.9
145408154
52441921
0.9
145348138
52441945
0.9
142085235
52442145
0.9
145605903
52442049
1.0
143386105
52442265
0.9
144846874
52441961
0.9
144844851
52442289
0.9
144489157
52441905
0.9
143983872
52442257
0.9
145671217
52441969
0.9
145279191
52441713
0.9
144996546
52442089
1.0
144854073
52442105
0.9
141417503
52441697
0.9
144009519
52441737
0.9
144799617
52441745
1.0
143800424
52442129
0.9
142950474
52442073
1.0
146103885
52442201
0.9
142986483
52442329
0.9
143667573
52441745
0.9
143642848
52442345
0.9
135871160
52442145
0.9
143509794
52441905
0.9
139597792
52441729
0.9
142967510
52442161
0.9
144274498
52441737
0.9
144793211
52442353
0.9
145378006
52442137
0.9
145734922
52442393
0.9
143926834
52441969
0.9
146832372
52442049
0.9
143744654
52442121
0.9
139692629
52441953
0.9
143215545
52442177
0.9
146617870
52442369
0.9
143141296
52441833
0.9
144295877
52442217
0.9
143329341
52441937
0.9
144730892
52442145
0.9
143107285
52441697
1.0
142577019
52442409
0.9
144530669
52441969
0.9
144642949
52442353
0.9
143918748
52441993
1.0
145193208
52442089
0.9
146306283
52442385
0.9
143902926
52442297
0.9
145036286
52441833
1.0
144104628
52442417
0.9
145757546
52441937
0.9
147870879
52442073
0.9
143991119
52441889
1.0
139629864
52441753
0.9
144565680
52441897
0.9
141726346
52441969
0.9
146671897
52441737
0.9
145267269
52442137
0.9
144947171
52442009
0.9
143053210
52441865
0.9
142392854
52442049
0.9
141994604
52442329
0.9
144403498
52442201
0.9
146136775
52442393
1.0
142498799
52442233
0.9
143236450
52442129
0.9
141360279
52441841
0.9
146847633
52441929
0.9
145672650
52442185
0.9
144202500
52441769
0.9
144193567
52442105
0.9
143828125
52442169
0.9
144799656
52442129
0.9
139460489
52442193
0.9
145474554
52441969
1.0
143171880
52441849
0.9
145012593
52442113
0.9
144391891
52442177
0.9
143195742
52441697
0.9
141615303
52442409
0.9
146671243
52441937
0.9
145694152
52441753
0.9
142154653
52441729
0.9
144253946
52442025
0.9
141006024
52441993
0.9
143899432
52442017
0.9
145329423
52441937
0.9
140950158
52442305
0.9
143761362
52441953
0.9
145938960
52442161
0.9
146173854
52442161
0.9
144563572
52442065
1.0
143263744
52441921
0.9
145391921
52442001
0.9
143990910
52441969
0.9
146140316
52442353
0.9
142970989
52442097
0.9
144084344
52442073
0.9
138683537
52442409
0.9
145277644
52442081
0.9
145213325
52442281
0.9
144223605
52442257
0.9
144744371
52442353
0.9
144247834
52441945
0.9
145824623
52441945
1.0
144114486
52442313
0.9
144081755
52441937
0.9
143118800
52441945
0.9
143669560
52442161
1.0
144229595
52441697
0.9
142757064
52441817
0.9
142411475
52441953
0.9
146638904
52441865
0.9
142444627
52441753
0.9
142564705
52442281
1.0
146462796
52442313
0.9
142346849
52441745
0.9
144577118
52442209
1.0
142011479
52442153
0.9
145685220
52441721
0.9
145758520
52441801
0.9
144824313
52442025
0.9
144712295
52442129
0.9
142598614
52441977
0.9
144397281
52441945
0.9
144729627
52442289
0.9
143258913
52441697
1.0
145268345
52442297
0.9
145162367
52442129
0.9
144707281
52441857
0.9
143814127
52441993
0.9
145895407
52441937
0.9
145500300
52441993
0.9
145444259
52441873
1.0
145259613
52442201
0.9
142170654
52441697
0.9
144749352
52441705
0.9
142632254
52441737
0.9
146432637
52442249
0.9
143301060
52442169
1.0
142082834
52442169
0.9
145222443
52442257
0.9
145100179
52442393
0.9
145115226
52441721
1.0
142455645
52441713
0.9
145191130
52441897
1.0
146593315
52442001
1.0
142759700
52441993
0.9
140616462
52441937
0.9
143926854
52442025
0.9
142076184
52442129
0.9
144389587
52442073
0.9
142953459
52441769
0.9
143686908
52441937
0.9
142797955
52442073
0.9
144410222
52442137
0.9
145363444
52441777
0.9
144197587
52441705
0.9
145080850
52442313
0.9
145218127
52442025
0.9
144545051
52442225
0.9
145929396
52442121
1.0
140614638
52442457
0.9
144548354
52442113
0.9
141843728
52442065
0.9
144891199
52442481
0.9
145553207
52441809
0.9
145649059
52442337
0.9
142687622
52442001
0.9
146390474
52442009
1.0
141469068
52441681
0.9
144022452
52442297
0.9
142374753
52442457
0.9
141995925
52442361
0.9
145987578
52441953
1.0
140401687
52442249
0.9
145973423
52441825
0.9
144287421
52441697
0.9
146917083
52442065
0.9
144407558
52441889
0.9
143840853
52442273
1.0
141629889
52442385
0.9
142981448
52441905
0.9
143045584
52442169
0.9
144358567
52441929
0.9
141978312
52441897
0.9
143446101
52441889
0.9
143577861
52441721
0.9
141183875
52441697
0.9
143653971
52442177
0.9
144272847
52441865
0.9
145847647
52442225
0.9
143169352
52441697
0.9
143906040
52442305
0.9
144350703
52441889
0.9
142215621
52441833
0.9
145899786
52442153
0.9
145144116
52441961
0.9
145697901
52441857
1.0
140291412
52442241
0.9
146386655
52441961
1.0
141353466
52442369
0.9
143287582
52441929
0.9
141149604
52442193
1.0
144471516
52442017
0.9
144528861
52442065
0.9
143312543
52441801
0.9
144129911
52442065
0.9
145665138
52441913
0.9
145707715
52442081
0.9
142416804
52441705
0.9
144007658
52441753
0.9
140594682
52441825
0.9
139750613
52442241
1.0
138513048
52442473
1.0
141033287
52441681
0.9
145027300
52441953
0.9
140875641
52442065
0.9
142809729
52442105
0.9
145035419
52441793
0.9
143756231
52441833
0.9
139243489
52441705
0.9
144857852
52442265
0.9
143733531
52442305
1.0
141408824
52442409
0.9
145184033
52442113
0.9
146267746
52442193
0.9
145097233
52442185
0.9
140445299
52442425
0.9
141775692
52442297
0.9
142415913
52442537
1.0
144522561
52442137
0.9
143269982
52441921
1.0
138496235
52441721
0.9
141987726
52441705
0.9
144810366
52442073
0.9
143808021
52442385
0.9
142538737
52442145
0.9
143248227
52442369
0.9
144438051
52442241
0.9
147226465
52442233
0.9
147588968
52441953
0.9
146365899
52442369
0.9
145180845
52442033
0.9
146102191
52442241
1.0
143784848
52442393
0.9
140554009
52441801
0.9
145478769
52442129
0.9
144182657
52441841
0.9
145146210
52441985
0.9
138146671
52441809
0.9
144911765
52441913
0.9
147125374
52441977
0.9
145404386
52442009
1.0
145619007
52442177
0.9
146046473
52441697
0.9
143586375
52441737
0.9
146025073
52441889
1.0
142595212
52442137
0.9
143266520
52441889
0.9
146156029
52442105
0.9
147406544
52441969
1.0
143782019
52441705
0.9
142481507
52441929
0.9
146857062
52442025
0.9
141248755
52441961
0.9
142771664
52441697
0.9
144551082
52442073
0.9
145928646
52442041
1.0
139970878
52441689
0.9
144126162
52442361
0.9
143409284
52441993
0.9
143160879
52441721
0.9
141415138
52442537
0.9
142977867
52442257
0.9
144340440
52441969
0.9
144632841
52442017
0.9
144451425
52442065
0.9
145595729
52441697
0.9
139593734
52442241
0.9
145491707
52442073
0.9
143355735
52442361
0.9
145540689
52441857
0.9
140774190
52442337
0.9
145017600
52441697
0.9
143464830
52441921
1.0
143508335
52442241
0.9
143380152
52442113
0.9
144688436
52441945
0.9
145350799
52441889
0.9
143450558
52442049
0.9
143120017
52442257
0.9
144530486
52442265
0.9
145215834
52441753
0.9
146160362
52442161
1.0
135352956
52443249
0.9
144026990
52441857
0.9
140214866
52441961
0.9
142166303
52441697
0.9
144414917
52441729
0.9
140386334
52441737
0.9
142906874
52441937
0.9
144213990
52441785
0.9
143545037
52441977
0.9
145877361
52442137
0.9
143746723
52441705
0.9
144739704
52441697
0.9
143937581
52442105
0.9
144011449
52442193
0.9
145613911
52442105
0.9
140620707
52442329
0.9
143407700
52441785
0.9
140357795
52442113
0.9
146456819
52442417
0.9
142403683
52441705
0.9
142741702
52441817
0.9
145863603
52442233
0.9
145978395
52441977
0.9
141061878
52441809
0.9
143211987
52442265
1.0
145352242
52441697
0.9
144746823
52442305
0.9
143380192
52442265
1.0
144185578
52442393
0.9
145359937
52442257
0.9
146019896
52442097
0.9
146531659
52442049
0.9
144019034
52442121
1.0
142106377
52442225
0.9
145927620
52441937
0.9
141708589
52442145
0.9
144489062
52441865
0.9
145755832
52441977
0.9
140964331
52442033
1.0
145665517
52442297
0.9
145185526
52442193
0.9
145128250
52441953
0.9
141705300
52442361
0.9
145971075
52442113
0.9
141440542
52441961
0.9
139639207
52442121
0.9
146338814
52442217
0.9
143932588
52441937
0.9
144569437
52441873
0.9
143776482
52442049
0.9
145981398
52442329
0.9
145922907
52442193
0.9
145345079
52442193
0.9
141913011
52442105
1.0
143760449
52442193
0.9
144923021
52442025
0.9
138203224
52441729
0.9
143871254
52441969
0.9
142905521
52442153
0.9
141815913
52442113
1.0
141569329
52441753
0.9
144389659
52442337
0.9
141388894
52442081
0.9
140786372
52441705
0.9
143280846
52441721
0.9
145813668
52442345
0.9
144845790
52441961
0.9
140178767
52441753
0.9
146313578
52441937
0.9
145953869
52442257
1.0
140737045
52442353
0.9
145674884
52441857
0.9
146049350
52441905
0.9
144014592
52441833
0.9
145988214
52441753
0.9
144009454
52442065
0.9
143547954
52442097
0.9
140435194
52441745
0.9
143501686
52441785
0.9
145660871
52442361
0.9
143733660
52441977
0.9
144603169
52442033
0.9
146341724
52442081
0.9
144583995
52442297
0.9
143426136
52442049
0.9
146269677
52442041
0.9
143459082
52442385
0.9
145124966
52441705
0.9
144506591
52442185
0.9
143027329
52441705
0.9
141619243
52441697
0.9
146178267
52441977
0.9
143363160
52442233
0.9
144275514
52441697
0.9
147560362
52442209
0.9
139422432
52441777
0.9
143790088
52441953
1.0
144604592
52442289
0.9
145884736
52442097
0.9
142422765
52442169
0.9
145691275
52442041
0.9
144425044
52442345
0.9
144508600
52441769
0.9
145851763
52441937
0.9
144856786
52442169
1.0
141544702
52442449
0.9
142317203
52441977
0.9
145940585
52442225
0.9
144645826
52442041
0.9
142370083
52442105
0.9
145394709
52441881
0.9
142743165
52442137
1.0
147121328
52442249
0.9
143471106
52442113
0.9
140054365
52441761
1.0
138913964
52442177
0.9
146008846
52441809
0.9
146539092
52442153
0.9
144244807
52442025
0.9
142699178
52442105
1.0
141923869
52442385
0.9
144599002
52442097
0.9
143649125
52441977
0.9
145030303
52441889
0.9
144579704
52441969
0.9
143981154
52442097
0.9
141554970
52441705
1.0
144466320
52442193
0.9
145877527
52441937
1.0
144809969
52442297
0.9
144524000
52442201
0.9
146570303
52442121
1.0
142169563
52442273
0.9
147419843
52442193
1.0
143609649
52442073
0.9
144389068
52442161
1.0
146219866
52442249
0.9
141436864
52442385
0.9
141849255
52441761
0.9
145260747
52442169
0.9
140742371
52441737
0.9
144611539
52442321
0.9
145439723
52441937
0.9
144357715
52442137
0.9
143782934
52442225
0.9
145973196
52441849
0.9
143455368
52441969
0.9
143417900
52442017
0.9
143965971
52442145
0.9
140577405
52441705
0.9
145566336
52441737
0.9
146197387
52442025
1.0
144120048
52442113
0.9
143592378
52441705
0.9
144572839
52442297
0.9
145364836
52442241
0.9
146151398
52441977
0.9
144916494
52441729
1.0
140873709
52441969
0.9
141418487
52442433
0.9
145233021
52442441
0.9
145237974
52441793
0.9
146229204
52441697
0.9
141691387
52441705
0.9
147070813
52441937
0.9
142495998
52441865
0.9
143874643
52442057
0.9
132591140
52441737
1.0
142744131
52442265
0.9
142797331
52442449
0.9
145703765
52441745
0.9
139888110
52441857
0.9
141714189
52442137
0.9
144922780
52441737
0.9
145188459
52441745
0.9
146289943
52441809
0.9
143295868
52441729
0.9
142297850
52442097
0.9
145159022
52441753
0.9
143590486
52442313
0.9
144833811
52442105
0.9
144790887
52442049
0.9
143493933
52441953
0.9
142745869
52441737
1.0
142495632
52442265
0.9
143062555
52441753
0.9
143236243
52442097
0.9
142437303
52442345
0.9
141617065
52441969
0.9
142612612
52442153
0.9
144300351
52441777
0.9
144989715
52442089
0.9
138850834
52441705
0.9
145523765
52441881
0.9
141415905
52442161
0.9
145832268
52442057
0.9
142186609
52441697
0.9
144915485
52441825
0.9
143894736
52442273
1.0
144421871
52442169
0.9
142408672
52441849
0.9
146898181
52442169
0.9
143601316
52441761
0.9
145542901
52442105
0.9
144440215
52441865
0.9
144984046
52442073
0.9
140351472
52441745
0.9
143924485
52442393
0.9
136913967
52441713
0.9
143459904
52442289
0.9
141280435
52442497
0.9
142622243
52441833
0.9
142566062
52442345
1.0
140006356
52442193
0.9
143446197
52442409
0.9
141084509
52441705
0.9
144108631
52441737
0.9
143437375
52442161
0.9
146040897
52442089
0.9
142585026
52441993
0.9
144994519
52442097
0.9
146084233
52442001
0.9
146362835
52442081
0.9
142063889
52442113
0.9
141085747
52441737
0.9
145391380
52442337
1.0
141499915
52441697
0.9
143553138
52441697
0.9
143559266
52441705
1.0
145574050
52442345
0.9
146337081
52442185
0.9
146602076
52442033
0.9
145189642
52441897
0.9
143557185
52441889
0.9
145098743
52442001
0.9
146447528
52442089
0.9
146900573
52441881
0.9
142192534
52442073
0.9
145964635
52442105
0.9
141768731
52441865
0.9
142035113
52441881
0.9
146175592
52442217
1.0
142986642
52442305
0.9
143632612
52441737
0.9
141875587
52441697
0.9
144197582
52441785
0.9
144630646
52442305
0.9
144487288
52441697
0.9
145837758
52442105
0.9
144190138
52442193
0.9
145375189
52442161
0.9
140019814
52441737
0.9
142305751
52442321
0.9
139929259
52442433
0.9
139486717
52442305
0.9
144139562
52442049
0.9
144697377
52442129
0.9
144494185
52442065
0.9
144370346
52441737
0.9
146126083
52442345
1.0
141952502
52442313
1.0
137697995
52442265
0.9
143780354
52442337
0.9
145128113
52441977
0.9
146357257
52441745
0.9
145565228
52442089
0.9
145857688
52442433
0.9
143146710
52441881
0.9
141038264
52441945
0.9
145656825
52441737
0.9
144874871
52441689
0.9
141953196
52441705
0.9
140412747
52441737
0.9
144008912
52442161
1.0
145943121
52442337
0.9
145337345
52442105
0.9
143738937
52441705
0.9
145557773
52441753
0.9
146120617
52442041
0.9
143017535
52441737
1.0
141399421
52442145
0.9
145538009
52441897
0.9
145299655
52442281
0.9
145374192
52441961
0.9
144347569
52442089
0.9
144479934
52441913
1.0
146408073
52441721
0.9
143878783
52441697
0.9
147454003
52442073
0.9
145428018
52441833
0.9
145188023
52441865
0.9
144135234
52441945
0.9
143249252
52441753
0.9
144678753
52442041
0.9
145232198
52441953
0.9
145865042
52442169
0.9
139544235
52441889
0.9
144527744
52441929
0.9
144479965
52442041
0.9
145203290
52441729
1.0
144896293
52442161
0.9
144475108
52442193
0.9
143832276
52442025
0.9
144627960
52441953
0.9
144865385
52442129
0.9
144684317
52442257
1.0
142308633
52442353
0.9
145623641
52441697
0.9
144713405
52441857
0.9
145424211
52442153
1.0
136702907
52442049
0.9
145555252
52442049
0.9
141902938
52441793
0.9
145008844
52442105
1.0
146520053
52442257
0.9
138256910
52441929
0.9
141179055
52442025
0.9
142083990
52441825
1.0
141545035
52441985
1.0
143272622
52442521
1.0
139783748
52442409
0.9
140871017
52441969
0.9
142044272
52441697
0.9
144145332
52442393
0.9
139959514
52442065
0.9
143111602
52441745
0.9
144202072
52442361
0.9
143413454
52442089
0.9
145188597
52442305
0.9
142011956
52441697
0.9
143471523
52442201
0.9
146868065
52442313
0.9
141875303
52441753
1.0
136195418
52442225
0.9
146000251
52442257
0.9
145641794
52441929
0.9
144616918
52441729
0.9
145259336
52441769
0.9
145156759
52442097
0.9
143963130
52442049
0.9
141384973
52442121
0.9
146155092
52442417
0.9
146023173
52441705
0.9
144111513
52441873
1.0
141997724
52442113
0.9
144192591
52441737
0.9
143756701
52441737
0.9
143490370
52441729
0.9
146165542
52442353
0.9
144111619
52441841
0.9
144457229
52442009
0.9
142737498
52442145
0.9
146150687
52442185
0.9
145405098
52441857
0.9
144290442
52442345
0.9
143010604
52441937
0.9
144254980
52441721
0.9
144079355
52442321
0.9
144473946
52442161
0.9
146588548
52442185
0.9
143835315
52442545
0.9
144790906
52441737
0.9
142885180
52441697
0.9
143503733
52442025
0.9
146734626
52442313
1.0
145030757
52441985
0.9
143157026
52442001
0.9
144535391
52442105
0.9
142664337
52442153
0.9
145490173
52441985
0.9
144561578
52441737
0.9
145624686
52442217
0.9
144768395
52441985
0.9
141998002
52441729
0.9
142670079
52442449
0.9
143331006
52442417
0.9
145149037
52441977
0.9
144709918
52441753
0.9
143360587
52442201
0.9
141729034
52441777
0.9
142660214
52442113
0.9
146172335
52442297
0.9
144279276
52442217
0.9
146141279
52441961
0.9
143675319
52442185
0.9
144453219
52442281
0.9
146293417
52441937
0.9
144304304
52441977
0.9
142808667
52441945
0.9
142085166
52442025
0.9
144489524
52441697
0.9
145967614
52442121
0.9
145957947
52442041
0.9
141674671
52442169
0.9
143924888
52441913
0.9
143013303
52442313
0.9
145560199
52442257
0.9
145247699
52441785
0.9
144662945
52441945
0.9
146103585
52442065
0.9
146633431
52441921
0.9
143308985
52441697
1.0
144830003
52442121
0.9
143086908
52441769
0.9
140533873
52442257
0.9
145001826
52442113
0.9
144812409
52442337
0.9
144225650
52442057
0.9
142939028
52442057
0.9
144158411
52442001
0.9
141603199
52441913
0.9
144031520
52441937
0.9
143495385
52442025
0.9
145276665
52441785
0.9
142191983
52442113
0.9
143847050
52442153
0.9
140691131
52442017
0.9
144090108
52442049
0.9
142522992
52441825
0.9
143130023
52442025
0.9
143474816
52442209
0.9
142728072
52441921
0.9
144167756
52442033
0.9
146570701
52442297
0.9
144870896
52442257
0.9
142096738
52441993
0.9
141868664
52442273
0.9
143181925
52441913
0.9
144593244
52442161
0.9
145141528
52442089
0.9
145843977
52442001
1.0
145744920
52442081
0.9
139895383
52442265
0.9
144565575
52442345
0.9
143206433
52441721
0.9
140561343
52442145
0.9
147217108
52442193
0.9
145507759
52441809
0.9
145926898
52442185
0.9
145056768
52441993
0.9
144234451
52441817
0.9
143947316
52442065
0.9
144220859
52441697
1.0
140814978
52441929
0.9
138883146
52441761
0.9
146267073
52442217
0.9
137807464
52442257
0.9
146232547
52441937
