3des-cbc+hmac-md5
1000
08/28/18
2.2
52573328
52454441
2.2
52556904
52454441
2.2
52573328
52454441
2.2
52556904
52454441
2.2
52589752
52454441
2.2
52573328
52454441
2.2
52556904
52454441
2.2
52556904
52454441
2.2
52556904
52454441
2.2
52573328
52454441
2.2
52573328
52454441
2.2
52556904
52454441
2.2
52556904
52454441
2.2
52573328
52454441
2.2
52556904
52454441
2.2
52556904
52454441
2.2
52573328
52454441
2.2
52573328
52454441
2.2
52860520
52454441
2.2
53139168
52454441
2.2
52573328
52454441
2.2
52573328
52454441
2.2
52556904
52454441
2.2
52573328
52454441
2.2
52958152
52454441
2.2
52573328
52454441
2.2
52573328
52454441
2.2
52573328
52454441
2.2
52556904
52454441
2.2
52573328
52454441
2.2
52573328
52454441
2.2
52573328
52454441
2.2
52573328
52454441
2.2
52639024
52454441
2.2
52573328
52454441
2.2
52573328
52454441
2.2
52573328
52454441
2.2
52556904
52454441
2.2
52573328
52454441
2.2
52573328
52454441
2.2
52556904
52454441
2.2
52573328
52454441
2.2
52573328
52454441
2.2
52573328
52454441
2.2
52589752
52454441
2.2
52573328
52454441
2.2
52573328
52454441
2.2
52556904
52454441
2.2
52573328
52454441
2.2
52556904
52454441
2.2
52556904
52454441
2.2
52639024
52454441
2.2
52770416
52454441
2.2
52573328
52454441
2.2
52573328
52454441
2.2
52573328
52454441
2.2
52573328
52454441
2.2
52556904
52454441
2.2
52573328
52454441
2.2
52573328
52454441
2.2
52573328
52454441
2.2
52573328
52454441
2.2
52573328
52454441
2.2
52573328
52454441
2.2
52573328
52454441
2.2
52556904
52454441
2.2
52573328
52454441
2.2
52606176
52454441
2.2
52573328
52454441
2.2
52573328
52454441
2.2
52573328
52454441
2.2
52556904
52454441
2.2
52573328
52454441
2.2
52573328
52454441
2.2
52606176
52454441
2.2
52573328
52454441
2.2
52573328
52454441
2.2
52573328
52454441
2.2
52573328
52454441
2.2
56194120
52454441
2.2
52573328
52454441
2.2
52556904
52454441
2.2
52573328
52454441
2.2
52862344
52454441
2.2
52573328
52454441
2.2
53072560
52453569
2.2
52573328
52454441
2.2
52573328
52454441
2.2
52573328
52454441
2.2
57047920
52454241
2.2
52573328
52454441
2.2
52589752
52454441
2.2
52573328
52454441
2.2
52573328
52454441
2.2
52573328
52454441
2.2
52573328
52454441
2.2
52655448
52454441
2.2
56172024
52454441
2.2
52573328
52454441
2.2
52573328
52454441
2.2
52573328
52454441
2.2
52573328
52454441
2.2
52573328
52454441
2.2
52573328
52454441
2.2
52573328
52454441
2.2
52573328
52454441
2.2
52606176
52454441
2.2
52556904
52454441
2.2
52573328
52454441
2.2
52639024
52454441
2.2
52573328
52454441
2.2
52573328
52454441
2.2
52573328
52454441
2.2
52573328
52454441
2.2
52573328
52454441
2.2
52573328
52454441
2.2
52573328
52454441
2.2
52573328
52454441
2.2
52556904
52454441
2.2
52606176
52454441
2.2
52573328
52454441
2.2
52573328
52454441
2.2
52803264
52454441
2.2
52918232
52454441
2.2
52819688
52454441
2.2
52573328
52454441
2.2
52573328
52454441
2.2
52573328
52454441
2.2
52556904
52454441
2.2
53088928
52454441
2.2
52573328
52454441
2.2
52573328
52454441
2.2
52556904
52454441
2.2
52573328
52454441
2.2
52573328
52454441
2.2
52556904
52454441
2.2
52556904
52454441
2.2
52573328
52454441
2.2
52556904
52454441
2.2
52573328
52454441
2.2
52573328
52454441
2.2
52573328
52454441
2.2
52573328
52454441
2.2
52573328
52454441
2.2
54008856
52454441
2.2
52573328
52454441
2.2
52573328
52454441
2.2
52573328
52454441
2.2
52573328
52454441
2.2
52573328
52454441
2.2
52573328
52454441
2.2
52573328
52454441
2.2
52573328
52454441
2.2
53181016
52454441
2.2
52573328
52454441
2.2
52556904
52454441
2.2
52573328
52454441
2.2
52573328
52454441
2.2
52904616
52454441
2.2
52573328
52454441
2.2
52573328
52454441
2.2
52573328
52454441
2.2
52573328
52454441
2.2
52573328
52454441
2.2
52556904
52454441
2.2
52556904
52454441
2.2
52573328
52454441
2.2
52573328
52454441
2.2
52573328
52454441
2.2
52573328
52454441
2.2
52573328
52454441
2.2
54529584
52454441
2.2
52556904
52454441
2.2
52573328
52454441
2.2
52573328
52454441
2.2
52573328
52454441
2.2
52573328
52454441
2.2
52573328
52454441
2.2
52573328
52454441
2.2
52573328
52454441
2.2
52573328
52454441
2.2
53016776
52454441
2.2
52671872
52454441
2.2
52688296
52454441
2.2
52853736
52454441
2.2
52573328
52454441
2.2
54655776
52454441
2.2
52573328
52454441
2.2
52573328
52454441
2.2
52573328
52454441
2.2
52573328
52454441
2.2
52573328
52454441
2.2
52573328
52454441
2.2
52556904
52454441
2.2
52573328
52454441
2.2
52573328
52454441
2.2
52573328
52454441
2.2
52573328
52454441
2.2
52573328
52454441
2.2
52556904
52454441
2.2
52573328
52454441
2.2
52573328
52454441
2.2
52573328
52454441
2.2
52573328
52454441
2.2
52556904
52454441
2.2
52704720
52454441
2.2
53037152
52454441
2.2
52573328
52454441
2.2
52573328
52454441
2.2
52573328
52454441
2.2
52573328
52454441
2.2
52573328
52454441
2.2
52573328
52454441
2.2
53072632
52454441
2.2
53533696
52454441
2.2
52556904
52454441
2.2
52918232
52454441
2.2
52934656
52454441
2.2
52573328
52454441
2.2
52573328
52454441
2.2
53134080
52454441
2.2
52573328
52454441
2.2
52556904
52454441
2.2
52786840
52454441
2.2
52556904
52454441
2.2
52573328
52454441
2.2
52573328
52454441
2.2
52573328
52454441
2.2
52556904
52454441
2.2
52556904
52454441
2.2
52573328
52454441
2.2
53009544
52454441
2.2
52573328
52454441
2.2
52573328
52454441
2.2
52573328
52454441
2.2
52573328
52454441
2.2
52573328
52454441
2.2
52721144
52454441
2.2
52573328
52454441
2.2
52573328
52454441
2.2
52573328
52454441
2.2
52573328
52454441
2.2
52573328
52454441
2.2
52573328
52454441
2.2
52573328
52454441
2.2
52573328
52454441
2.2
52573328
52454441
2.2
52573328
52454441
2.2
52819688
52454441
2.2
52655448
52454441
2.2
52573328
52454441
2.2
52573328
52454441
2.2
52573328
52454441
2.2
52573328
52454441
2.2
52573328
52454441
2.2
52573328
52454441
2.2
52803264
52454441
2.2
52573328
52454441
2.2
52737568
52454441
2.2
52573328
52454441
2.2
52573328
52454441
2.2
52573328
52454441
2.2
52573328
52454441
2.2
52573328
52454441
2.2
52589752
52454441
2.2
52573328
52454441
2.2
57285680
52453441
2.2
52868960
52454441
2.2
52573328
52454441
2.2
52556904
52454441
2.2
52589752
52454441
2.2
52573328
52454441
2.2
52573328
52454441
2.2
52573328
52454441
2.2
52753992
52454441
2.2
52573328
52454441
2.2
52556904
52454441
2.2
52622600
52454441
2.2
52573328
52454441
2.2
52573328
52454441
2.2
52573328
52454441
2.2
52573328
52454441
2.2
52573328
52454441
2.2
52556904
52454441
2.2
52556904
52454441
2.2
52556904
52454441
2.2
52573328
52454441
2.2
53075936
52454441
2.2
52556904
52454441
2.2
52573328
52454441
2.2
52573328
52454441
2.2
52573328
52454441
2.2
52573328
52454441
2.2
52556904
52454441
2.2
52852536
52454441
2.2
52573328
52454441
2.2
52556904
52454441
2.2
52573328
52454441
2.2
52721144
52454441
2.2
52573328
52454441
2.2
52573328
52454441
2.2
52622600
52454441
2.2
52989264
52454441
2.2
52573328
52454441
2.2
52573328
52454441
2.2
52573328
52454441
2.2
52573328
52454441
2.2
52573328
52454441
2.2
52573328
52454441
2.2
52573328
52454441
2.2
52573328
52454441
2.2
53263136
52454441
2.2
52573328
52454441
2.2
52573328
52454441
2.2
52573328
52454441
2.2
53049624
52454441
2.2
52573328
52454441
2.2
52573328
52454441
2.2
52573328
52454441
2.2
52573328
52454441
2.2
52556904
52454441
2.2
52573328
52454441
2.2
52573328
52454441
2.2
52622600
52454441
2.2
52573328
52454441
2.2
52573328
52454441
2.2
52573328
52454441
2.2
52573328
52454441
2.2
52573328
52454441
2.2
52639024
52454441
2.2
52606176
52454441
2.2
52573328
52454441
2.2
52573328
52454441
2.2
52573328
52454441
2.2
52573328
52454441
2.2
52573328
52454441
2.2
52573328
52454441
2.4
53147320
52454073
2.2
52573328
52454441
2.2
52573328
52454441
2.2
52573328
52454441
2.2
52573328
52454441
2.2
52573328
52454441
2.2
52573328
52454441
2.2
52573328
52454441
2.2
52573328
52454441
2.2
52573328
52454441
2.2
52573328
52454441
2.2
52573328
52454441
2.2
52573328
52454441
2.2
53597432
52454441
2.2
52991680
52454441
2.2
52556904
52454441
2.2
52573328
52454441
2.2
52573328
52454441
2.2
52573328
52454441
2.2
52573328
52454441
2.2
52556904
52454441
2.2
52556904
52454441
2.2
52573328
52454441
2.2
52556904
52454441
2.2
52573328
52454441
2.2
53053032
52454441
2.2
52573328
52454441
2.2
52573328
52454441
2.2
52573328
52454441
2.2
52556904
52454441
2.2
52573328
52454441
2.2
52573328
52454441
2.2
52573328
52454441
2.2
52589752
52454441
2.2
52573328
52454441
2.2
52573328
52454441
2.2
52573328
52454441
2.2
52573328
52454441
2.2
52556904
52454441
2.2
52573328
52454441
2.2
52573328
52454441
2.2
52941040
52454441
2.2
52573328
52454441
2.2
52573328
52454441
2.2
52556904
52454441
2.2
52573328
52454441
2.2
52573328
52454441
2.2
52573328
52454441
2.2
55261960
52453417
2.2
52556904
52454441
2.2
52573328
52454441
2.2
52573328
52454441
2.2
52573328
52454441
2.2
53585296
52454441
2.2
52573328
52454441
2.2
52573328
52454441
2.2
52556904
52454441
2.2
52573328
52454441
2.2
52556904
52454441
2.2
52573328
52454441
2.2
52573328
52454441
2.2
52573328
52454441
2.2
52573328
52454441
2.2
52573328
52454441
2.2
52573328
52454441
2.2
52573328
52454441
2.2
52573328
52454441
2.2
52573328
52454441
2.2
52556904
52454441
2.2
52556904
52454441
2.2
52573328
52454441
2.2
52589752
52454441
2.2
52573328
52454441
2.2
53293328
52454441
2.2
52573328
52454441
2.2
52573328
52454441
2.2
52573328
52454441
2.2
52573328
52454441
2.2
52573328
52454441
2.2
52556904
52454441
2.2
52573328
52454441
2.2
52573328
52454441
2.2
52556904
52454441
2.2
52573328
52454441
2.2
52573328
52454441
2.2
52737568
52454441
2.2
52573328
52454441
2.2
52573328
52454441
2.2
52573328
52454441
2.2
52573328
52454441
2.2
52573328
52454441
2.2
52573328
52454441
2.2
52589752
52454441
2.2
52704720
52454441
2.2
52589752
52454441
2.2
53043448
52454441
2.2
52573328
52454441
2.2
52573328
52454441
2.2
52556904
52454441
2.2
52573328
52454441
2.2
52573328
52454441
2.2
52573328
52454441
2.2
52573328
52454441
2.2
52556904
52454441
2.2
52573328
52454441
2.2
52573328
52454441
2.2
52573328
52454441
2.2
52573328
52454441
2.2
52573328
52454441
2.2
52556904
52454441
2.2
52573328
52454441
2.2
52932360
52454441
2.2
53118968
52454441
2.2
52556904
52454441
2.2
52573328
52454441
2.2
52573328
52454441
2.2
52573328
52454441
2.2
52573328
52454441
2.2
52967504
52454441
2.2
52573328
52454441
2.2
52573328
52454441
2.2
52573328
52454441
2.2
52573328
52454441
2.2
52573328
52454441
2.2
52556904
52454441
2.2
52589752
52454441
2.2
52573328
52454441
2.2
52573328
52454441
2.2
52573328
52454441
2.2
52573328
52454441
2.2
52573328
52454441
2.2
52573328
52454441
2.2
52573328
52454441
2.2
52573328
52454441
2.2
52573328
52454441
2.2
52556904
52454441
2.2
52556904
52454441
2.2
52573328
52454441
2.2
52573328
52454441
2.2
53036616
52454441
2.2
52556904
52454441
2.2
52573328
52454441
2.2
52556904
52454441
2.2
52573328
52454441
2.2
52573328
52454441
2.2
52556904
52454441
2.2
52573328
52454441
2.2
52786840
52454441
2.2
52573328
52454441
2.2
52556904
52454441
2.2
52573328
52454441
2.2
52573328
52454441
2.2
52573328
52454441
2.2
52573328
52454441
2.2
52556904
52454441
2.2
52573328
52454441
2.2
52556904
52454441
2.2
52573328
52454441
2.2
52573328
52454441
2.2
52573328
52454441
2.2
52688296
52454441
2.2
52573328
52454441
2.2
52573328
52454441
2.2
52589752
52454441
2.2
52556904
52454441
2.2
52868960
52454441
2.2
52573328
52454441
2.2
52573328
52454441
2.2
52573328
52454441
2.2
52573328
52454441
2.2
52573328
52454441
2.2
52573328
52454441
2.2
52573328
52454441
2.2
52573328
52454441
2.2
52573328
52454441
2.2
52573328
52454441
2.2
52573328
52454441
2.2
52655448
52454441
2.2
52556904
52454441
2.2
52573328
52454441
2.2
52556904
52454441
2.2
52573328
52454441
2.2
52573328
52454441
2.2
52573328
52454441
2.2
52573328
52454441
2.2
52573328
52454441
2.2
52573328
52454441
2.2
52573328
52454441
2.2
52573328
52454441
2.2
52655448
52454441
2.2
52573328
52454441
2.2
52573328
52454441
2.2
52573328
52454441
2.2
52573328
52454441
2.2
52573328
52454441
2.2
52655448
52454441
2.2
52556904
52454441
2.2
52573328
52454441
2.2
52573328
52454441
2.2
52573328
52454441
2.2
52868960
52454441
2.2
52573328
52454441
2.2
52573328
52454441
2.2
52573328
52454441
2.2
52737568
52454441
2.2
52573328
52454441
2.2
52556904
52454441
2.2
52573328
52454441
2.2
52573328
52454441
2.2
52573328
52454441
2.2
52556904
52454441
2.2
55558952
52453729
2.2
52606176
52454441
2.2
52704720
52454441
2.2
52852536
52454441
2.2
53982712
52454441
2.2
52573328
52454441
2.2
52573328
52454441
2.2
52556904
52454441
2.2
52573328
52454441
2.2
52573328
52454441
2.2
52556904
52454441
2.2
54382760
52454441
2.2
52704720
52454441
2.2
52556904
52454441
2.2
52639024
52454441
2.2
52573328
52454441
2.2
52556904
52454441
2.2
52556904
52454441
2.2
52688296
52454441
2.2
52573328
52454441
2.2
52606176
52454441
2.2
52573328
52454441
2.2
52573328
52454441
2.2
52573328
52454441
2.2
52573328
52454441
2.2
52573328
52454441
2.2
52573328
52454441
2.2
52573328
52454441
2.2
52573328
52454441
2.2
52573328
52454441
2.2
52573328
52454441
2.2
52573328
52454441
2.2
52556904
52454441
2.2
52655448
52454441
2.2
52573328
52454441
2.2
53219192
52454441
2.2
52573328
52454441
2.2
52573328
52454441
2.2
52573328
52454441
2.2
52556904
52454441
2.2
52573328
52454441
2.2
52573328
52454441
2.2
52573328
52454441
2.2
52573328
52454441
2.2
54523552
52454441
2.2
52573328
52454441
2.2
52655448
52454441
2.2
52573328
52454441
2.2
52573328
52454441
2.2
52573328
52454441
2.2
52622600
52454441
2.2
52573328
52454441
2.2
52556904
52454441
2.2
53718704
52454441
2.2
52573328
52454441
2.2
52556904
52454441
2.2
52573328
52454441
2.2
52573328
52454441
2.2
52556904
52454441
2.2
52573328
52454441
2.2
52573328
52454441
2.2
52573328
52454441
2.2
52556904
52454441
2.2
52573328
52454441
2.2
52969632
52454441
2.2
52573328
52454441
2.2
52573328
52454441
2.2
53072560
52453569
2.2
52573328
52454441
2.2
52704720
52454441
2.2
52573328
52454441
2.2
52573328
52454441
2.2
52573328
52454441
2.2
52573328
52454441
2.2
52589752
52454441
2.2
52573328
52454441
2.2
52573328
52454441
2.2
52573328
52454441
2.2
52573328
52454441
2.2
52836112
52454441
2.2
52556904
52454441
2.2
52556904
52454441
2.2
52573328
52454441
2.2
52573328
52454441
2.2
52573328
52454441
2.2
52573328
52454441
2.2
52573328
52454441
2.2
52573328
52454441
2.2
52556904
52454441
2.2
52573328
52454441
2.2
52704720
52454441
2.2
53667032
52454441
2.2
52573328
52454441
2.2
52573328
52454441
2.2
52573328
52454441
2.2
52573328
52454441
2.2
52573328
52454441
2.2
52573328
52454441
2.2
52573328
52454441
2.2
52573328
52454441
2.2
52573328
52454441
2.3
52704720
52454441
2.2
52770416
52454441
2.2
53528944
52454441
2.2
52556904
52454441
2.2
52573328
52454441
2.2
52573328
52454441
2.2
52803264
52454441
2.2
52556904
52454441
2.2
52573328
52454441
2.2
52573328
52454441
2.2
52573328
52454441
2.2
52753992
52454441
2.2
52573328
52454441
2.2
52556904
52454441
2.2
52573328
52454441
2.2
52573328
52454441
2.2
52573328
52454441
2.2
52556904
52454441
2.2
52573328
52454441
2.2
52589752
52454441
2.2
52573328
52454441
2.2
52573328
52454441
2.2
52573328
52454441
2.2
52573328
52454441
2.2
53072520
52454441
2.2
52589752
52454441
2.2
52573328
52454441
2.2
53361680
52454441
2.2
52556904
52454441
2.2
52556904
52454441
2.2
52573328
52454441
2.2
52556904
52454441
2.2
52573328
52454441
2.2
52573328
52454441
2.2
52573328
52454441
2.2
52573328
52454441
2.2
52573328
52454441
2.2
52957920
52454441
2.2
52573328
52454441
2.2
52556904
52454441
2.2
52573328
52454441
2.2
52573328
52454441
2.2
53706312
52454441
2.2
52573328
52454441
2.2
52573328
52454441
2.2
52573328
52454441
2.2
52573328
52454441
2.2
52589752
52454441
2.2
52573328
52454441
2.2
52573328
52454441
2.2
52556904
52454441
2.2
52573328
52454441
2.2
52573328
52454441
2.2
52573328
52454441
2.2
52909792
52454441
2.2
53545688
52454441
2.2
52556904
52454441
2.2
52573328
52454441
2.2
52556904
52454441
2.2
52606176
52454441
2.2
52819688
52454441
2.2
52556904
52454441
2.2
52573328
52454441
2.2
52573328
52454441
2.2
52573328
52454441
2.2
52573328
52454441
2.2
52573328
52454441
2.2
52573328
52454441
2.2
52831456
52454441
2.2
52573328
52454441
2.2
52573328
52454441
2.2
52573328
52454441
2.2
52573328
52454441
2.2
52573328
52454441
2.2
52573328
52454441
2.2
52573328
52454441
2.2
52573328
52454441
2.2
52573328
52454441
2.2
52589752
52454441
2.2
52573328
52454441
2.2
52573328
52454441
2.2
52589752
52454441
2.2
52573328
52454441
2.2
52573328
52454441
2.2
52573328
52454441
2.2
52573328
52454441
2.2
52573328
52454441
2.2
53002464
52454441
2.2
52573328
52454441
2.2
52556904
52454441
2.2
52556904
52454441
2.2
52573328
52454441
2.2
52573328
52454441
2.2
52573328
52454441
2.2
52885384
52454441
2.2
52573328
52454441
2.2
52573328
52454441
2.2
52573328
52454441
2.2
52573328
52454441
2.2
56458016
52454441
2.2
52556904
52454441
2.2
52573328
52454441
2.2
53125112
52454441
2.2
52573328
52454441
2.2
52622600
52454441
2.2
52688296
52454441
2.2
52573328
52454441
2.2
52819688
52454441
2.2
52573328
52454441
2.2
52671872
52454441
2.2
52803264
52454441
2.2
52573328
52454441
2.2
52573328
52454441
2.2
52573328
52454441
2.2
52819688
52454441
2.2
52556904
52454441
2.2
52573328
52454441
2.2
52573328
52454441
2.2
52606176
52454441
2.2
52770416
52454441
2.2
52573328
52454441
2.2
52573328
52454441
2.2
52967576
52454441
2.2
52573328
52454441
2.2
52573328
52454441
2.2
52573328
52454441
2.2
52589752
52454441
2.2
52573328
52454441
2.2
52573328
52454441
2.2
52573328
52454441
2.2
52573328
52454441
2.2
52573328
52454441
2.2
52556904
52454441
2.2
52573328
52454441
2.2
52573328
52454441
2.2
52573328
52454441
2.2
52573328
52454441
2.2
52556904
52454441
2.2
52556904
52454441
2.2
52573328
52454441
2.2
52573328
52454441
2.2
52573328
52454441
2.2
52573328
52454441
2.2
52573328
52454441
2.2
52671872
52454441
2.2
52556904
52454441
2.2
52573328
52454441
2.2
52573328
52454441
2.2
52573328
52454441
2.2
52573328
52454441
2.2
52573328
52454441
2.2
52573328
52454441
2.2
52573328
52454441
2.2
52639024
52454441
2.2
53961272
52454441
2.2
52573328
52454441
2.2
52573328
52454441
2.2
55841368
52453777
2.2
52573328
52454441
2.2
52573328
52454441
2.2
52573328
52454441
2.2
52573328
52454441
2.2
52573328
52454441
2.2
52573328
52454441
2.2
52573328
52454441
2.2
52573328
52454441
2.2
52573328
52454441
2.2
52556904
52454441
2.2
52573328
52454441
2.2
52573328
52454441
2.2
52589752
52454441
2.2
52573328
52454441
2.2
52573328
52454441
2.2
52573328
52454441
2.2
52573328
52454441
2.2
52573328
52454441
2.2
52556904
52454441
2.2
52556904
52454441
2.2
52573328
52454441
2.2
52573328
52454441
2.2
52573328
52454441
2.2
52556904
52454441
2.2
52573328
52454441
2.2
52556904
52454441
2.2
52573328
52454441
2.2
52573328
52454441
2.2
52573328
52454441
2.2
52573328
52454441
2.2
52573328
52454441
2.2
52556904
52454441
2.2
52573328
52454441
2.2
52573328
52454441
2.2
52556904
52454441
2.2
52573328
52454441
2.2
52573328
52454441
2.2
52573328
52454441
2.2
52556904
52454441
2.2
52671872
52454441
2.2
52573328
52454441
2.2
52573328
52454441
2.2
53016776
52454441
2.2
52573328
52454441
2.2
52573328
52454441
2.2
52573328
52454441
2.2
52573328
52454441
2.2
52573328
52454441
2.2
52688296
52454441
2.2
52556904
52454441
2.2
52573328
52454441
2.2
52573328
52454441
2.2
52573328
52454441
2.2
52573328
52454441
2.2
52573328
52454441
2.2
52573328
52454441
2.2
52573328
52454441
2.2
52573328
52454441
2.2
52573328
52454441
2.2
52573328
52454441
2.2
52573328
52454441
2.2
52573328
52454441
2.2
52573328
52454441
2.2
52622600
52454441
2.2
52573328
52454441
2.2
52573328
52454441
2.2
52573328
52454441
2.2
52573328
52454441
2.2
52573328
52454441
2.2
52573328
52454441
2.2
52573328
52454441
2.2
52573328
52454441
2.2
52573328
52454441
2.2
52573328
52454441
2.2
52556904
52454441
2.2
52573328
52454441
2.2
52556904
52454441
2.2
52573328
52454441
2.2
52573328
52454441
2.2
52573328
52454441
2.2
52573328
52454441
2.2
52688296
52454441
2.2
52573328
52454441
2.2
52573328
52454441
2.2
52573328
52454441
2.2
52573328
52454441
2.2
52556904
52454441
2.2
52573328
52454441
2.2
52556904
52454441
2.2
52573328
52454441
2.2
52556904
52454441
2.2
52573328
52454441
2.2
52556904
52454441
2.2
52573328
52454441
2.2
52573328
52454441
2.2
52573328
52454441
2.2
56843424
52453465
2.2
53066848
52454441
2.2
52573328
52454441
2.2
52573328
52454441
2.2
52556904
52454441
2.2
52556904
52454441
2.2
52573328
52454441
2.2
52556904
52454441
2.2
53016776
52454441
2.2
52573328
52454441
2.2
52573328
52454441
2.2
52556904
52454441
2.2
52573328
52454441
2.2
52573328
52454441
2.2
52573328
52454441
2.2
52573328
52454441
2.2
52573328
52454441
2.2
52573328
52454441
2.2
52573328
52454441
2.2
52573328
52454441
2.2
52556904
52454441
2.2
52573328
52454441
2.2
52589752
52454441
2.2
53164368
52454441
2.2
52556904
52454441
2.2
52573328
52454441
2.2
52573328
52454441
2.2
52573328
52454441
2.2
52573328
52454441
2.2
52573328
52454441
2.2
53899600
52454441
2.2
52573328
52454441
2.2
52573328
52454441
2.2
52573328
52454441
2.2
52573328
52454441
2.2
52573328
52454441
2.2
52573328
52454441
2.2
52573328
52454441
2.2
52556904
52454441
2.2
53082472
52454441
2.2
52573328
52454441
2.2
52573328
52454441
2.2
52573328
52454441
2.2
52556904
52454441
2.2
52868960
52454441
2.2
53394528
52454441
2.2
52573328
52454441
2.2
52573328
52454441
2.2
52721144
52454441
2.2
52573328
52454441
2.2
52556904
52454441
2.2
52573328
52454441
2.2
52573328
52454441
2.2
52573328
52454441
2.2
52573328
52454441
2.2
52573328
52454441
2.2
52573328
52454441
2.2
52573328
52454441
2.2
52573328
52454441
2.2
52573328
52454441
2.2
52573328
52454441
2.2
52573328
52454441
2.2
52573328
52454441
2.2
52573328
52454441
2.2
52573328
52454441
2.2
52573328
52454441
2.2
52573328
52454441
2.2
52639024
52454441
2.2
52556904
52454441
2.2
52573328
52454441
2.2
52573328
52454441
2.2
52556904
52454441
2.2
52573328
52454441
2.2
52573328
52454441
2.2
52573328
52454441
2.2
52573328
52454441
2.2
52573328
52454441
2.2
52573328
52454441
2.2
52573328
52454441
2.2
52573328
52454441
2.2
52671872
52454441
2.2
52556904
52454441
2.2
52622600
52454441
2.2
52556904
52454441
2.2
52573328
52454441
2.2
52556904
52454441
2.2
52556904
52454441
2.2
52573328
52454441
2.2
52606176
52454441
2.2
52556904
52454441
2.2
52671872
52454441
2.2
52573328
52454441
2.2
52589752
52454441
2.2
52573328
52454441
2.2
52890552
52454441
2.2
52556904
52454441
2.2
52573328
52454441
