im-chacha-poly-8192
1000
08/28/18
1.1
158899949
52441961
1.1
150303552
52441905
1.1
158559955
52441841
1.1
161376378
52441929
1.1
150028148
52442153
1.0
160459242
52442001
1.0
158594653
52442097
1.1
160143218
52442025
1.1
161144246
52441841
1.1
160016647
52442257
1.1
158665670
52441921
1.0
158035108
52442033
1.1
159961673
52442225
1.0
158418204
52441977
1.0
157466919
52442265
1.1
160194005
52441833
1.0
159581983
52442225
1.1
156308582
52441873
1.1
156944047
52442049
1.1
160328078
52442129
1.1
160987578
52442273
1.0
158454940
52442097
1.0
160528581
52442129
1.1
159386339
52441985
1.1
154119912
52441985
1.0
157418908
52441745
1.1
157244342
52441937
1.0
158668994
52442065
1.1
161541171
52442137
1.0
157548202
52442185
1.0
161346879
52442129
1.1
160449440
52442121
1.0
157942204
52442169
1.0
157571155
52442081
1.1
160057254
52442017
1.0
158931278
52441841
1.1
160812305
52442041
1.0
159326328
52441833
1.0
159999007
52442001
1.0
159509759
52441913
1.0
159423197
52441977
1.1
158644543
52442057
1.1
156277647
52441689
1.1
159404122
52441905
1.1
158890682
52442145
1.1
159133750
52442073
1.0
156397092
52442041
1.0
160499539
52441985
1.0
158021627
52441841
1.0
157007486
52441841
1.0
160766670
52442201
1.1
157865965
52442081
1.1
157716526
52441833
1.1
155701974
52442177
1.0
160009489
52441913
1.0
157620666
52441841
1.0
159934557
52442049
1.1
160146173
52441977
1.0
157016262
52441729
1.0
158730148
52441945
1.1
159117128
52441921
1.0
161424494
52442017
1.1
159118301
52442001
1.0
157091402
52442033
1.0
159783391
52442169
1.0
156643020
52442241
1.0
151465506
52441721
1.1
158071465
52441761
1.0
158743059
52441913
1.1
159740131
52441889
1.0
159145152
52442025
1.1
160208289
52442177
1.1
158312800
52441961
1.1
157779619
52442137
1.0
158483891
52441913
1.1
158653911
52442209
1.0
161210862
52442009
1.1
161218587
52442017
1.1
158272234
52442033
1.0
158665594
52442217
1.0
159774363
52442097
1.1
159272459
52442049
1.0
158913656
52441881
1.1
158353727
52441969
1.1
158704773
52442153
1.0
160329526
52442065
1.0
160592700
52442113
1.0
160025577
52441945
1.1
155539169
52442265
1.1
156277972
52441961
1.1
159968000
52442113
1.1
162095113
52442161
1.0
157865520
52441897
1.1
159385605
52441921
1.0
160499246
52442169
1.0
159051717
52441769
1.0
159917184
52442233
1.1
156765151
52442137
1.1
155889187
52441929
1.1
160655387
52441993
1.1
157797222
52442169
1.1
158756614
52441817
1.0
155809905
52442041
1.0
159722650
52442057
1.1
158676775
52442065
1.1
158641069
52441721
1.1
159530471
52442201
1.0
157717530
52442097
1.0
155247235
52441969
1.1
158331549
52442009
1.0
160706698
52442017
1.1
161127466
52442169
1.1
160324314
52442017
1.1
158670844
52442121
1.0
161118013
52441985
1.0
157767118
52442033
1.1
160595383
52441833
1.0
159895008
52442121
1.1
160838861
52441929
1.0
161205246
52442113
1.1
161007670
52442089
1.1
158731503
52441969
1.1
153834860
52442049
1.1
159563121
52441993
1.1
159902936
52442169
1.0
157989080
52441817
1.0
158868079
52442105
1.1
157719623
52441985
1.1
156518792
52441921
1.0
159610281
52442201
1.0
156989387
52442017
1.1
160108602
52442065
1.1
158395252
52442137
1.0
157950031
52442129
1.1
158471210
52441977
1.0
160066111
52441969
1.0
156565350
52441865
1.1
157330812
52441937
1.1
159879495
52441729
1.1
158027165
52441961
1.1
157173673
52442017
1.0
160911004
52442185
1.1
159747592
52441905
1.1
160049795
52442129
1.1
161365975
52442489
1.1
157116963
52441945
1.1
157119814
52442153
1.1
160581033
52441993
1.1
158714550
52441753
1.1
157572731
52442017
1.1
159886539
52442201
1.1
157595389
52442217
1.1
158491848
52442241
1.0
156639376
52442057
1.1
162008670
52442209
1.1
157811728
52442121
1.1
152240427
52441961
1.1
158813364
52442113
1.0
159258118
52442161
1.0
160430208
52442241
1.0
160208053
52441897
1.1
160669213
52442177
1.0
157057339
52442041
1.1
157177193
52441905
1.0
156511597
52442049
1.1
158535943
52441985
1.1
160460411
52442065
1.0
159701478
52442145
1.0
159020562
52441953
1.0
158648287
52442161
1.1
159240116
52442153
1.0
158050412
52441969
1.1
156493543
52442497
1.1
159961430
52442017
1.1
157740015
52442129
1.1
157655268
52442161
1.0
150493097
52442113
1.0
160490314
52442065
1.0
158779654
52441897
1.1
157475172
52441921
1.1
157199025
52442097
1.1
159388983
52442233
1.0
158514260
52441713
1.1
160942834
52442145
1.0
160781444
52442145
1.0
158477215
52441841
1.1
156854314
52441873
1.1
159076491
52441969
1.0
160593173
52441921
1.1
162773179
52442177
1.1
159099768
52442313
1.1
158761945
52442185
1.1
160845181
52442121
1.1
160313237
52442041
1.0
158694371
52442129
1.0
157401477
52441929
1.1
157138068
52442049
1.1
160825136
52442345
1.0
156063722
52441865
1.0
158195069
52441825
1.0
158071371
52441873
1.1
160533544
52441937
1.0
158411511
52442049
1.1
156657828
52441833
1.1
160048115
52442265
1.0
158774720
52441889
1.1
162032852
52441809
1.0
157915566
52442025
1.1
159109942
52442257
1.1
156510668
52442073
1.1
160217686
52441993
1.1
158940293
52441945
1.1
161057542
52441729
1.1
161043656
52442129
1.0
156688309
52442049
1.1
160116733
52442161
1.1
160495545
52441865
1.1
157330743
52441729
1.1
159803731
52441969
1.0
160491626
52442033
1.1
159156053
52442185
1.1
159407939
52442009
1.1
159030503
52442137
1.1
153958699
52442225
1.0
156406049
52442009
1.0
160647247
52442073
1.1
158568736
52442177
1.1
159479357
52442081
1.0
156328031
52442049
1.1
153395288
52442001
1.1
154716626
52442201
1.1
158200595
52441865
1.0
156122233
52442257
1.1
157380004
52442273
1.1
159887510
52442113
1.0
159781426
52442177
1.1
158119405
52442137
1.1
159494700
52442049
1.1
156846918
52441785
1.0
160310817
52442129
1.0
161233369
52442209
1.1
158193458
52442065
1.1
159777554
52442017
1.1
162722797
52442177
1.0
159910276
52442249
1.1
156835175
52441929
1.1
158921748
52442209
1.0
159159244
52441905
1.1
159051521
52442121
1.1
152323248
52441873
1.1
158549935
52441937
1.1
160589804
52442017
1.1
158919631
52442121
1.1
158257004
52441945
1.1
160729221
52442121
1.0
160319319
52441897
1.0
159636569
52441753
1.1
158905228
52442049
1.1
159931037
52442049
1.1
157200427
52441689
1.0
161292962
52442113
1.1
160090784
52441849
1.0
159854587
52442081
1.1
160170248
52442113
1.1
158635939
52442105
1.1
147876964
52442129
1.1
157691626
52441753
1.1
158133466
52441961
1.0
160584969
52442273
1.1
159601971
52442041
1.1
158460055
52441873
1.1
160109836
52441961
1.1
159324272
52442089
1.1
159705413
52441913
1.1
161148957
52442177
1.1
160811439
52441993
1.1
160077267
52442137
1.0
157556748
52441985
1.0
155570444
52442001
1.1
157748006
52442113
1.1
159243717
52441881
1.1
160423464
52442097
1.1
158360789
52442137
1.1
154837844
52442081
1.0
157594597
52442137
1.1
158657716
52442225
1.0
157765541
52441729
1.1
158380068
52441969
1.1
161429773
52442177
1.0
160629224
52441929
1.0
159703031
52442089
1.0
158299811
52442089
1.0
156530746
52441993
1.1
158274965
52442057
1.1
156797347
52441961
1.1
162472020
52442153
1.0
159939402
52442065
1.1
159514827
52442113
1.1
156769136
52442185
1.0
155484753
52442201
1.0
158921323
52442089
1.1
160637997
52442145
1.0
159896084
52442001
1.1
160787554
52441977
1.0
159679547
52442249
1.0
157098414
52441921
1.1
154407179
52441689
1.1
158311166
52442129
1.0
158254857
52442025
1.0
154448795
52441689
1.1
159661154
52441945
1.1
160027720
52442081
1.0
158125867
52442041
1.1
158215343
52442089
1.0
158515794
52442145
1.1
160587264
52442081
1.1
153099418
52441897
1.0
153881999
52441689
1.0
160102416
52441969
1.1
161689135
52442209
1.1
143383756
52442633
1.1
160582986
52442057
1.0
158123361
52442201
1.1
160866189
52442097
1.1
153165511
52442105
1.1
158465832
52442217
1.0
160609557
52441961
1.1
156697260
52441737
1.1
160154079
52442153
1.1
161739210
52442225
1.1
158688716
52442057
1.1
158760816
52442193
1.0
155104140
52442033
1.1
161869707
52442145
1.1
155523641
52442057
1.1
158816773
52441905
1.0
157286357
52441985
1.0
156018541
52442217
1.1
159274819
52442009
1.1
159813587
52441929
1.0
152770704
52442313
1.0
158075852
52442217
1.1
151077584
52442217
1.1
161143532
52442097
1.1
159739815
52442177
1.1
155735827
52442073
1.0
158407071
52442161
1.0
157710408
52441905
1.0
158701859
52441873
1.1
161318030
52442193
1.1
159301457
52442225
1.0
161460187
52442097
1.1
159191362
52442089
1.0
157439863
52442049
1.0
161388048
52441897
1.0
159923911
52441873
1.1
157942490
52441905
1.0
158811920
52441929
1.1
154368743
52442009
1.1
146116011
52442257
1.1
159092534
52441937
1.0
160768256
52442137
1.0
157393697
52441961
1.0
158477369
52441985
1.0
160514461
52442233
1.1
154982600
52441953
1.1
159809885
52442057
1.0
161121076
52442313
1.1
158315621
52442089
1.0
158820985
52442073
1.0
160013773
52442001
1.1
159361987
52441825
1.1
153797924
52441945
1.0
158383109
52442193
1.1
159674719
52442073
1.0
158227062
52442001
1.0
161554120
52442105
1.0
157398932
52441721
1.1
161176958
52442049
1.1
159667980
52442073
1.1
157976201
52442097
1.1
161313140
52442049
1.1
159633141
52442097
1.0
158915300
52442113
1.0
161195114
52442121
1.1
158949678
52441737
1.0
157923799
52442329
1.1
159294588
52442201
1.1
153583204
52442153
1.0
159793977
52441897
1.1
158402171
52441961
1.0
159210109
52442297
1.0
160518267
52441921
1.1
160671976
52442233
1.0
160650417
52441953
1.0
160523401
52441977
1.1
161433778
52442065
1.1
159633049
52442169
1.1
157498966
52441865
1.1
160738335
52442209
1.1
160826119
52442065
1.1
159986499
52441937
1.1
160239705
52442105
1.1
160611311
52442065
1.0
157590339
52442257
1.1
158325090
52442017
1.0
160480095
52442105
1.1
160299775
52442129
1.0
160550534
52442081
1.0
158481898
52442209
1.1
157876320
52442081
1.1
159770882
52441945
1.0
159346071
52441953
1.1
158373807
52441761
1.0
160416441
52441977
1.1
157124636
52441753
1.1
150191318
52442073
1.1
161003890
52442073
1.0
157306973
52442057
1.1
157817494
52442177
1.1
156326175
52442073
1.0
159519658
52442025
1.1
158445460
52442097
1.1
157684658
52441873
1.0
159733956
52442185
1.1
157216339
52442041
1.0
157952005
52441921
1.1
161527551
52442097
1.1
160856611
52442121
1.1
159910173
52442073
1.1
159529575
52442041
1.1
158181577
52442017
1.0
159545420
52442137
1.0
159460006
52442017
1.0
158423833
52441993
1.1
159561090
52442361
1.1
159796113
52441961
1.1
160279959
52441993
1.1
149541316
52442009
1.0
154270792
52442281
1.0
159628151
52442169
1.0
158823553
52441961
1.1
160487307
52442185
1.1
160313674
52441953
1.0
160974979
52442209
1.1
157841585
52441969
1.0
157754979
52441873
1.1
161153702
52442065
1.1
158251432
52442025
1.1
158590348
52441825
1.1
159880577
52442185
1.1
158386769
52442009
1.1
159561731
52442081
1.1
158557861
52442017
1.0
159818407
52442209
1.0
157403521
52442249
1.0
158209362
52442161
1.1
159527197
52442065
1.1
159283465
52442105
1.0
160091636
52441985
1.0
157959078
52442017
1.0
156819986
52442209
1.1
159903561
52442153
1.1
159558613
52442057
1.0
158449091
52442049
1.1
158306945
52441913
1.1
160727433
52441897
1.1
158886544
52441897
1.1
160164154
52442081
1.0
157415695
52441945
1.0
160647313
52442217
1.1
159149153
52442049
1.1
158915188
52441953
1.1
159363594
52442033
1.1
155208532
52441801
1.1
159862333
52442081
1.0
158940073
52442129
1.1
158472104
52442049
1.1
155892930
52441937
1.1
160512007
52441969
1.1
158324487
52441905
1.0
153951934
52442321
1.1
157923384
52442113
1.0
158401110
52442313
1.1
160007666
52442185
1.1
158999700
52442217
1.1
161245128
52442113
1.0
156210904
52442121
1.1
159103341
52442025
1.1
156982903
52441921
1.0
160018981
52442145
1.1
160666570
52442145
1.0
156387368
52442057
1.0
158093422
52441785
1.1
155482322
52442073
1.1
160184912
52442193
1.1
158649271
52442153
1.0
158583241
52441889
1.1
156567814
52441961
1.1
161338530
52441929
1.1
160769207
52442289
1.1
161956860
52442145
1.1
157104721
52442017
1.0
159681322
52442145
1.0
159795854
52441961
1.1
160502456
52442113
1.1
159301929
52442097
1.1
163167966
52442041
1.1
159509317
52442345
1.0
155183496
52442121
1.1
160263095
52442041
1.1
159731587
52441937
1.0
158575368
52442001
1.1
159882205
52441857
1.1
159974451
52442081
1.0
157555203
52442217
1.1
158698811
52442065
1.1
159144334
52441689
1.1
160306688
52442001
1.1
159005020
52442017
1.1
156528087
52441729
1.0
159920026
52442065
1.1
157530077
52441801
1.1
158852896
52442025
1.0
157109479
52441993
1.1
159383720
52442177
1.1
156268051
52442073
1.0
155670158
52441953
1.1
159591414
52442081
1.0
159318187
52441913
1.0
159931114
52442209
1.1
156489456
52442153
1.1
158027807
52442153
1.1
159440343
52441873
1.1
159930864
52442017
1.0
160044010
52442009
1.1
161093855
52442097
1.1
156783011
52441881
1.1
157754346
52442073
1.0
160229082
52442113
1.1
156478999
52442177
1.0
156480317
52441953
1.0
160067512
52441929
1.0
156961097
52442217
1.1
151209809
52442097
1.0
158368943
52441801
1.0
158941789
52442065
1.0
157620803
52442225
1.1
157588062
52442105
1.1
159392891
52442177
1.1
158639396
52441937
1.0
160550355
52442225
1.1
158428184
52441873
1.0
158338334
52441825
1.1
160673331
52442209
1.0
152919328
52442297
1.0
159509767
52441929
1.0
157411520
52442161
1.1
160797433
52442073
1.1
161755293
52441889
1.1
159410001
52441977
1.0
158365323
52442225
1.1
159959502
52442185
1.1
159828816
52441961
1.1
151873976
52442153
1.0
157665954
52441793
1.0
161929073
52441889
1.0
157571083
52441929
1.1
159445140
52442025
1.1
158602852
52441729
1.0
159007096
52442113
1.0
157820562
52442009
1.0
157534853
52442041
1.0
160034699
52442177
1.0
161529804
52441969
1.1
152473756
52441993
1.1
159591531
52441865
1.1
159628074
52442209
1.0
158150756
52441689
1.1
160800452
52442153
1.0
160784694
52442273
1.1
160674146
52441713
1.1
158020540
52441777
1.1
157848880
52442161
1.1
159354210
52442065
1.0
154091504
52442233
1.1
157910053
52441929
1.0
160631302
52441881
1.0
159370743
52442217
1.0
157497274
52442049
1.1
161465270
52442073
1.0
157769138
52442057
1.0
159707420
52441921
1.1
157486769
52441921
1.1
158643932
52441897
1.1
157960803
52442161
1.0
159533237
52441993
1.1
155859338
52442057
1.1
157449802
52441833
1.1
159011852
52441921
1.0
156457284
52441921
1.1
161840880
52442105
1.1
158382133
52441961
1.1
157843224
52441889
1.0
157742293
52442257
1.0
155158164
52442225
1.1
156692904
52441945
1.1
157059558
52441793
1.1
160905530
52442265
1.0
158824274
52441993
1.1
160763561
52441945
1.0
155050547
52441729
1.0
157224551
52441961
1.0
158492111
52441881
1.1
158110963
52441873
1.1
161888229
52442257
1.0
159649902
52442201
1.0
156581491
52441985
1.1
153631471
52441865
1.0
160327038
52442121
1.1
160935648
52442113
1.1
160040466
52441929
1.0
155183657
52441889
1.1
161051575
52442185
1.0
157482569
52442041
1.0
159174778
52442025
1.1
159812702
52442065
1.0
158899151
52442001
1.1
162686909
52442113
1.1
159919284
52442041
1.0
159962931
52442057
1.1
160239998
52442097
1.1
159398415
52441937
1.1
159928037
52442321
1.1
152698942
52441881
1.1
158629159
52442073
1.1
158738798
52442145
1.0
158228953
52441969
1.0
158846683
52441977
1.1
158992956
52441785
1.0
153080260
52442457
1.1
159062347
52442129
1.0
161036648
52442089
1.1
161908424
52442057
1.1
155618879
52441809
1.1
159192930
52442081
1.1
157396148
52442057
1.0
161497641
52442169
1.1
157454347
52441833
1.1
160672789
52441969
1.0
159526255
52441881
1.1
157305996
52442049
1.0
160401335
52442209
1.0
160223057
52442105
1.1
159626560
52442057
1.0
159760116
52442001
1.1
159149321
52442073
1.1
155239518
52442065
1.0
158102299
52441729
1.0
157448942
52442025
1.0
159173567
52442097
1.1
154351951
52442073
1.1
159039986
52442145
1.0
158485732
52441953
1.1
157954861
52441929
1.0
157770882
52442233
1.1
159706280
52442097
1.1
159735795
52441905
1.1
155514529
52441921
1.1
158214012
52441825
1.0
160474506
52442289
1.0
157031990
52441961
1.1
160631186
52442049
1.1
160622532
52442065
1.1
159372772
52442041
1.0
157622435
52442193
1.1
160740483
52442073
1.1
160380753
52442169
1.1
161045511
52442073
1.0
159396848
52441969
1.0
159582155
52441689
1.0
159476509
52441945
1.1
158042648
52441681
1.1
160660883
52442033
1.1
159967265
52442041
1.0
158022419
52441817
1.1
158105120
52441953
1.0
158899681
52441969
1.0
156484928
52442145
1.1
159443403
52441889
1.1
161227981
52441905
1.0
157645261
52442065
1.1
154993576
52442137
1.1
158785080
52441921
1.0
160480906
52441921
1.1
158304713
52442089
1.0
160154320
52442153
1.1
158783281
52442385
1.0
157945882
52442241
1.1
160138264
52442105
1.1
160233232
52441889
1.1
160537116
52442001
1.0
155787174
52442089
1.1
160238909
52441977
1.0
160138279
52441873
1.0
157389812
52441929
1.0
158386067
52442073
1.1
159420907
52441857
1.1
160019327
52442041
1.1
159160688
52442153
1.0
154292047
52442249
1.1
161014626
52442065
1.1
159060837
52441953
1.1
159358035
52442073
1.0
155918237
52442057
1.1
158760976
52441929
1.0
159347896
52442113
1.1
158416250
52442105
1.0
160767942
52441881
1.1
162318160
52442017
1.1
159768720
52442201
1.1
160305350
52442105
1.1
159699762
52442169
1.1
159167949
52441881
1.1
155040005
52442137
1.1
157809744
52442017
1.1
161145790
52441969
1.1
157056777
52442185
1.1
156836039
52442161
1.0
156446163
52441953
1.1
154820989
52441865
1.1
157702754
52442121
1.0
158875678
52442153
1.1
157914220
52442137
1.1
157797672
52442177
1.0
158323041
52442113
1.0
157931564
52441953
1.1
158236221
52442113
1.0
157160792
52441961
1.1
159124598
52442001
1.0
159380456
52442121
1.1
157440794
52441945
1.0
160619637
52442201
1.1
158892607
52441937
1.1
160353328
52442161
1.0
158503934
52442033
1.1
157280672
52442033
1.1
159522734
52442113
1.1
159888878
52442121
1.1
155823917
52442129
1.1
158372274
52442073
1.1
161271009
52441785
1.1
155068187
52442137
1.1
157521987
52442465
1.1
158706720
52442033
1.0
158877397
52441969
1.0
156095886
52442225
1.1
160497506
52442121
1.1
158077247
52442089
1.0
157665792
52442113
1.0
158663214
52441977
1.1
160677844
52442001
1.0
156709123
52442049
1.0
159546979
52441985
1.1
158745637
52442257
1.1
159362437
52442193
1.0
157088673
52441881
1.1
155553400
52441945
1.0
158171389
52442025
1.1
161044540
52441985
1.1
155947514
52441937
1.1
157245981
52441969
1.0
157089669
52442153
1.1
159041291
52442193
1.1
159356485
52442097
1.1
159964974
52441793
1.1
156348630
52441969
1.0
156131838
52441729
1.1
157886074
52441801
1.1
160732467
52442089
1.0
159695894
52442113
1.0
157761780
52441953
1.1
157843328
52442049
1.0
159353697
52441969
1.0
161075765
52442241
1.1
158294692
52442329
1.1
157897778
52441977
1.0
155907797
52442073
1.0
156357215
52442105
1.0
160671918
52442041
1.0
157120011
52441921
1.1
157329911
52442137
1.1
157859548
52441969
1.1
160010330
52442057
1.1
152772639
52442009
1.1
162366350
52441977
1.1
157855866
52441729
1.0
160153924
52442241
1.1
159318739
52441913
1.1
161605863
52442089
1.0
156420162
52442153
1.0
161607288
52442129
1.1
158636252
52442193
1.0
156614340
52442033
1.1
158081491
52441905
1.1
158693249
52441833
1.0
158407355
52442233
1.0
154573658
52442145
1.0
159952415
52441897
1.1
159413575
52442137
1.1
158964044
52441881
1.1
157244588
52441985
1.0
156504483
52442017
1.0
157564671
52441889
1.1
160828344
52441897
1.0
158035551
52442081
1.0
158270732
52441889
1.0
157952527
52442129
1.1
159607801
52441873
1.0
161455371
52442169
1.1
159198831
52442113
1.0
161091376
52442241
1.1
161405646
52442065
1.0
157659518
52441929
1.1
154149642
52442553
1.1
157722665
52442025
1.0
159803610
52442001
1.1
158587760
52442121
1.1
162118084
52442129
1.0
159798808
52442105
1.1
158110191
52441969
1.1
160780774
52442081
1.1
159374963
52442049
1.1
157205574
52441689
1.1
156927877
52441953
1.1
158256859
52442017
1.0
157615657
52442209
1.1
157242260
52441785
1.1
160860297
52441953
1.1
157297444
52441849
1.1
159555717
52441913
1.0
158418700
52441897
1.1
159992388
52441921
1.0
159742412
52442265
1.1
157700762
52442073
1.0
157874330
52442025
1.1
155985536
52442169
1.0
160078101
52442129
1.1
154394521
52442009
1.1
158185591
52441881
1.0
160824286
52442145
1.1
158133672
52441985
1.0
159629639
52442193
1.0
157846641
52441713
1.1
158658407
52442001
1.0
159423088
52442017
1.0
159240311
52442073
1.1
151982787
52442089
1.1
160881343
52441929
1.1
158547298
52442441
1.0
155986946
52441689
1.0
155730936
52442121
1.1
159966693
52442025
1.1
160788022
52441873
1.0
158701528
52441745
1.0
158350340
52442041
1.1
158001340
52441857
1.1
159659619
52442033
1.1
154442715
52441897
1.1
158097192
52441929
1.0
158979288
52442017
1.1
153077251
52442153
1.1
157595546
52441689
1.0
158923113
52441937
1.1
157553919
52441849
1.1
160370269
52442105
1.0
158711843
52441929
1.0
158284784
52441897
1.1
159724983
52442017
1.1
161635340
52442233
1.1
159212581
52442121
1.1
157172818
52441977
1.0
158144563
52441889
1.0
160190266
52441889
1.0
155750119
52441953
1.1
155494972
52442353
1.0
157731308
52441729
1.1
160583995
52442057
1.0
156733775
52441969
1.0
157065377
52442137
1.1
160246177
52442009
1.0
156328340
52442025
1.0
161864911
52442193
1.1
160564177
52442017
1.1
156240725
52442041
1.0
160886649
52442137
1.1
160098118
52441993
1.0
156725103
52442097
1.0
160263754
52441993
1.0
159291011
52442041
1.1
157681217
52441793
1.1
153864364
52442225
1.1
159730937
52441865
1.0
157988607
52442121
1.1
159446693
52442025
1.0
159637259
52442089
1.0
156773181
52442185
1.0
160215015
52441729
1.1
157059433
52442145
1.1
153503247
52442009
1.0
157611049
52442049
1.0
159373285
52442145
1.1
160106444
52441777
1.1
160417206
52442073
1.1
160601600
52442049
1.0
157806270
52442161
1.0
157935375
52442113
1.1
161159983
52441945
1.0
158180538
52441961
1.1
159343960
52442121
1.0
158106412
52442089
1.0
157200576
52441993
1.1
159559383
52442169
1.0
158985546
52442089
1.1
156699798
52441825
1.0
160463795
52442169
1.1
158263919
52442049
1.1
159152282
52442265
1.1
159475640
52442073
1.1
159881215
52441889
1.1
158175434
52442041
1.1
159456344
52442001
1.0
157114902
52442121
1.0
158841170
52442121
1.1
160428524
52442105
1.1
159570539
52442161
1.1
157560230
52442201
1.0
156728621
52441937
1.1
158235342
52442193
1.1
158756330
52442217
1.0
160609602
52441961
1.0
157437164
52441993
1.0
157821270
52441689
1.1
157931737
52442025
1.1
155025050
52441689
1.1
157065249
52442033
1.1
159888151
52442065
1.0
160634989
52442161
1.1
159009903
52442017
1.0
157903619
52441729
1.1
158514741
52441769
1.0
160185569
52442113
1.0
159471188
52442081
1.1
159846805
52442209
1.0
155403783
52442169
1.1
156532204
52441977
1.1
154828306
52441729
1.0
156678241
52441889
1.1
159369374
52442017
1.1
161252503
52442073
1.0
158886012
52441929
1.0
158679070
52442009
1.0
159383722
52442025
1.0
160646736
52442081
1.0
159006316
52442113
1.1
156546524
52441953
1.1
160895568
52442001
1.1
159954491
52441929
1.1
158302525
52442153
1.0
158291984
52442137
1.1
156092340
52441865
1.1
161379999
52441977
1.0
160739131
52441937
1.1
158826156
52441945
1.1
156225600
52441825
1.1
159704128
52441993
1.0
159033214
52441913
1.1
161706642
52442081
1.1
160229902
52442025
1.1
160716241
52442057
1.1
155414606
52442009
1.1
156583177
52442185
1.1
157399095
52441689
1.1
159383768
52442001
1.1
160048315
52441897
1.1
156215239
52442033
1.0
160612251
52441937
1.1
156820785
52442033
1.1
155483793
52441953
1.0
159197584
52442217
1.1
155520941
52441729
1.0
160250501
52442025
1.1
158804802
52442089
1.1
156503266
52441793
1.1
158964233
52442049
1.1
159193066
52442105
1.1
156462077
52442065
1.1
158144227
52442017
1.0
158234115
52441729
1.1
158130245
52441857
