im-aes128-gcm-4096
1000
08/28/18
0.3
144341964
52441673
0.3
144218651
52441673
0.3
143434352
52441673
0.3
143315368
52441673
0.3
144441643
52441673
0.3
141159062
52441745
0.3
145042498
52441673
0.3
144661082
52441673
0.3
144671512
52441673
0.3
144852831
52441673
0.3
142934442
52441673
0.3
144079710
52441673
0.3
143728510
52441673
0.3
144347146
52441673
0.3
143801774
52441673
0.3
144183974
52441673
0.3
142246142
52441969
0.3
145526142
52441673
0.3
143167718
52441673
0.3
142132936
52441673
0.3
144560151
52441673
0.3
144764955
52441673
0.3
144939789
52441673
0.3
144265563
52441673
0.3
144478003
52441673
0.3
145729313
52441673
0.3
144270635
52441673
0.3
144971739
52441673
0.3
144458170
52441673
0.3
142648997
52441673
0.3
142814291
52441673
0.3
140974696
52441673
0.3
144894693
52441673
0.3
143135644
52441673
0.3
142644488
52441673
0.3
145966440
52441673
0.3
144446998
52441673
0.3
144069863
52441673
0.3
143775863
52441673
0.3
157026490
52443073
0.3
143480015
52441673
0.3
142531234
52441673
0.3
144281737
52441673
0.3
144611295
52441673
0.3
145259699
52441673
0.3
142970953
52441705
0.3
144318872
52441673
0.3
144539173
52441673
0.3
145874496
52441673
0.3
143403353
52441673
0.3
145121053
52441673
0.3
143959445
52441673
0.3
139783198
52441753
0.3
143498778
52441673
0.3
145346765
52441673
0.3
143801257
52441673
0.3
142142844
52441673
0.3
142560269
52441809
0.3
144801161
52441673
0.3
143626603
52441673
0.3
144611409
52441673
0.3
144234885
52441673
0.3
144154202
52441673
0.3
144647861
52441673
0.3
144908679
52441673
0.3
142934618
52441673
0.3
143134433
52441673
0.3
142397495
52441673
0.3
142769340
52441785
0.3
143857667
52441673
0.3
144465975
52441673
0.3
142616989
52441673
0.3
144379261
52441673
0.3
144461071
52441673
0.3
144372001
52441673
0.3
144316531
52441673
0.3
143706840
52441673
0.3
145224020
52441673
0.3
143580315
52441673
0.3
143977826
52441673
0.3
143363284
52441673
0.3
144389700
52441673
0.3
144913152
52441673
0.3
144280192
52441673
0.3
143269477
52441673
0.3
143749046
52441673
0.3
141837836
52441673
0.3
144152866
52441673
0.3
142112801
52441673
0.3
143420098
52441673
0.3
142926932
52441673
0.3
145240703
52441673
0.3
144307884
52441673
0.3
144430396
52441673
0.3
144786351
52441673
0.3
144308578
52441673
0.3
144289014
52441673
0.3
142146827
52441689
0.3
145199525
52441673
0.3
144125704
52441673
0.3
141780681
52441673
0.3
144273803
52441673
0.3
143798558
52441673
0.3
144524818
52441673
0.3
143548836
52441673
0.3
144643841
52441673
0.3
144706277
52441673
0.3
143665800
52441673
0.3
140558048
52441673
0.3
139811198
52441673
0.3
145706566
52441673
0.3
143718098
52441673
0.3
142955480
52441673
0.3
144978790
52441673
0.3
145224076
52441673
0.3
144138732
52441673
0.3
142321760
52441673
0.4
144824965
52441673
0.3
143627247
52441673
0.3
142238367
52441673
0.3
140012139
52441841
0.3
143413199
52441673
0.3
145301556
52441673
0.3
142636186
52441673
0.3
144990147
52441673
0.3
144160546
52441673
0.3
144536659
52441673
0.3
143416567
52441673
0.3
143983746
52441673
0.3
145067674
52441673
0.3
143795832
52441673
0.3
145067162
52441673
0.3
143198258
52441673
0.3
142654247
52441673
0.3
144698943
52441673
0.3
145491813
52441673
0.3
138394729
52441681
0.3
141659660
52441673
0.3
143300829
52441673
0.3
138936632
52441673
0.3
144803098
52441673
0.3
142941255
52441673
0.3
142999170
52441673
0.3
144534357
52441673
0.3
144034845
52441673
0.3
143516572
52441673
0.3
144785274
52441673
0.3
144262514
52441673
0.3
143739457
52441673
0.3
145451865
52441673
0.3
145198198
52441673
0.3
143437922
52441785
0.3
143455637
52441673
0.3
144340003
52441673
0.3
144692571
52441673
0.4
144240936
52441673
0.3
144516959
52441673
0.3
144956600
52441673
0.3
142780312
52441673
0.3
143438648
52441673
0.3
143695534
52441673
0.3
144436561
52441673
0.3
144491830
52441673
0.3
144378238
52441673
0.3
143681922
52441673
0.3
143557589
52441673
0.3
144774978
52441673
0.3
144449325
52441673
0.3
144083225
52441673
0.3
144153366
52441673
0.3
144231357
52441673
0.3
144439574
52441673
0.4
141538697
52441673
0.3
144865579
52441673
0.3
143686409
52441673
0.3
145513657
52441673
0.3
144065217
52441673
0.3
142688840
52441673
0.3
144568372
52441673
0.3
144109822
52441673
0.3
144149913
52441673
0.3
144055697
52441673
0.3
143730838
52441673
0.3
145008030
52441673
0.3
141254304
52441753
0.3
143628805
52441673
0.3
144222119
52441673
0.3
145354648
52441673
0.3
143211638
52441673
0.3
143450333
52441673
0.3
144808766
52441673
0.3
144286834
52441673
0.3
144186094
52441673
0.3
142196100
52441673
0.3
138526550
52441817
0.3
143582332
52441673
0.3
144453044
52441673
0.3
144608660
52441673
0.3
145289998
52441673
0.3
143558503
52441673
0.3
141386182
52441673
0.3
143237160
52441673
0.3
143551717
52441673
0.3
143006501
52441673
0.3
139615212
52441673
0.3
143346516
52441673
0.3
145417887
52441673
0.3
141618794
52441673
0.3
144151466
52441673
0.3
142324583
52441673
0.3
144167692
52441673
0.3
143682385
52441673
0.3
142659122
52441673
0.3
142561290
52441673
0.3
144266658
52441673
0.3
143798335
52441673
0.3
144266618
52441673
0.3
143485656
52441673
0.3
144039945
52441673
0.3
140223993
52441673
0.3
142925904
52441673
0.3
144325380
52441673
0.3
145212999
52441673
0.3
144565698
52441673
0.3
140009682
52441777
0.3
145118952
52441673
0.3
144985273
52441673
0.3
141957932
52441673
0.3
144170743
52441673
0.3
143123284
52441673
0.3
143611011
52441673
0.3
142958977
52441673
0.3
140191628
52441801
0.3
143942863
52441673
0.3
144402252
52441673
0.3
144066215
52441673
0.3
143024481
52441673
0.3
144034742
52441673
0.3
143590536
52441673
0.3
143918268
52441673
0.3
145295370
52441673
0.3
144171304
52441673
0.3
143782837
52441673
0.3
139772754
52441689
0.3
145528567
52441673
0.3
143573383
52441673
0.3
143096132
52441673
0.3
140756307
52441673
0.3
143097171
52441673
0.3
143653265
52441673
0.3
143377927
52441673
0.3
143355177
52441673
0.3
143511220
52441673
0.3
142355925
52441673
0.3
138625216
52441673
0.3
145673802
52441673
0.3
143518942
52441673
0.3
143780045
52441673
0.3
142580549
52441673
0.3
144987927
52441673
0.3
144786589
52441673
0.3
144446360
52441673
0.3
141634840
52441673
0.3
144423752
52441673
0.3
144607093
52441673
0.3
144396996
52441673
0.3
144756861
52441673
0.3
140830863
52441673
0.3
138808653
52441673
0.3
144615630
52441673
0.3
144131571
52441673
0.3
143020475
52441769
0.3
143383183
52441673
0.3
144137739
52441793
0.3
144301992
52441673
0.3
143388128
52441673
0.3
143388576
52441673
0.3
144882597
52441673
0.3
144711177
52441673
0.3
144059540
52441673
0.3
141893656
52441713
0.3
143782888
52441673
0.3
143178283
52441673
0.3
144817259
52441673
0.3
143182847
52441673
0.3
144282988
52441673
0.3
144363459
52441673
0.3
143550935
52441673
0.3
144574362
52441673
0.3
142733446
52441673
0.3
142696986
52441673
0.3
143749434
52441673
0.3
144594068
52441673
0.3
140821585
52441673
0.3
143178339
52441673
0.3
143118854
52441673
0.3
142311805
52441793
0.3
140466035
52441673
0.3
138216658
52441857
0.3
144695501
52441673
0.3
143531437
52441673
0.3
144751539
52441673
0.3
144507546
52441673
0.3
142761506
52441673
0.3
143679859
52441673
0.3
142771860
52441673
0.3
145101449
52441673
0.3
145186541
52441673
0.3
144958720
52441673
0.3
144736356
52441673
0.3
144569039
52441673
0.3
145483298
52441673
0.3
143659889
52441673
0.3
144062146
52441673
0.3
140959447
52441673
0.3
143541975
52441673
0.3
143454322
52441673
0.3
144710220
52441673
0.3
140128659
52441705
0.3
143837039
52441673
0.3
144394475
52441673
0.3
145519942
52441673
0.3
143897803
52441673
0.3
143116066
52441673
0.3
141590957
52441673
0.3
142587875
52441673
0.3
143795224
52441673
0.3
137877651
52441769
0.3
141370407
52441673
0.3
144033588
52441673
0.3
143823855
52441673
0.3
143719882
52441697
0.3
144060340
52441673
0.3
143701009
52441673
0.3
141974847
52441705
0.3
144669962
52441673
0.3
144778183
52441673
0.3
142916909
52441673
0.3
142605815
52441673
0.3
141842778
52441673
0.3
141560410
52441673
0.3
144083610
52441673
0.3
142226958
52441673
0.3
144737513
52441673
0.3
143186127
52441673
0.3
144360436
52441673
0.3
144403576
52441729
0.3
143880667
52441673
0.3
144468016
52441673
0.3
143696013
52441673
0.3
143720493
52441673
0.3
144388435
52441673
0.3
143805834
52441673
0.3
144386329
52441673
0.3
144134556
52441673
0.3
144489039
52441673
0.3
144147621
52441673
0.3
143002556
52441673
0.3
144378337
52441673
0.3
143643867
52441673
0.3
144190063
52441673
0.3
144735402
52441673
0.3
143457141
52441673
0.3
140689369
52441673
0.3
139992543
52441673
0.3
144871172
52441673
0.3
143479566
52441673
0.3
143037696
52441673
0.3
143803880
52441673
0.3
144785006
52441673
0.3
143521398
52441673
0.3
144297477
52441673
0.3
140188010
52441673
0.3
143992441
52441673
0.3
143887484
52441673
0.3
143876019
52441673
0.3
143260612
52441673
0.3
143970047
52441673
0.3
143941665
52441673
0.3
144408725
52441673
0.3
145285945
52441673
0.3
143230189
52441673
0.3
143153602
52441673
0.3
140086767
52441753
0.3
144860946
52441673
0.3
144881727
52441673
0.3
145507244
52441673
0.3
143768879
52441673
0.3
145247907
52441673
0.3
143776402
52441673
0.3
143100967
52441673
0.3
143098027
52441673
0.3
144156136
52441673
0.3
140299216
52441681
0.3
143585242
52441673
0.3
143375597
52441673
0.3
141148510
52441673
0.3
145032417
52441673
0.3
143229685
52441673
0.3
144806457
52441673
0.3
145813600
52441673
0.3
143767825
52441673
0.3
144582584
52441673
0.3
143102427
52441673
0.3
143580882
52441673
0.3
144489317
52441673
0.3
143590888
52441681
0.3
144989402
52441673
0.3
143750845
52441673
0.3
145029033
52441673
0.3
142193356
52441673
0.3
139570121
52441673
0.3
144409893
52441673
0.3
143417314
52441673
0.3
143943803
52441673
0.3
143248569
52441673
0.3
144352635
52441673
0.3
144390135
52441673
0.3
143675980
52441673
0.3
143800973
52441673
0.3
143661211
52441673
0.3
144356550
52441673
0.3
145200135
52441673
0.3
140585768
52441673
0.3
144661133
52441673
0.3
143505880
52441673
0.3
143553858
52441673
0.3
144314072
52441673
0.3
143778348
52441673
0.3
143786459
52441673
0.3
144134862
52441673
0.3
143405081
52441673
0.3
142951144
52441673
0.3
143752236
52441673
0.3
141872912
52441673
0.3
143824108
52441673
0.3
142526947
52441673
0.3
139645197
52441737
0.3
144646410
52441673
0.3
143938641
52441673
0.3
144176960
52441673
0.3
143877382
52441673
0.3
143742698
52441673
0.3
142998182
52441673
0.3
141898208
52441673
0.3
143678818
52441673
0.3
143917649
52441673
0.3
143774578
52441673
0.3
145446811
52441673
0.3
145747640
52441673
0.3
143468976
52441673
0.3
143944110
52441673
0.3
144276249
52441673
0.3
142201272
52441673
0.3
142649364
52441673
0.3
145489466
52441673
0.3
143024352
52441673
0.3
139845874
52441681
0.3
143980743
52441673
0.3
143979756
52441673
0.3
143818742
52441673
0.3
143352891
52441673
0.3
142269789
52441673
0.3
142081487
52441673
0.3
144464973
52441673
0.3
144019577
52441673
0.3
144481301
52441673
0.3
143850638
52441673
0.3
142866594
52441673
0.3
143020158
52441673
0.3
144107002
52441673
0.3
143819332
52441673
0.3
143681917
52441681
0.3
144676756
52441673
0.3
144808674
52441673
0.3
144267582
52441673
0.3
142197961
52441673
0.3
144612447
52441673
0.3
144450727
52441673
0.3
144383655
52441673
0.3
144472586
52441673
0.3
142529175
52441673
0.3
143719924
52441673
0.3
142735821
52441673
0.3
143001630
52441673
0.3
143274884
52441673
0.3
141690200
52441673
0.3
141911532
52441769
0.3
144170804
52441673
0.3
143613003
52441673
0.3
146011389
52441673
0.3
144357925
52441673
0.3
145280727
52441673
0.3
139963685
52441673
0.3
144819240
52441673
0.3
143721258
52441673
0.3
143400156
52441673
0.3
144210361
52441673
0.3
144053935
52441673
0.3
144783435
52441673
0.3
143915326
52441673
0.3
142126294
52441673
0.3
144561917
52441673
0.3
143315170
52441673
0.3
143182699
52441673
0.3
144125472
52441673
0.3
143251581
52441673
0.3
142699728
52441673
0.3
143865852
52441673
0.3
143944392
52441697
0.3
145303734
52441673
0.3
145142843
52441673
0.3
146191161
52441673
0.3
142504594
52441673
0.3
143968527
52441673
0.3
144711289
52441673
0.3
145055156
52441673
0.3
145751212
52441673
0.3
144350666
52441673
0.3
142972970
52441673
0.3
144483900
52441673
0.3
144042846
52441673
0.3
144367058
52441673
0.3
144712951
52441673
0.3
144012422
52441673
0.3
146111416
52441673
0.3
145666152
52441673
0.3
143344441
52441673
0.3
140996209
52441705
0.3
143076619
52441673
0.3
141143331
52441769
0.3
144572158
52441673
0.3
145086648
52441673
0.3
144881756
52441673
0.3
144755297
52441673
0.3
142155705
52441673
0.3
143305098
52441673
0.3
142688150
52441745
0.3
144984537
52441673
0.3
139220398
52441737
0.3
145094687
52441673
0.3
145362871
52441673
0.3
141182293
52441673
0.3
143518195
52441673
0.3
143383544
52441673
0.3
144547162
52441673
0.3
143904947
52441673
0.3
144623155
52441673
0.3
143702248
52441673
0.3
144780880
52441673
0.3
143722688
52441673
0.3
140138618
52441705
0.3
141365537
52441681
0.3
142794962
52441673
0.3
143389314
52441673
0.3
143850928
52441673
0.3
143363803
52441673
0.3
144036722
52441673
0.3
141870596
52441673
0.3
143499890
52441673
0.3
142689279
52441673
0.3
144020158
52441673
0.3
143213999
52441785
0.3
144643911
52441673
0.3
143826848
52441673
0.3
143300876
52441673
0.3
141396010
52441681
0.3
143821342
52441673
0.3
143483088
52441673
0.3
144625450
52441673
0.3
144191833
52441673
0.3
143747217
52441673
0.3
143229626
52441673
0.3
144777897
52441673
0.3
143476392
52441673
0.3
141822904
52441705
0.3
144599951
52441673
0.3
142390637
52441673
0.3
143064183
52441673
0.3
145330994
52441673
0.3
144881543
52441673
0.3
142803591
52441673
0.3
143740588
52441673
0.3
145100660
52441673
0.3
144599425
52441673
0.3
144031417
52441673
0.3
144762389
52441673
0.3
144593547
52441673
0.3
144359461
52441673
0.3
144211836
52441673
0.3
142721221
52441673
0.3
141246018
52441921
0.3
143808310
52441673
0.3
144930777
52441673
0.3
143562536
52441673
0.3
143270751
52441673
0.3
145223284
52441673
0.3
142775298
52441673
0.3
144809985
52441673
0.3
145282644
52441673
0.3
143681898
52441673
0.3
142468055
52441705
0.3
173929362
52445145
0.3
144250754
52441673
0.3
144229044
52441673
0.3
144900961
52441673
0.3
144499687
52441673
0.3
142459136
52441673
0.3
144440693
52441673
0.3
141439665
52441673
0.3
139364816
52441673
0.3
144072654
52441673
0.3
143918767
52441673
0.3
144556060
52441673
0.3
141375903
52441721
0.3
142051774
52441673
0.3
145574035
52441673
0.3
142191486
52441689
0.3
141386247
52441865
0.3
144389900
52441673
0.3
143920598
52441673
0.3
143781507
52441673
0.3
143781660
52441673
0.3
145275435
52441673
0.3
143624225
52441673
0.3
144117318
52441673
0.3
143327269
52441673
0.3
144227268
52441673
0.3
144048487
52441841
0.3
143642408
52441673
0.3
144465897
52441673
0.3
145434586
52441673
0.3
143792117
52441673
0.3
144428263
52441673
0.3
143173979
52441673
0.3
145178181
52441673
0.3
143372809
52441673
0.3
144121432
52441673
0.3
144365021
52441673
0.3
143625781
52441673
0.3
144032022
52441673
0.3
145316039
52441673
0.3
145257083
52441673
0.3
144058991
52441673
0.3
143541555
52441729
0.3
144599934
52441673
0.3
142033415
52441849
0.3
143314297
52441673
0.3
143036234
52441673
0.3
144091879
52441673
0.3
144707790
52441673
0.3
139542721
52441673
0.3
144731235
52441673
0.3
143891460
52441673
0.3
183675997
52446625
0.3
144331423
52441673
0.3
141153488
52441801
0.3
143171939
52441673
0.3
143983499
52441673
0.3
144074269
52441673
0.3
145172775
52441673
0.3
138681866
52441673
0.3
138831415
52441697
0.3
144059584
52441673
0.3
143713908
52441673
0.3
142652320
52441673
0.3
144635238
52441673
0.3
142979310
52441673
0.3
144544358
52441673
0.3
143368436
52441673
0.3
143522180
52441673
0.3
143726716
52441673
0.3
143607848
52441673
0.3
144583481
52441673
0.3
144067313
52441673
0.3
143063418
52441673
0.3
143881926
52441673
0.3
142718726
52441673
0.3
142372371
52441673
0.3
143679630
52441673
0.3
142841208
52441673
0.3
143631461
52441673
0.3
140149480
52441785
0.3
142622901
52441673
0.3
142795091
52441673
0.3
144865789
52441673
0.3
144847116
52441673
0.3
144189582
52441673
0.3
143697091
52441673
0.3
144616589
52441673
0.3
143879947
52441673
0.4
145028803
52441673
0.3
144424492
52441673
0.3
141399980
52441673
0.3
144301334
52441673
0.3
145074920
52441673
0.3
144159918
52441673
0.3
145260934
52441673
0.3
144293611
52441673
0.3
143643877
52441673
0.3
144876544
52441673
0.3
145527269
52441673
0.3
142861375
52441681
0.3
143059336
52441673
0.3
141067052
52441673
0.3
141300350
52441673
0.3
143551439
52441745
0.3
143628071
52441673
0.3
144507553
52441673
0.3
143838004
52441673
0.3
144326855
52441673
0.3
144690371
52441673
0.3
141813751
52441673
0.3
140780130
52441673
0.3
142510223
52441745
0.3
143910875
52441673
0.3
143730748
52441673
0.3
144313693
52441673
0.3
143806596
52441673
0.3
143946329
52441673
0.3
143848692
52441673
0.3
144491304
52441673
0.3
145220746
52441673
0.3
144425426
52441673
0.3
144168739
52441673
0.3
144198948
52441673
0.3
142794630
52441889
0.3
145244215
52441673
0.3
141417820
52441681
0.3
143493201
52441673
0.3
142485911
52441673
0.3
143775800
52441673
0.3
145593855
52441673
0.3
140521420
52441673
0.3
144278972
52441673
0.3
143858310
52441673
0.3
139460928
52441673
0.3
140808809
52441673
0.3
143988590
52441673
0.3
143593346
52441673
0.3
143990139
52441673
0.3
144092844
52441673
0.3
144652361
52441673
0.3
144167014
52441673
0.3
142073159
52441673
0.3
144910520
52441673
0.3
143960997
52441673
0.3
144713877
52441673
0.3
144803961
52441673
0.3
142433809
52441673
0.3
144424762
52441673
0.3
143588347
52441673
0.3
142384147
52441673
0.3
143951673
52441673
0.3
143161616
52441673
0.3
144303060
52441673
0.3
139776080
52441673
0.3
144967107
52441673
0.3
142914253
52441673
0.3
144263446
52441673
0.3
144640958
52441673
0.3
144498670
52441673
0.3
143478127
52441673
0.3
143488419
52441673
0.3
144792795
52441673
0.3
145216410
52441673
0.3
145063883
52441673
0.3
141224111
52441673
0.3
144985246
52441673
0.3
144410252
52441673
0.3
143292130
52441673
0.3
144386505
52441673
0.3
142358718
52442161
0.3
143704028
52441673
0.3
145176130
52441673
0.3
140230294
52441689
0.3
144539693
52441673
0.3
144002257
52441673
0.3
143695705
52441673
0.3
141867671
52441673
0.3
139954733
52441881
0.3
144984649
52441673
0.3
142366120
52441673
0.3
145362449
52441673
0.3
143883997
52441673
0.3
142403265
52441673
0.3
144414719
52441673
0.3
143546857
52441673
0.3
141901197
52441673
0.3
144141889
52441673
0.3
144072317
52441673
0.3
144999223
52441673
0.3
144854861
52441673
0.3
144453450
52441673
0.3
144850228
52441673
0.3
144644221
52441673
0.3
144907290
52441673
0.3
143791129
52441673
0.3
142217730
52441673
0.3
142210725
52441673
0.3
142545782
52441673
0.3
144771786
52441673
0.3
144472664
52441673
0.3
144120722
52441673
0.3
142994402
52441697
0.3
142513006
52441673
0.3
143917958
52441673
0.3
143156692
52441673
0.3
144820741
52441673
0.3
144143427
52441673
0.3
143086066
52441673
0.3
143320107
52441673
0.3
143458297
52441673
0.3
145256198
52441673
0.3
144229953
52441673
0.3
145057951
52441673
0.3
142765259
52441673
0.3
144229730
52441673
0.3
143737650
52441673
0.3
144769794
52441673
0.3
143112895
52441673
0.3
144320308
52441673
0.3
143747539
52441673
0.3
143208503
52441673
0.3
142259584
52441673
0.3
143514549
52441673
0.3
143979357
52441673
0.3
145994875
52441673
0.3
144327515
52441673
0.3
144567346
52441673
0.3
143715683
52441673
0.3
143813217
52441673
0.3
144728168
52441673
0.3
144235855
52441673
0.3
143106098
52441673
0.3
143977322
52441673
0.3
142364016
52441673
0.3
143296927
52441673
0.3
144243131
52441673
0.3
140697338
52441673
0.3
142694164
52441673
0.3
145149057
52441673
0.3
144839117
52441673
0.3
142323546
52441673
0.3
144044836
52441673
0.3
144135556
52441673
0.3
143196983
52441673
0.3
144733276
52441673
0.3
145489504
52441673
0.3
145665846
52441673
0.3
145515339
52441673
0.3
144476456
52441673
0.3
143212407
52441673
0.3
144703229
52441673
0.3
144023701
52441673
0.3
143388211
52441673
0.3
143592186
52441673
0.3
143800870
52441673
0.3
143141397
52441673
0.3
142597804
52441705
0.3
144038845
52441673
0.3
143877995
52441673
0.3
145229058
52441673
0.3
144224273
52441673
0.3
143484017
52441673
0.3
143212505
52441673
0.3
143966314
52441673
0.3
144037240
52441673
0.3
144081347
52441673
0.3
142826400
52441673
0.3
143151482
52441673
0.3
141354758
52441673
0.3
142940226
52441673
0.3
142817048
52441673
0.3
143809660
52441673
0.3
144566178
52441673
0.3
142519887
52441673
0.3
144818708
52441673
0.3
142921694
52441673
0.3
144382419
52441673
0.3
142374901
52441673
0.3
144589310
52441673
0.3
143855251
52441673
0.3
144425152
52441673
0.3
142783652
52441673
0.3
142730963
52441673
0.3
144241797
52441673
0.3
139631495
52441905
0.3
142265818
52441673
0.3
143976496
52441673
0.3
143359802
52441673
0.3
140695304
52441673
0.3
143853720
52441673
0.3
144284329
52441673
0.3
143984281
52441673
0.3
143602990
52441673
0.3
143465205
52441673
0.3
145087370
52441673
0.3
142458089
52441673
0.3
144134902
52441673
0.3
143594985
52441673
0.3
144868087
52441673
0.3
143944780
52441673
0.3
143258855
52441673
0.3
143859149
52441673
0.3
144357689
52441673
0.3
144192180
52441673
0.3
143660628
52441673
0.3
143703238
52441673
0.3
144184863
52441673
0.3
144649269
52441673
0.3
143506940
52441673
0.3
143402746
52441673
0.3
143702890
52441673
0.3
144060914
52441673
0.3
144694968
52441673
0.3
144482821
52441673
0.3
144355762
52441673
0.3
144428102
52441673
0.3
144197675
52441673
0.3
143881973
52441673
0.3
143524179
52441673
0.3
144666437
52441673
0.3
144329050
52441673
0.3
140826600
52441809
0.3
144725182
52441673
0.3
138537482
52441673
0.3
143642951
52441673
0.3
144677592
52441673
0.3
144226947
52441673
0.3
144238685
52441673
0.3
143865678
52441673
0.3
142743248
52441673
0.3
142263226
52441689
0.3
143224360
52441673
0.3
142964343
52441673
0.3
143274262
52441673
0.3
143282828
52441673
0.3
142321958
52441673
0.3
141243337
52441673
0.3
143338329
52441673
0.3
143395484
52441673
0.3
140405934
52441673
0.3
140981840
52441673
0.3
143090669
52441673
0.3
145718597
52441673
0.3
144268128
52441673
0.3
144374775
52441673
0.3
142918192
52441721
0.3
142333409
52441673
0.3
143684007
52441673
0.3
144128753
52441673
0.3
142319632
52441673
0.3
144051888
52441673
0.3
143161931
52441673
0.3
144306635
52441673
0.3
145011268
52441673
0.3
143943486
52441673
0.3
144251812
52441673
0.3
143460556
52441673
0.3
144202582
52441673
0.3
143054967
52441673
0.3
141617927
52441673
0.3
143847181
52441673
0.3
144417306
52441673
0.3
142881423
52441673
0.3
145463339
52441673
0.3
146199623
52441673
0.3
141334429
52441673
0.3
143512450
52441713
0.3
143251642
52441673
0.3
143074610
52441673
0.3
142055721
52442097
0.3
145030460
52441673
0.3
142805110
52441673
0.3
145549338
52441673
0.3
144247608
52441673
0.3
143531326
52441673
0.3
143509393
52441673
0.3
144999799
52441673
0.3
143390450
52441673
0.3
144686316
52441673
0.3
144698758
52441673
0.3
141296495
52441673
0.3
144087534
52441673
0.3
144782361
52441673
0.3
143469584
52441673
0.3
144567154
52441673
0.3
145112880
52441673
0.3
144746985
52441673
0.3
141899417
52441673
0.3
143260836
52441673
0.3
138477679
52441673
0.3
144066456
52441673
0.3
142070307
52441673
0.3
144923203
52441673
0.3
143749077
52441673
0.3
144653562
52441673
0.3
145251516
52441673
0.3
143701489
52441673
