im-chacha-poly-512
1000
08/28/18
1.0
130185905
52442057
1.0
128932386
52442377
1.0
133617780
52442169
1.0
131164978
52442297
1.0
129096446
52442097
1.0
124006206
52442721
1.0
134275137
52442065
1.0
134433617
52442225
1.0
119350360
52442305
1.0
112437713
52442905
1.0
129312300
52442289
1.0
133604582
52442001
1.0
134672025
52442137
1.0
134175568
52442225
1.0
134063467
52442289
1.0
128812987
52442377
1.0
134282917
52442081
1.0
132437813
52442201
1.0
132800225
52442161
1.0
130219794
52442401
1.0
128897142
52442153
1.0
128582330
52442185
1.0
130753431
52442153
1.0
123317868
52441945
1.0
122081158
52442257
1.0
128578110
52442617
1.0
132899048
52442297
1.0
132902119
52442457
1.0
133540150
52441825
1.0
132406443
52441857
1.0
133246275
52442121
1.0
134035911
52442209
1.0
129680980
52442161
1.0
134732784
52442193
1.0
129860761
52441857
1.0
134116945
52442225
1.0
133481204
52442153
1.0
111964695
52443161
1.0
130996217
52441985
1.0
123929416
52442329
1.0
136725330
52441937
1.0
133179023
52442385
1.0
128746710
52442585
1.0
138061851
52441945
1.0
133448662
52442289
1.0
133586205
52442009
1.0
135728404
52442417
1.0
131858924
52442153
1.0
131203366
52442177
1.0
133844815
52442177
1.0
131664309
52442193
1.0
133723401
52442201
1.0
135202172
52442057
1.0
131819792
52442425
1.0
132743767
52442073
1.0
131665998
52442153
1.0
134174093
52442481
1.0
130596204
52442273
1.0
134153570
52441729
1.0
133800370
52442017
1.0
131975917
52442129
1.0
132955427
52442313
1.0
125448352
52442361
1.0
131745954
52442409
1.0
128730474
52442601
1.0
134794928
52441977
1.0
124926218
52442273
1.0
132331476
52441985
1.0
128461471
52442129
1.0
135455046
52441921
1.0
135349902
52442129
1.0
132716785
52441993
1.0
136981594
52441929
1.0
131061368
52442113
1.0
132554678
52442153
1.0
126316170
52442353
1.0
125957047
52442217
1.0
129684522
52441849
1.0
130344028
52442345
1.0
133910787
52442161
1.0
122602919
52441745
1.0
135183103
52442025
1.0
137268251
52441969
1.0
133332314
52442025
1.0
130060212
52442177
1.0
132668655
52441873
1.0
134677073
52441929
1.0
133309751
52442425
1.0
134973841
52442009
1.0
132560188
52442201
1.0
130974127
52442377
1.0
134244492
52442377
1.0
124104225
52442129
1.0
129801914
52441761
1.0
128877412
52442289
1.0
133306702
52442297
1.0
133012647
52442081
1.0
131295138
52442145
1.0
136287941
52441769
1.0
136962099
52442097
1.0
134211850
52441977
1.0
124711004
52441777
1.0
130916429
52442489
1.0
132517757
52442337
1.0
133632500
52442065
1.0
135826289
52442289
1.0
128578811
52441905
1.0
127320818
52442329
1.0
135197088
52441929
1.0
121804511
52442545
1.0
129498148
52441849
1.0
134100830
52442073
1.0
135190785
52441977
1.0
127272221
52442185
1.0
133414630
52442161
1.0
134680547
52441929
1.0
131366635
52442121
1.0
133203369
52442217
1.0
135328069
52441977
1.0
133507686
52442057
1.0
132828197
52442297
1.0
127663417
52442065
1.0
132590425
52442409
1.0
127530021
52442105
1.0
134361249
52441769
1.0
130676635
52442193
1.0
133876200
52442145
1.0
128268853
52442177
1.0
134300163
52442185
1.0
131300558
52442065
1.0
131338849
52442249
1.0
135153593
52441793
1.0
129957535
52442473
1.0
119472552
52441801
1.0
134708455
52442225
1.0
132240886
52442097
1.0
131133028
52441993
1.0
127769055
52442369
1.0
132963261
52442249
1.0
130646974
52442289
1.0
133588607
52442105
1.0
128991499
52442193
1.0
133584399
52442209
1.0
129864962
52442313
1.0
135612407
52441977
1.0
134753367
52442161
1.0
129914411
52442193
1.0
134440531
52442233
1.0
137607848
52442129
1.0
132119886
52441937
1.0
128839434
52442313
1.0
130655761
52442033
1.0
131036586
52442121
1.0
129408182
52442129
1.0
132074622
52442009
1.0
132690720
52442321
1.0
130798257
52442265
1.0
132677404
52442065
1.0
132321658
52442105
1.0
131005351
52442249
1.0
131818562
52442217
1.0
132808819
52442353
1.0
133124351
52442273
1.0
130270338
52441921
1.0
133255802
52442001
1.0
130103017
52442113
1.0
130915325
52442345
1.0
129797021
52442073
1.0
132158660
52441849
1.0
134873521
52442257
1.0
132669422
52442233
1.0
131339282
52442193
1.0
132687731
52441929
1.0
134198106
52441993
1.0
135253005
52442289
1.0
133267930
52442161
1.0
132823016
52442073
1.0
124827654
52442153
1.0
133304228
52442129
1.0
130831269
52442089
1.0
132914208
52441729
1.0
127388590
52442177
1.0
127704314
52442257
1.0
134406039
52442049
1.0
134184095
52442089
1.0
131565350
52441761
1.0
133718083
52442249
1.0
135770419
52442321
1.0
135434295
52441801
1.0
136577889
52442057
1.0
116630104
52442569
1.0
132634622
52442281
1.0
132884278
52442185
1.0
132781522
52441985
1.0
123299419
52442433
1.0
133673943
52442105
1.0
133244340
52442217
1.0
118554416
52444089
1.0
131723934
52442185
1.0
128771564
52442233
1.0
134127172
52441777
1.0
130872733
52442409
1.0
127882515
52442225
1.0
132037882
52442049
1.0
132415185
52442145
1.0
128266740
52442129
1.0
129963193
52441769
1.0
131964794
52442169
1.0
131464916
52442289
1.0
132550893
52442273
1.0
126395379
52442729
1.0
130868645
52441961
1.0
130375933
52441753
1.0
136665273
52442001
1.0
132278145
52442377
1.0
133220567
52442297
1.0
133003730
52442153
1.0
135024218
52441977
1.0
134917707
52442153
1.0
133481417
52442113
1.0
134703296
52442201
1.0
135243906
52442321
1.0
133289910
52442169
1.0
133694172
52442097
1.0
125150790
52442417
1.0
127941902
52442289
1.0
133243305
52442193
1.0
132811458
52442145
1.0
135629901
52442329
1.0
133524634
52442153
1.0
132539732
52442065
1.0
137208570
52442121
1.0
128609576
52441825
1.0
136119335
52441985
1.0
128821683
52442385
1.0
132497803
52442329
1.0
133069656
52442177
1.0
134094024
52442305
1.0
130405046
52442209
1.0
113942296
52442841
1.0
134102284
52441953
1.0
132611036
52442233
1.0
130765015
52442417
1.0
129722799
52442369
1.0
127826743
52442569
1.0
131891020
52442425
1.0
134934247
52442281
1.0
131374362
52442417
1.0
134963752
52442057
1.0
130596797
52442625
1.0
129137456
52442265
1.0
132580469
52442121
1.0
133968260
52442185
1.0
130242035
52441969
1.0
136505420
52442225
1.0
129123511
52442281
1.0
137272801
52442009
1.0
133846681
52441777
1.0
129240052
52442017
1.0
131352585
52442193
1.0
131403627
52442177
1.0
129873436
52442305
1.0
124387921
52442097
1.0
134860059
52442113
1.0
132943192
52442385
1.0
124691689
52442281
1.0
131907731
52442313
1.0
131091848
52441921
1.0
129317426
52442353
1.0
134871452
52442105
1.0
132273276
52442249
1.0
137087495
52441961
1.0
134699120
52442209
1.0
128259841
52442361
1.0
133170121
52442113
1.0
132677346
52442033
1.0
133758736
52442273
1.0
133442284
52442273
1.0
134434277
52442385
1.0
135771199
52442105
1.0
135949107
52441721
1.0
134730216
52441753
1.0
136067823
52441889
1.0
126352543
52442233
1.0
134440781
52441905
1.0
133983191
52442129
1.0
134981210
52442129
1.0
134951263
52442049
1.0
126364957
52442673
1.0
134734930
52442033
1.0
132421445
52442233
1.0
136155226
52442153
1.0
130776447
52442265
1.0
128350858
52441777
1.0
132855178
52441969
1.0
135186838
52442033
1.0
128186004
52442177
1.0
127224254
52442081
1.0
129949011
52441985
1.0
133516655
52442361
1.0
133031713
52442233
1.0
129990876
52441881
1.0
133255441
52442257
1.0
132085965
52441841
1.0
132999205
52442001
1.0
134087112
52442057
1.0
134836389
52442393
1.0
133181755
52442161
1.0
133427131
52442233
1.0
133442402
52442033
1.0
130818020
52442553
1.0
129740385
52442353
1.0
135791864
52442305
1.0
130649171
52442457
1.0
133463780
52442161
1.0
134906550
52441937
1.0
128855941
52442129
1.0
133341353
52442097
1.0
133540655
52442353
1.0
127347079
52442281
1.0
130053113
52442353
1.0
130070645
52441889
1.0
133931767
52442313
1.0
135870648
52442161
1.0
132117262
52441841
1.0
129547967
52442337
1.0
132965390
52441961
1.0
134485537
52442121
1.0
130697980
52441969
1.0
132416006
52442353
1.0
132868447
52442097
1.0
136250407
52442065
1.0
132871239
52441745
1.0
133331512
52442329
1.0
130452376
52442065
1.0
135022104
52442305
1.0
127244597
52441953
1.0
133413999
52442025
1.0
132424709
52441833
1.0
129235447
52442177
1.0
131616837
52442113
1.0
133394650
52442297
1.0
129319499
52441761
1.0
132434828
52441753
1.0
127334410
52442289
1.0
127174541
52442257
1.0
135420635
52441945
1.0
132514253
52441937
1.0
134105647
52441737
1.0
135155385
52442153
1.0
133591218
52442233
1.0
133794866
52442145
1.0
132876240
52442193
1.0
126465242
52442497
1.0
133610496
52442145
1.0
133343063
52442193
1.0
117752174
52442433
1.0
132799888
52442081
1.0
130304079
52442097
1.0
135583617
52441953
1.0
133969253
52442121
1.0
127017863
52442593
1.0
134884055
52441865
1.0
137336788
52442129
1.0
115960357
52442241
1.0
132979772
52442001
1.0
131452826
52441977
1.0
131456982
52442337
1.0
128998267
52442073
1.0
133003453
52442041
1.0
132168006
52442353
1.0
128485888
52442233
1.0
128624435
52442185
1.0
132690591
52441849
1.0
133481060
52441897
1.0
132690438
52442025
1.0
132552911
52442169
1.0
135398374
52442145
1.0
132197370
52442057
1.0
137276486
52442217
1.0
130351801
52442273
1.0
134518776
52441849
1.0
135223775
52442201
1.0
127513006
52442137
1.0
125847443
52442137
1.0
129480445
52442281
1.0
130704635
52442289
1.0
130581141
52442697
1.0
134776821
52442193
1.0
130112467
52442265
1.0
128358878
52442033
1.0
134893205
52441841
1.0
128793762
52442673
1.0
127780515
52442377
1.0
124191355
52442057
1.0
130437838
52442225
1.0
133950588
52442033
1.0
132619027
52442233
1.0
133119358
52442241
1.0
129367339
52442537
1.0
129566652
52441737
1.0
134445361
52442145
1.0
133454116
52442049
1.0
133776129
52442233
1.0
133102182
52441961
1.0
129004129
52442177
1.0
122731129
52442265
1.0
133976581
52442289
1.0
130842251
52442281
1.0
135455353
52442225
1.0
135714342
52442281
1.0
128876314
52442073
1.0
135434480
52442177
1.0
132121800
52442441
1.0
134261242
52442097
1.0
136133983
52442441
1.0
131198056
52442257
1.0
127885229
52442361
1.0
130919196
52442345
1.0
131949328
52442401
1.0
132985168
52441945
1.0
127606012
52442113
1.0
131340117
52441753
1.0
132691766
52441681
1.0
132560741
52442337
1.0
136026465
52441985
1.0
135441316
52441905
1.0
134521443
52441825
1.0
134316852
52442209
1.0
131287057
52442081
1.0
132163503
52441889
1.0
133583367
52442257
1.0
129391125
52442273
1.0
130370842
52442433
1.0
131418090
52441745
1.0
132879783
52442145
1.0
131695453
52442257
1.0
132874569
52442153
1.0
137156174
52441873
1.0
138074847
52442033
1.0
131376767
52442233
1.0
130110682
52442257
1.0
133670919
52442185
1.0
132761465
52442249
1.0
132721342
52442361
1.0
136288669
52442329
1.0
132114170
52442201
1.0
135308252
52441841
1.0
135504268
52442177
1.0
124408570
52442313
1.0
134403894
52442369
1.0
134657661
52442009
1.0
133860820
52442041
1.0
131420655
52442281
1.0
131607095
52442209
1.0
133505144
52442257
1.0
128798505
52442577
1.0
136891744
52442049
1.0
133666537
52442289
1.0
127836056
52442393
1.0
133740478
52442345
1.0
131526889
52442377
1.0
131872701
52442273
1.0
133535056
52442017
1.0
135654389
52442409
1.0
134010774
52442129
1.0
134499672
52442001
1.0
133243459
52442185
1.0
122092518
52442305
1.0
131280171
52442273
1.0
132266843
52442265
1.0
128965288
52442137
1.0
131235862
52442305
1.0
135084152
52442081
1.0
131532546
52442425
1.0
130607010
52441969
1.0
130421648
52442281
1.0
134380837
52442193
1.0
136604276
52442081
1.0
132367825
52442297
1.0
137050563
52442129
1.0
133832451
52442105
1.0
133841641
52442265
1.0
126352776
52441745
1.0
131628753
52442137
1.0
133186361
52442089
1.0
135240274
52442273
1.0
133916793
52442209
1.0
133282877
52441753
1.0
126176891
52442425
1.0
123039110
52442585
1.0
133213172
52442289
1.0
131647932
52442217
1.0
131251922
52441841
1.0
134238494
52442041
1.0
133762438
52441833
1.0
127068612
52442337
1.0
132839857
52442385
1.0
133425369
52442113
1.0
129678974
52442593
1.0
131166641
52441745
1.0
133348222
52442177
1.0
125276671
52442281
1.0
132184719
52442217
1.0
134597955
52442177
1.0
135032997
52442241
1.0
136129808
52441753
1.0
133332404
52441737
1.0
132779433
52442065
1.0
130199035
52442529
1.0
130555493
52442345
1.0
135424729
52442177
1.0
131612027
52441825
1.0
133198529
52442073
1.0
129851251
52442521
1.0
133683343
52441785
1.0
132635168
52442297
1.0
134486417
52441937
1.0
128806603
52442081
1.0
136485797
52442041
1.0
131833416
52442457
1.0
131514301
52442361
1.0
133501127
52442025
1.0
134299270
52442289
1.0
134031866
52442225
1.0
132922460
52442105
1.0
124279824
52442057
1.0
132714753
52442209
1.0
130586059
52442337
1.0
134529691
52442249
1.0
133213743
52441993
1.0
129501113
52442297
1.0
131227043
52441945
1.0
132571363
52442105
1.0
132739490
52441841
1.0
135185485
52442377
1.0
127365029
52442473
1.0
130467953
52441889
1.0
130483397
52442145
1.0
132015248
52442169
1.0
132422734
52442081
1.0
132199902
52442257
1.0
134206840
52442041
1.0
135914082
52442129
1.0
132759209
52442385
1.0
133117968
52441969
1.0
131480411
52442449
1.0
133904209
52442249
1.0
135416826
52442225
1.0
132092762
52442313
1.0
133879957
52442105
1.0
115486358
52442953
1.0
130982117
52442201
1.0
135826983
52442105
1.0
134885955
52442209
1.0
131797623
52442185
1.0
132453902
52441705
1.0
132508464
52441745
1.0
131572211
52441953
1.0
134226953
52441913
1.0
129311405
52442113
1.0
133322085
52442449
1.0
134039291
52442281
1.0
130726847
52441729
1.0
133953194
52442225
1.0
137324640
52441801
1.0
131491030
52442337
1.0
122235725
52441985
1.0
134328837
52442225
1.0
134010881
52441889
1.0
132124887
52442137
1.0
129784462
52442409
1.0
134675635
52441817
1.0
137289030
52442049
1.0
133817287
52441945
1.0
133220191
52442313
1.0
133358869
52441761
1.0
130417802
52442577
1.0
126776308
52442153
1.0
133901433
52442017
1.0
126404288
52442233
1.0
130175797
52442337
1.0
134541257
52441809
1.0
135899123
52442057
1.0
132170237
52442153
1.0
135991255
52441953
1.0
133370752
52441977
1.0
133925095
52442225
1.0
134577978
52441841
1.0
136732369
52442081
1.0
128406263
52442401
1.0
131010883
52442105
1.0
131606538
52442425
1.0
128454935
52442097
1.0
128674479
52442225
1.0
136239825
52441945
1.0
133976895
52442129
1.0
134605119
52442169
1.0
137784910
52441905
1.0
131214420
52442313
1.0
134174206
52442097
1.0
135651244
52442057
1.0
135607953
52442049
1.0
128800324
52442297
1.0
136031349
52441993
1.0
134961034
52441761
1.0
127639618
52442297
1.0
133334816
52441913
1.0
129722600
52442345
1.0
130404827
52441777
1.0
132053035
52442033
1.0
132416116
52442049
1.0
135403277
52441921
1.0
126385218
52442465
1.0
125933631
52442409
1.0
126950279
52442873
1.0
132504875
52442169
1.0
134663390
52441809
1.0
131948867
52441737
1.0
135424789
52442217
1.0
132980805
52442009
1.0
133399847
52442185
1.0
129169472
52442337
1.0
126640686
52442073
1.0
128708048
52442225
1.0
132388165
52442481
1.0
133412267
52442417
1.0
131621362
52442225
1.0
135640000
52442145
1.0
132364479
52441737
1.0
130363692
52442545
1.0
134143766
52441873
1.0
132238367
52442361
1.0
131086708
52441857
1.0
129169770
52442041
1.0
136745345
52442073
1.0
132004546
52442225
1.0
136948879
52442177
1.0
129833298
52441761
1.0
131718843
52442393
1.0
129604036
52442033
1.0
135905874
52442241
1.0
136569418
52442577
1.0
132815963
52441881
1.0
129746815
52442393
1.0
133954146
52441977
1.0
133950370
52442385
1.0
128609409
52442385
1.0
132899024
52442345
1.0
133422334
52442113
1.0
132927910
52442001
1.0
132296916
52441905
1.0
130106901
52442065
1.0
129663046
52442145
1.0
130751384
52442001
1.0
131967986
52442025
1.0
136200967
52441737
1.0
132672695
52441993
1.0
136336105
52442273
1.0
124956967
52442097
1.0
132204678
52442169
1.0
132230559
52442457
1.0
135258564
52442105
1.0
134940659
52442017
1.0
132320924
52442145
1.0
134041690
52442313
1.0
126788147
52442041
1.0
132859135
52442353
1.0
131393935
52442345
1.0
131963145
52442009
1.0
127571494
52442249
1.0
131841918
52442225
1.0
129732251
52442041
1.0
126079957
52442385
1.0
126686262
52442241
1.0
133572801
52442057
1.0
134685136
52442401
1.0
134516977
52441849
1.0
133951383
52442089
1.0
126941215
52442137
1.0
134859954
52442097
1.0
125991318
52442337
1.0
129009431
52441745
1.0
134819013
52441985
1.0
133020971
52442313
1.0
134324795
52442185
1.0
130209580
52442425
1.0
134084700
52442241
1.0
132158971
52442177
1.0
131843760
52441761
1.0
135539414
52442113
1.0
135722340
52442281
1.0
134603404
52442241
1.0
130897161
52442209
1.0
126627207
52442329
1.0
132945766
52442225
1.0
134782700
52442313
1.0
133320551
52442009
1.0
128482119
52441761
1.0
134950569
52441881
1.0
135723923
52442025
1.0
125686134
52442481
1.0
127791901
52442049
1.0
126071179
52442617
1.0
132778601
52441985
1.0
130908719
52442225
1.0
133615832
52441769
1.0
129306185
52442401
1.0
131912008
52442329
1.0
116765581
52442913
1.0
131160326
52442121
1.0
130826595
52442337
1.0
131820979
52441729
1.0
132981540
52442345
1.0
136881446
52442129
1.0
129734468
52442177
1.0
134163229
52442209
1.0
133283979
52442225
1.0
130881263
52442313
1.0
132574450
52442129
1.0
128874779
52442017
1.0
130924393
52442009
1.0
133672347
52442569
1.0
132605274
52441737
1.0
131087246
52442161
1.0
133179906
52442209
1.0
135198229
52441913
1.0
132341286
52442129
1.0
133139182
52442177
1.0
134872034
52441937
1.0
133054030
52442065
1.0
134381961
52442193
1.0
134517860
52441977
1.0
132629403
52442393
1.0
133023630
52442289
1.0
131711970
52442153
1.0
133484902
52442241
1.0
134263545
52442041
1.0
129959942
52442473
1.0
133193816
52442217
1.0
129897767
52442185
1.0
126520397
52441897
1.0
130897656
52442217
1.0
132543855
52442145
1.0
115842250
52442649
1.0
130023625
52441961
1.0
131170197
52441801
1.0
134237089
52442081
1.0
134790881
52442169
1.0
134343708
52442305
1.0
133668745
52442017
1.0
127064309
52442305
1.0
131517700
52442137
1.0
129611906
52442345
1.0
128526914
52442297
1.0
131776540
52442377
1.0
134441025
52442185
1.0
131953607
52442233
1.0
134529271
52442337
1.0
132434453
52442217
1.0
127472912
52441865
1.0
135072153
52442025
1.0
135003156
52441937
1.0
132397301
52442177
1.0
133481105
52442377
1.0
131935308
52442401
1.0
133408984
52442401
1.0
128859487
52441865
1.0
132281874
52442217
1.0
137423750
52441897
1.0
132974573
52442105
1.0
136214461
52442417
1.0
135608248
52442001
1.0
134027989
52441769
1.0
131692735
52442473
1.0
135458514
52441969
1.0
133166413
52442425
1.0
131418747
52442201
1.0
130823697
52441737
1.0
130393496
52442249
1.0
136600316
52441897
1.0
134522276
52442193
1.0
134343504
52442329
1.0
134962317
52442001
1.0
135216031
52442153
1.0
131062606
52442041
1.0
133429092
52442041
1.0
136123846
52442121
1.0
129101991
52442457
1.0
128406176
52442369
1.0
133365272
52442385
1.0
134870643
52442017
1.0
133249744
52442089
1.0
132990157
52441745
1.0
132592413
52442297
1.0
131010125
52442001
1.0
133809366
52441913
1.0
131286801
52442041
1.0
133775378
52442153
1.0
131273201
52441857
1.0
130734780
52442297
1.0
130411967
52442113
1.0
134881314
52442089
1.0
132733970
52442337
1.0
129875187
52441753
1.0
134906319
52441849
1.0
130885489
52442305
1.0
130711140
52442017
1.0
134916502
52442257
1.0
134072833
52441953
1.0
130351347
52442209
1.0
130849224
52442297
1.0
133651614
52442249
1.0
136507900
52441873
1.0
133208407
52442409
1.0
134320725
52441921
1.0
133644342
52442257
1.0
135225288
52441817
1.0
132034657
52442161
1.0
135371920
52442225
1.0
132301164
52442233
1.0
131393760
52441817
1.0
134280779
52442297
1.0
126567811
52442065
1.0
132290140
52442497
1.0
134207629
52442065
1.0
135985949
52442049
1.0
133144854
52442137
1.0
129730216
52442433
1.0
135665151
52442345
1.0
131141666
52442257
1.0
122841927
52442201
1.0
133983460
52442321
1.0
131469652
52441937
1.0
133307784
52442065
1.0
136708800
52442473
1.0
131923033
52442385
1.0
132933386
52442097
1.0
135536557
52442465
1.0
132120929
52442009
1.0
132203579
52441905
1.0
134229616
52442257
1.0
134269206
52442121
1.0
129011116
52442377
1.0
133850952
52442033
1.0
133151277
52442073
1.0
132812432
52441977
1.0
133950369
52442225
1.0
129921180
52442193
1.0
130877143
52442049
1.0
132897525
52442201
1.0
135136591
52441761
1.0
132120738
52442113
1.0
133692749
52442353
1.0
134187350
52442057
1.0
131719785
52442209
1.0
134427638
52441953
1.0
128804682
52442553
1.0
131494118
52442177
1.0
136972781
52442185
1.0
133179575
52442273
1.0
134041047
52441769
1.0
133446327
52441913
1.0
132394487
52442289
1.0
134521886
52441945
1.0
133076027
52441977
1.0
134871673
52442097
1.0
132535353
52441993
1.0
132281158
52442337
1.0
131216400
52442337
1.0
133513558
52442009
1.0
133387550
52442153
1.0
135169372
52442113
1.0
133578207
52442145
1.0
128016308
52442297
1.0
133199402
52442457
1.0
135694513
52442041
1.0
135003003
52442249
1.0
134804330
52442137
1.0
131480583
52441745
1.0
133142403
52442169
1.0
136069547
52442425
1.0
135237268
52442129
1.0
127177397
52442377
1.0
132034814
52442169
1.0
128750227
52442233
1.0
131265650
52442353
1.0
133472027
52442257
1.0
135979527
52442017
1.0
126246365
52442297
1.0
128305238
52442217
1.0
133954871
52442073
1.0
133955360
52442177
1.0
134366884
52441977
1.0
131267837
52442105
1.0
133121419
52442201
1.0
132329204
52441985
1.0
134139087
52441993
1.0
133166405
52442281
1.0
133709905
52442297
1.0
132622057
52441753
1.0
134108854
52441817
1.0
130156664
52442249
1.0
134147474
52442097
1.0
133929438
52442393
1.0
134314087
52442193
1.0
131654311
52441913
1.0
131693011
52442361
1.0
131101998
52442321
1.0
133043801
52442225
1.0
105066196
52444377
1.0
131475459
52442353
1.0
132757306
52441857
1.0
133298992
52442081
1.0
126555827
52442257
1.0
123039220
52442265
1.0
136055216
52442081
1.0
132172683
52441745
1.0
129319892
52442369
1.0
134712818
52441825
1.0
133521173
52441897
1.0
128837946
52442233
1.0
134675321
52442297
1.0
132643351
52442161
1.0
132063986
52442401
1.0
133638460
52442289
1.0
130520685
52442233
1.0
127103263
52442505
1.0
128705143
52441913
1.0
129001853
52442041
1.0
131248176
52441801
1.0
127601933
52441993
1.0
133727032
52442121
1.0
130861546
52442217
1.0
129141271
52442561
1.0
132162589
52442073
1.0
135938777
52442385
1.0
131859974
52442241
1.0
131261858
52442169
1.0
132186786
52442153
1.0
134311091
52442145
1.0
133777922
52441881
1.0
133898246
52442089
1.0
131168500
52442249
1.0
127199553
52442305
1.0
133144327
52442145
1.0
130907330
52442281
1.0
135594659
52442297
1.0
130680680
52441985
1.0
125627021
52442321
1.0
132931226
52442209
1.0
132343636
52442329
1.0
127256699
52442081
1.0
131089431
52442073
1.0
129175390
52442113
1.0
134055395
52442305
1.0
134051615
52442081
1.0
130284933
52442097
1.0
129821832
52442161
1.0
129771374
52442049
1.0
128435064
52442281
1.0
127521036
52442465
1.0
131427877
52442441
1.0
132759517
52442009
1.0
130972255
52442377
1.0
125718252
52442201
1.0
133499217
52441969
1.0
130291824
52442297
1.0
135496956
52441993
1.0
131579124
52442361
1.0
133434758
52441873
1.0
129667451
52442321
1.0
135703879
52441945
1.0
130458151
52442233
1.0
134944818
52442169
1.0
134322522
52442337
1.0
132402715
52442153
1.0
133404745
52442313
1.0
133353091
52442313
1.0
123254524
52441737
1.0
128027807
52442201
1.0
130970086
52442201
1.0
128104160
52442121
1.0
127075612
52442049
1.0
130646347
52442321
1.0
132158610
52442265
1.0
132053136
52442169
1.0
130981314
52442097
1.0
130040919
52442257
1.0
131805652
52441913
1.0
132590120
52442257
1.0
132664414
52442169
1.0
135428936
52441873
1.0
127939155
52442289
1.0
129543092
52442273
1.0
132305570
52442049
1.0
133883359
52441793
1.0
134090699
52442377
1.0
134067640
52442065
1.0
132389552
52442361
