im-aes128-gcm-4095
1000
08/28/18
0.3
143450184
52441673
0.3
144405464
52441673
0.3
143087392
52441673
0.3
142415648
52441673
0.3
143723592
52441673
0.3
143795056
52441673
0.3
144319656
52441673
0.3
143653680
52441673
0.3
144820584
52441673
0.3
144225176
52441673
0.3
143227512
52441673
0.3
142717824
52441673
0.3
142288000
52441673
0.3
142228544
52441673
0.3
142857896
52441673
0.3
143687152
52441673
0.3
143687120
52441673
0.3
144325864
52441673
0.3
143709208
52441673
0.3
145629920
52441673
0.3
143826592
52441673
0.3
142789904
52441673
0.3
144934992
52441673
0.3
141334472
52441673
0.3
144116128
52441673
0.3
144144488
52441673
0.3
141782584
52441833
0.3
144102864
52441673
0.3
143718016
52441673
0.3
142328800
52441793
0.3
142954880
52441673
0.3
144780040
52441673
0.3
143805040
52441673
0.3
142439224
52441673
0.3
143729728
52441673
0.3
144355600
52441673
0.3
145239296
52441673
0.3
142540256
52441673
0.3
143948248
52441673
0.3
143014456
52441673
0.3
140880904
52441673
0.3
143452120
52441689
0.3
144457208
52441673
0.3
144476464
52441673
0.3
140985296
52441769
0.3
143481120
52441753
0.3
141273472
52441673
0.3
143503800
52441673
0.3
144200504
52441673
0.3
143142768
52441673
0.3
143626800
52441673
0.3
144669704
52441673
0.3
142334072
52441673
0.3
142908384
52441673
0.3
144197232
52441673
0.3
144864816
52441673
0.3
144515752
52441673
0.3
144688456
52441673
0.3
143944456
52441673
0.3
143755920
52441673
0.3
143573136
52441673
0.3
145408816
52441673
0.3
143436976
52441673
0.3
142779912
52441673
0.3
143067416
52441673
0.3
142487856
52441673
0.3
143229512
52441673
0.3
143562232
52441673
0.3
143607312
52441673
0.3
143764480
52441673
0.3
144608984
52441673
0.3
145470456
52441673
0.3
141426712
52441673
0.3
145398584
52441673
0.3
144688592
52441673
0.3
143211864
52441673
0.3
143671888
52441673
0.3
144976520
52441673
0.3
145078656
52441673
0.3
145111936
52441673
0.3
143117992
52441673
0.3
143994584
52441673
0.3
143523576
52441673
0.3
140006496
52441977
0.3
143752872
52441673
0.3
144301392
52441673
0.3
140853112
52441969
0.3
145419984
52441673
0.3
140684952
52441769
0.3
143892440
52441673
0.3
141754728
52441673
0.3
159037440
52443201
0.3
141264504
52441673
0.3
142937016
52441761
0.3
142487504
52441673
0.3
143270008
52441673
0.3
143534696
52441673
0.3
144512624
52441673
0.3
143566520
52441673
0.3
143573936
52441673
0.3
141449144
52441673
0.3
145219088
52441673
0.3
143370928
52441673
0.3
141561680
52441673
0.3
144108480
52441673
0.3
143775360
52441673
0.3
141886720
52441673
0.3
144157184
52441673
0.3
144102984
52441673
0.3
145351872
52441673
0.3
144535552
52441697
0.3
142572312
52441673
0.3
143567080
52441673
0.3
144833664
52441673
0.3
144456624
52441673
0.3
144427256
52441673
0.3
144887592
52441673
0.3
143785928
52441673
0.3
144401472
52441673
0.3
144631216
52441673
0.3
144836928
52441673
0.3
143171776
52441673
0.3
141666872
52441673
0.3
142990088
52441673
0.3
142226352
52441673
0.3
143797112
52441673
0.3
144561808
52441673
0.3
143977832
52441673
0.3
143709384
52441673
0.3
142618104
52441673
0.3
144743984
52441673
0.3
145298304
52441673
0.3
144493832
52441673
0.3
144344112
52441673
0.3
143603776
52441673
0.3
144992080
52441673
0.3
144258776
52441673
0.3
144529280
52441673
0.3
144261336
52441673
0.3
144502408
52441673
0.3
144127552
52441673
0.3
143961704
52441673
0.3
145272072
52441673
0.3
143226000
52441673
0.3
144197912
52441673
0.3
143474328
52441673
0.3
143143856
52441673
0.3
144101024
52441673
0.3
144080008
52441673
0.3
143751584
52441673
0.3
145545376
52441673
0.3
142647640
52441673
0.3
145139544
52441673
0.3
143506240
52441673
0.3
144555768
52441673
0.3
140548672
52441673
0.3
145033416
52441673
0.3
139808480
52441953
0.3
143702328
52441673
0.3
143909552
52441673
0.3
143035704
52441793
0.3
143183152
52441673
0.3
140240296
52441785
0.3
144504864
52441673
0.3
142581416
52441673
0.3
144537248
52441673
0.3
143480752
52441673
0.3
143885344
52441673
0.3
144479648
52441673
0.3
141430416
52441673
0.3
142529840
52441673
0.3
143591560
52441673
0.3
142570840
52441673
0.3
143190232
52441673
0.3
144385488
52441673
0.3
138702624
52441689
0.3
141364832
52441673
0.3
143979408
52441673
0.3
144211696
52441673
0.3
143825496
52441673
0.3
144553880
52441673
0.3
143568192
52441673
0.3
143760168
52441673
0.3
143710040
52441673
0.3
144429408
52441673
0.3
142265824
52441673
0.3
143863344
52441673
0.3
144044648
52441673
0.3
142681648
52441737
0.3
144332080
52441673
0.3
144103832
52441673
0.3
143540152
52441673
0.3
144974112
52441673
0.3
144830488
52441673
0.3
144200992
52441673
0.3
143779368
52441673
0.3
144174600
52441673
0.3
140280488
52441673
0.3
143793336
52441673
0.3
144893520
52441673
0.3
144604584
52441673
0.3
142701272
52441673
0.3
144456760
52441673
0.3
143398904
52441673
0.3
140734288
52441817
0.3
144122432
52441673
0.3
145516296
52441673
0.3
126880168
52444089
0.3
145095392
52441673
0.3
143281168
52441681
0.3
144921312
52441673
0.3
143744248
52441673
0.3
144782760
52441673
0.3
144199288
52441673
0.3
143782640
52441673
0.3
143820120
52441673
0.3
144253616
52441673
0.3
145218760
52441673
0.3
144444944
52441673
0.3
145145600
52441673
0.3
141561184
52441673
0.3
143595104
52441673
0.3
144305968
52441673
0.3
144093888
52441673
0.3
143282024
52441673
0.3
143171248
52441673
0.3
146398896
52441673
0.3
144544616
52441673
0.3
143911256
52441673
0.3
144478320
52441673
0.3
144934992
52441673
0.3
144466704
52441673
0.3
137535608
52441937
0.3
143474576
52441673
0.3
142599232
52441673
0.3
140739632
52442265
0.3
144216704
52441673
0.3
143437976
52441673
0.3
143831288
52441673
0.3
142919128
52441673
0.3
141536552
52441673
0.3
144445584
52441673
0.3
143619760
52441673
0.3
142671336
52441673
0.3
144732264
52441673
0.3
144516088
52441673
0.3
143617888
52441673
0.3
144702048
52441673
0.3
128953168
52444057
0.3
143726952
52441673
0.3
144465984
52441673
0.3
144713512
52441673
0.3
143809208
52441673
0.3
144937800
52441673
0.3
143346264
52441673
0.3
144644648
52441673
0.3
144016664
52441673
0.3
140712080
52441737
0.3
144023296
52441673
0.3
144123928
52441673
0.3
144806096
52441673
0.3
143245256
52441673
0.3
145122184
52441673
0.3
145158288
52441673
0.3
145290952
52441673
0.3
144247368
52441673
0.3
144028408
52441673
0.3
144714752
52441673
0.3
142002752
52441673
0.3
143147600
52441673
0.3
143008776
52441673
0.3
144394200
52441673
0.3
141335184
52441713
0.3
144364008
52441673
0.3
144363816
52441673
0.3
144022480
52441673
0.3
144580600
52441673
0.3
144218816
52441673
0.3
143871624
52441673
0.3
145245264
52441673
0.3
144696216
52441673
0.3
144344632
52441673
0.3
141063312
52441673
0.3
143595216
52441673
0.3
143554536
52441673
0.3
142296952
52441673
0.3
143601984
52441673
0.3
141018224
52441705
0.3
143063088
52441673
0.3
144399576
52441673
0.3
143774120
52441673
0.3
143727696
52441673
0.3
143164168
52441673
0.3
144654104
52441673
0.3
143474376
52441673
0.3
143047352
52441673
0.3
143143128
52441673
0.3
144986704
52441673
0.3
142515984
52441673
0.3
143400720
52441673
0.3
143609736
52441673
0.3
142752912
52441673
0.3
140966176
52441689
0.3
143920920
52441673
0.3
143875048
52441673
0.3
143790560
52441673
0.3
144070808
52441673
0.3
141508608
52441713
0.3
144482688
52441673
0.3
143053152
52441673
0.3
145984312
52441673
0.3
143095920
52441673
0.3
144403400
52441673
0.3
143258704
52441673
0.3
144987352
52441673
0.3
145337400
52441673
0.3
143941328
52441673
0.3
142658824
52441673
0.3
143681352
52441673
0.3
142839480
52441673
0.3
143191440
52441673
0.3
142723480
52441673
0.3
144058104
52441673
0.3
144769344
52441673
0.3
145293592
52441673
0.3
141171584
52441713
0.3
144293512
52441673
0.3
143750312
52441673
0.3
144092440
52441673
0.3
144801256
52441673
0.3
143683424
52441673
0.3
144129352
52441673
0.3
144450776
52441673
0.3
144228080
52441673
0.3
143252952
52441673
0.3
142714400
52441673
0.3
144826184
52441673
0.3
143494472
52441673
0.3
143025512
52441673
0.3
142318320
52441673
0.3
144518080
52441673
0.3
144090096
52441673
0.3
144305232
52441673
0.3
143820888
52441673
0.3
144441168
52441673
0.3
142650408
52441673
0.3
142265336
52441801
0.3
144610704
52441673
0.3
143549432
52441673
0.3
144743272
52441673
0.3
143408592
52441673
0.3
144847664
52441673
0.3
141485024
52441793
0.3
145948672
52441673
0.3
141125000
52441737
0.3
142620472
52441673
0.3
143610048
52441673
0.3
142908552
52441673
0.3
143371312
52441673
0.3
144722864
52441673
0.3
144737608
52441673
0.3
143007904
52441673
0.3
143726712
52441673
0.3
143326976
52441673
0.3
142859192
52441673
0.3
144163400
52441673
0.3
144378688
52441673
0.3
139932152
52441673
0.3
145253640
52441673
0.3
142807984
52441769
0.3
144458544
52441673
0.3
143712184
52441673
0.3
145131272
52441673
0.3
145149520
52441673
0.3
142990400
52441673
0.3
145559336
52441673
0.3
143856512
52441673
0.3
143302464
52441673
0.3
145737816
52441673
0.3
141052568
52441673
0.3
144477168
52441673
0.3
144289656
52441673
0.3
144726888
52441673
0.3
142691080
52441673
0.3
144227920
52441673
0.3
144056760
52441673
0.3
145484344
52441673
0.3
142371416
52441673
0.3
138680016
52441689
0.3
142301344
52441673
0.3
144582376
52441673
0.3
143431248
52441673
0.3
145826320
52441673
0.3
144715280
52441673
0.3
145234064
52441673
0.3
145517456
52441673
0.3
143087272
52441673
0.3
143234104
52441673
0.3
144875312
52441673
0.3
140711992
52441705
0.3
143316800
52441673
0.3
144320200
52441673
0.3
144266192
52441673
0.3
142819592
52441673
0.3
144529640
52441673
0.3
142760616
52441673
0.3
143580272
52441673
0.3
145462240
52441673
0.3
140112480
52441705
0.3
145551728
52441673
0.3
142513056
52441673
0.3
142269792
52441673
0.3
142994792
52441673
0.3
143868776
52441673
0.3
143871456
52441673
0.3
140982440
52441897
0.3
143140544
52441673
0.3
144478544
52441673
0.3
145571064
52441673
0.3
145366520
52441673
0.3
142688320
52441729
0.3
144006720
52441673
0.3
143641944
52441673
0.3
144560992
52441673
0.3
143949728
52441673
0.3
143534816
52441673
0.3
137443024
52441849
0.3
142971728
52441673
0.3
143494696
52441673
0.3
144524080
52441673
0.3
144942768
52441673
0.3
144507288
52441673
0.3
144447712
52441673
0.3
144667528
52441673
0.3
144983808
52441673
0.3
142846864
52441673
0.3
144080120
52441673
0.3
143426016
52441673
0.3
141944752
52441689
0.3
143790040
52441673
0.3
142974448
52441673
0.3
143115504
52441673
0.3
143031624
52441673
0.3
144046960
52441673
0.3
140891936
52441673
0.3
144173120
52441673
0.3
143487488
52441673
0.3
145100248
52441673
0.3
142996712
52441673
0.3
144626360
52441673
0.3
119898616
52446745
0.3
144337520
52441673
0.3
143213504
52441673
0.3
143543808
52441673
0.3
144566112
52441673
0.3
161418048
52443649
0.3
144491296
52441673
0.3
142999960
52441673
0.3
144801736
52441673
0.3
144227864
52441673
0.3
143982072
52441673
0.3
144224856
52441673
0.3
144290344
52441673
0.3
144082192
52441673
0.3
144340320
52441673
0.3
143907232
52441673
0.3
144472504
52441673
0.3
145418464
52441673
0.3
144880712
52441673
0.3
144757944
52441673
0.3
143299784
52441673
0.3
145418232
52441673
0.3
144070448
52441673
0.3
143827208
52441673
0.3
142732144
52441673
0.3
145307512
52441673
0.3
144667600
52441673
0.3
144312176
52441673
0.3
142601128
52441673
0.3
142207896
52441673
0.3
142672432
52441673
0.3
145174152
52441673
0.3
143200040
52441673
0.3
142669976
52441673
0.3
144079472
52441673
0.3
143512088
52441673
0.3
144475016
52441673
0.3
143820800
52441673
0.3
142379000
52441673
0.3
140805704
52441673
0.3
144105040
52441673
0.3
143205112
52441673
0.3
144155856
52441673
0.3
144128344
52441673
0.3
142988696
52441673
0.3
145425840
52441673
0.3
143501656
52441673
0.3
142970440
52441673
0.3
144081520
52441673
0.3
144279272
52441673
0.3
142717704
52441673
0.3
144472696
52441673
0.3
143645040
52441673
0.3
144335288
52441673
0.3
142676936
52441673
0.3
143032052
52441673
0.3
142905352
52441673
0.3
143829392
52441673
0.3
143417584
52441673
0.3
143614352
52441673
0.3
144036688
52441673
0.3
144621144
52441673
0.3
143507168
52441673
0.3
144317752
52441673
0.3
143173352
52441729
0.3
142846560
52441673
0.3
143430728
52441673
0.3
144574504
52441673
0.3
142148960
52441673
0.3
144511736
52441673
0.3
145198440
52441673
0.3
145066480
52441673
0.3
143368376
52441673
0.3
143888184
52441673
0.3
142218360
52441673
0.3
141727952
52441673
0.3
142674144
52441673
0.3
144567936
52441673
0.3
143966352
52441673
0.3
144481808
52441673
0.3
145917848
52441673
0.3
144590504
52441673
0.3
142253152
52441673
0.3
143296240
52441673
0.3
142994176
52441673
0.3
144096120
52441673
0.3
143154352
52441673
0.3
142803448
52441673
0.3
140591240
52441673
0.3
143469880
52441673
0.3
145332304
52441673
0.3
144276720
52441673
0.3
142228184
52441673
0.3
144183296
52441673
0.3
143378640
52441673
0.3
143763160
52441673
0.3
144633400
52441673
0.3
144253632
52441673
0.3
143584040
52441673
0.3
143780944
52441673
0.3
144369688
52441673
0.3
144212288
52441673
0.3
143286208
52441673
0.3
144339560
52441673
0.3
144329472
52441673
0.3
144843888
52441673
0.3
143196528
52441673
0.3
144093432
52441673
0.3
143874856
52442153
0.3
140915624
52441673
0.3
143995984
52441673
0.3
142852016
52441673
0.3
143509432
52441673
0.3
144222920
52441673
0.3
145437632
52441673
0.3
141798584
52441993
0.3
144210800
52441673
0.3
143622024
52441673
0.3
143646024
52441673
0.3
142637824
52441673
0.3
142854320
52441673
0.3
142867224
52441673
0.3
143857512
52441673
0.3
143209816
52441673
0.3
142823720
52441689
0.3
145156504
52441673
0.3
140169424
52441913
0.3
141369528
52441881
0.3
144539672
52441673
0.3
142464296
52441673
0.3
144560680
52441673
0.3
144394176
52441673
0.3
143993256
52441673
0.3
144019544
52441673
0.3
142825664
52441673
0.3
143438696
52441689
0.3
144200632
52441673
0.3
144857272
52441673
0.3
143209848
52441673
0.3
143984624
52441673
0.3
143248048
52441673
0.3
143571008
52441673
0.3
141691384
52441753
0.3
139470624
52441753
0.3
142654272
52441673
0.3
144962736
52441673
0.3
144322824
52441673
0.3
145297392
52441673
0.3
143980024
52441673
0.3
144784384
52441673
0.3
144541960
52441673
0.3
143031736
52441673
0.3
144707880
52441673
0.3
143710024
52441673
0.3
143903824
52441673
0.3
145534576
52441673
0.3
144494216
52441673
0.3
144283128
52441673
0.3
143003712
52441673
0.3
145194176
52441673
0.3
142990344
52441673
0.3
142649616
52441673
0.3
142930088
52441673
0.3
144718184
52441673
0.3
136740632
52442209
0.3
144348976
52441673
0.3
144132352
52441673
0.3
143352736
52441673
0.3
143610040
52441673
0.3
142603128
52441673
0.3
144037672
52441673
0.3
144544976
52441673
0.3
144229392
52441673
0.3
145746320
52441673
0.3
145344440
52441673
0.3
143560136
52441673
0.3
143648768
52441673
0.3
144486560
52441673
0.3
144862824
52441673
0.3
144431616
52441673
0.3
145090856
52441673
0.3
170960840
52446185
0.3
144985112
52441673
0.3
143638376
52441673
0.3
143896824
52441673
0.3
144981344
52441673
0.3
144904504
52441673
0.3
144696056
52441673
0.3
143803840
52441673
0.3
142024848
52441673
0.3
143624440
52441673
0.3
144188896
52442153
0.3
143934392
52441673
0.3
144798336
52441673
0.3
145554712
52441673
0.3
142815000
52441673
0.3
143835200
52441673
0.3
143356360
52441673
0.3
143758800
52441673
0.3
142566496
52441769
0.3
143118032
52441673
0.3
139488232
52441673
0.3
144781080
52441689
0.3
144598128
52441673
0.3
144430920
52441673
0.3
144321888
52441673
0.3
142459872
52441673
0.3
145312624
52441673
0.3
143267768
52441673
0.3
142252552
52441857
0.3
144308736
52441673
0.3
144177816
52441673
0.3
144614576
52441673
0.3
144355984
52441705
0.3
141781032
52441673
0.3
144059848
52441673
0.3
144175656
52441673
0.3
142813424
52441673
0.3
140716952
52441913
0.3
144136712
52441673
0.3
144607384
52441673
0.3
145230832
52441673
0.3
143653576
52441673
0.3
145119432
52441673
0.3
144532688
52441673
0.3
144110728
52441673
0.3
144616952
52441673
0.3
141326160
52441705
0.3
143966256
52441673
0.3
144138032
52441673
0.3
143659720
52441673
0.3
143934496
52441673
0.3
143134552
52441673
0.3
145296920
52441673
0.3
143360816
52441673
0.3
143392512
52441673
0.3
144281608
52441673
0.3
144660816
52441673
0.3
144237936
52441673
0.3
143858280
52441673
0.3
144841784
52441673
0.3
144525384
52441673
0.3
142717592
52441673
0.3
143892328
52441673
0.3
144595352
52441673
0.3
143310368
52441673
0.3
143630360
52441673
0.3
144299688
52441673
0.3
144380000
52441673
0.3
145687888
52441673
0.3
143718448
52441673
0.3
144485464
52441673
0.3
143542872
52441673
0.3
144532624
52441673
0.3
143340544
52441673
0.3
144557408
52441673
0.3
142054184
52441681
0.3
142725056
52441673
0.3
142935768
52441801
0.3
144028704
52441673
0.3
143767360
52441673
0.3
143577280
52441673
0.3
144539064
52441673
0.3
143745576
52441673
0.3
144105128
52441673
0.3
145453216
52441673
0.3
144155472
52441673
0.3
144941360
52441673
0.3
143570528
52441673
0.3
143657872
52441673
0.3
143360968
52441673
0.3
144462720
52441673
0.3
142392336
52441673
0.3
143987816
52441673
0.3
144922752
52441673
0.3
142817504
52441673
0.3
144170288
52441673
0.3
140654696
52441673
0.3
143181336
52441673
0.3
143643704
52441673
0.3
145103816
52441673
0.3
145565144
52441673
0.3
144614896
52441673
0.3
144724112
52441673
0.3
143976080
52441673
0.3
143673344
52441673
0.3
142426616
52441673
0.3
144360064
52441673
0.3
143537792
52441673
0.3
142795184
52441673
0.3
145045992
52441673
0.3
143625208
52441673
0.3
143197464
52441673
0.3
142433976
52441673
0.3
144410336
52441673
0.3
143691776
52441673
0.3
143375088
52441673
0.3
144371192
52441673
0.3
143556424
52441673
0.3
137937392
52441689
0.3
144404680
52441673
0.3
141292744
52441673
0.3
144704296
52441673
0.3
144230224
52441673
0.3
144408592
52441673
0.3
143468736
52441673
0.3
143519432
52441673
0.3
142334032
52441673
0.3
144387624
52441673
0.3
143384736
52441673
0.3
144834168
52441673
0.3
145695584
52441673
0.3
144732176
52441673
0.3
143982696
52441673
0.3
188289504
52450641
0.3
143428496
52441673
0.3
145884984
52441673
0.3
140988000
52441673
0.3
143672560
52441673
0.3
144212784
52441673
0.3
144696344
52441673
0.3
142710760
52441985
0.3
143569704
52441673
0.3
144943248
52441673
0.3
141157992
52441729
0.3
144130456
52441673
0.3
140317984
52441721
0.3
145433504
52441673
0.3
142853000
52441673
0.3
144794216
52441673
0.3
143934360
52441673
0.3
144034416
52441673
0.3
141535280
52441673
0.3
140430296
52441777
0.3
143274552
52441673
0.3
143665496
52441673
0.3
142674112
52441673
0.3
143234304
52441673
0.3
143326072
52441673
0.3
143506136
52441673
0.3
143442128
52441673
0.3
143248272
52441673
0.3
143723936
52441673
0.3
144115368
52441673
0.3
145331040
52441673
0.3
142787600
52441673
0.3
143439776
52441673
0.3
142743264
52441673
0.3
144628608
52441673
0.3
145221880
52441673
0.3
145278928
52441673
0.3
140670888
52441673
0.3
144265592
52441673
0.3
144426952
52441673
0.3
143850712
52441673
0.3
144640760
52441673
0.3
144092128
52441673
0.3
145135528
52441673
0.3
142670800
52441673
0.3
143024952
52441673
0.3
144949976
52441673
0.3
143074032
52441673
0.3
144825424
52441673
0.3
142582528
52441673
0.3
144839072
52441673
0.3
137843248
52441673
0.3
143397736
52441673
0.3
143903728
52441673
0.3
142373152
52441673
0.3
143063280
52441673
0.3
144188352
52441673
0.3
143481264
52441673
0.3
144153600
52441673
0.3
143159816
52441673
0.3
141430792
52441673
0.3
143891384
52441673
0.3
143508480
52441673
0.3
143921200
52441673
0.3
144817496
52441673
0.3
140288016
52441673
0.3
144660480
52441673
0.3
143781360
52441673
0.3
145293904
52441673
0.3
144945096
52441673
0.3
142773840
52441673
0.3
143057144
52441673
0.3
143772152
52441673
0.3
144614536
52441673
0.3
143801272
52441673
0.3
143957080
52441673
0.3
144759816
52441673
0.3
143507312
52441673
0.3
143920832
52441673
0.3
143377800
52441673
0.3
144764552
52441673
0.3
143626576
52441673
0.3
143985496
52441673
0.3
143137600
52441673
0.3
144957000
52441673
0.3
143785528
52441673
0.3
144238656
52441673
0.3
143691464
52441673
0.3
144601112
52441673
0.3
143565272
52441673
0.3
144007856
52441673
0.3
144590056
52441673
0.3
144482664
52443369
0.3
143760768
52441673
0.3
144851112
52441673
0.3
144396184
52441673
0.3
142108984
52441713
0.3
142719120
52441673
0.3
143812152
52441673
0.3
143662976
52441673
0.3
142483696
52441673
0.3
140058728
52441681
0.3
145032224
52441673
0.3
142771032
52441673
0.3
144223056
52441673
0.3
145800592
52441673
0.3
142727752
52441673
0.3
143506488
52441673
0.3
141664936
52441673
0.3
144650296
52441673
0.3
139139008
52441689
0.3
138019472
52441673
0.3
140767696
52441673
0.3
142413696
52441673
0.3
141991824
52441673
0.3
144479040
52441673
0.3
144318400
52441673
0.3
140989632
52441673
0.3
145164088
52441673
0.3
142868984
52441673
0.3
144412080
52441673
0.3
145117520
52441673
0.3
143073408
52441673
0.3
144251880
52441673
0.3
144509624
52441673
0.3
143209136
52441673
0.3
145362600
52441673
0.3
144778008
52441673
0.3
143530448
52441673
0.3
142547080
52442009
0.3
141232200
52441673
0.3
142622408
52441673
0.3
144430368
52441673
0.3
141548320
52441673
0.3
141203888
52441737
0.3
144926240
52441673
0.3
142730352
52441673
0.3
139640424
52441673
0.3
144897296
52441673
0.3
144026496
52441673
0.3
143672944
52441673
0.3
143364720
52441673
0.3
144033352
52441673
0.3
143450128
52441673
0.3
143688048
52441673
0.3
144529336
52441673
0.3
143110448
52441673
0.3
142556688
52441697
0.3
143786712
52441673
0.3
144664736
52441673
0.3
142984688
52441673
0.3
143910200
52441673
0.3
143905288
52441673
0.3
144092032
52441673
0.3
139616104
52441689
0.3
144904728
52441673
0.3
143787672
52441673
0.3
143885168
52441673
0.3
142931576
52441673
0.3
143118808
52441673
0.3
145056312
52441673
0.3
143447000
52441673
0.3
142781960
52441673
0.3
143865224
52441673
0.3
144023552
52441673
0.3
144320456
52441673
0.3
143952072
52441673
0.3
144056840
52441673
0.3
143728816
52441673
0.3
145322128
52441673
0.3
144847280
52441673
0.3
144340672
52441673
0.3
141736200
52441705
0.3
145211544
52441673
0.3
144302672
52441673
0.3
143612992
52441673
0.3
144643536
52441673
0.3
143746712
52441673
0.3
144407520
52441673
0.3
143414808
52441673
0.3
141166800
52441937
0.3
143103288
52441673
0.3
144981848
52441673
0.3
142939736
52441673
0.3
142247536
52441673
0.3
143848920
52441673
0.3
144496832
52441673
0.3
144003288
52441673
0.3
144940840
52441673
0.3
143077448
52441673
0.3
140555032
52441673
0.3
144483008
52441673
0.3
143185136
52441673
0.3
140824352
52441753
0.3
143339224
52441673
0.3
143785264
52441673
0.3
143954728
52441673
0.3
143890344
52441673
0.3
144663672
52441673
0.3
143335648
52441673
0.3
145549288
52441673
0.3
143598176
52441673
0.3
145224976
52441673
0.3
144541936
52441673
0.3
144217008
52441673
0.3
144271216
52441673
0.3
144161544
52441673
0.3
143444888
52441673
0.3
140769064
52441673
0.3
144750488
52441673
0.3
142865352
52441673
0.3
144907720
52441673
0.3
141515800
52441673
0.3
143819072
52441681
0.3
145058944
52441673
0.3
141047632
52441673
0.3
143739704
52441673
0.3
145879088
52441673
0.3
144724408
52441673
0.3
143675928
52441673
0.3
143344352
52441673
0.3
143993776
52441673
0.3
144467536
52441673
0.3
142802456
52441673
0.3
144668136
52441673
0.3
145082112
52441673
0.3
144325472
52441673
0.3
144558680
52441673
0.3
141456816
52441673
0.3
144348480
52441673
0.3
144039680
52441673
0.3
144916472
52441673
0.3
144340752
52441673
0.3
143833512
52441673
0.3
140375744
52441673
0.3
140051008
52441673
