im-aes128-gcm-8191
1000
08/28/18
0.3
162081536
52441673
0.3
158446768
52441673
0.3
161027480
52441673
0.3
159464400
52441673
0.3
154841080
52441673
0.3
158947584
52441673
0.3
159955880
52441673
0.3
159768912
52441673
0.3
160039400
52441673
0.3
159386176
52441689
0.3
159453048
52441673
0.3
161273072
52441673
0.3
160447496
52441673
0.3
161640224
52441673
0.3
161565816
52441673
0.3
161116736
52441673
0.3
160721048
52441673
0.3
161688992
52441673
0.3
159251568
52441673
0.3
160765096
52441673
0.3
160830416
52441673
0.3
159999592
52441673
0.3
160070032
52441673
0.3
160558448
52441673
0.3
159620744
52441673
0.3
160034200
52441673
0.3
160551056
52441673
0.3
160932568
52441673
0.3
151889576
52441673
0.3
157369184
52441673
0.3
171905352
52443257
0.3
157026368
52441673
0.3
160956680
52441673
0.3
159989824
52441673
0.3
158669104
52441673
0.3
158555440
52441673
0.3
159438440
52441673
0.3
155474384
52441673
0.3
159669856
52441673
0.3
161894112
52441673
0.3
157357064
52441673
0.3
160259032
52441673
0.3
158871648
52441673
0.3
159000392
52441673
0.3
161503312
52441673
0.3
160971592
52441673
0.3
159967800
52441673
0.3
160868752
52441673
0.3
160666680
52441673
0.3
157758608
52441769
0.3
158501968
52441673
0.3
161115520
52441673
0.3
160538184
52441673
0.3
161588496
52441673
0.3
159146472
52441673
0.3
161401176
52441673
0.3
160758344
52441673
0.3
161180880
52441673
0.3
161820480
52441673
0.3
160747872
52441673
0.3
160016616
52441673
0.3
157039944
52441769
0.3
159732080
52441673
0.3
161114168
52441673
0.3
160518752
52441673
0.3
158453544
52441673
0.3
157156400
52441673
0.3
157404000
52441673
0.3
158219176
52441673
0.3
157525288
52441673
0.3
161038568
52441673
0.3
160254648
52441673
0.3
160489784
52441673
0.3
160209704
52441673
0.3
158748384
52441673
0.3
160640408
52441673
0.3
160437128
52441673
0.3
160401904
52441673
0.3
161385544
52441673
0.3
161050400
52441673
0.3
157437664
52441673
0.3
161581968
52441673
0.3
161391032
52441673
0.3
160762544
52441673
0.3
161785680
52441673
0.3
158894488
52441673
0.3
160334488
52441673
0.3
160368640
52441673
0.3
160743824
52441673
0.3
160013472
52441673
0.3
160145112
52441673
0.3
160438928
52441673
0.3
159951248
52441673
0.3
160651328
52441673
0.3
159199656
52441673
0.3
154754416
52441673
0.3
158630360
52441673
0.3
159872496
52441673
0.3
159579672
52441689
0.3
161160480
52441673
0.3
160473032
52441673
0.3
161743072
52441673
0.3
160980128
52441673
0.3
160946648
52441673
0.3
159627000
52441737
0.3
161610896
52441673
0.3
160336784
52441673
0.3
161795048
52441673
0.3
161136800
52441673
0.3
161712616
52441673
0.3
157312440
52441673
0.3
158481000
52441673
0.3
158411624
52441673
0.3
160068904
52441673
0.3
160403192
52441673
0.3
161327392
52441673
0.3
160618928
52441673
0.3
161885448
52441673
0.3
159722664
52441673
0.3
159797488
52441673
0.3
158322520
52441673
0.3
161479640
52441673
0.3
157575040
52441673
0.3
159590016
52441673
0.3
160702200
52441673
0.3
161202104
52441673
0.3
160574696
52441673
0.3
156932888
52441673
0.3
159306520
52441673
0.3
160978864
52441673
0.3
160596824
52441673
0.3
158570272
52441673
0.3
159341912
52441673
0.3
158772376
52441673
0.3
161379512
52441673
0.3
161135216
52441673
0.3
160542680
52441673
0.3
161192784
52441673
0.3
161578776
52441673
0.3
160034840
52441673
0.3
161265136
52441673
0.3
157970080
52441673
0.3
161225016
52441673
0.3
155581552
52441673
0.3
160303184
52441673
0.3
158788728
52441673
0.3
159372408
52441673
0.3
157200008
52441673
0.3
160325224
52441673
0.3
158816832
52441673
0.3
160088464
52441673
0.3
160352192
52441673
0.3
160641256
52441673
0.3
162325640
52441673
0.3
161495296
52441673
0.3
160894936
52441673
0.3
160999448
52441673
0.3
161449512
52441673
0.3
160663104
52441673
0.3
161176056
52441673
0.3
158472384
52441673
0.3
161329224
52441673
0.3
161056496
52441673
0.3
159734792
52441673
0.3
161241712
52441673
0.3
161970344
52441673
0.3
159879776
52441673
0.3
160799528
52441673
0.3
162588320
52441673
0.3
158883632
52441673
0.3
161645696
52441673
0.3
155926136
52441673
0.3
159783320
52441673
0.3
161112496
52441673
0.3
159826208
52441673
0.3
161167408
52441673
0.3
161062800
52441673
0.3
159704104
52441673
0.3
160406208
52441673
0.3
161563800
52441673
0.3
160513072
52441673
0.3
160806880
52441673
0.3
159038328
52441673
0.3
156980632
52441673
0.3
159657056
52441673
0.3
161817496
52441673
0.3
160245968
52441673
0.3
161975080
52441673
0.3
158931176
52441673
0.3
160396384
52441673
0.3
160447080
52441673
0.3
159371072
52441673
0.3
160318344
52441673
0.3
159788424
52441673
0.3
160445168
52441673
0.3
160752488
52441673
0.3
161860072
52441673
0.3
160554520
52441673
0.3
159839160
52441673
0.3
159161768
52441673
0.3
160789912
52441673
0.3
160999112
52441673
0.3
201802088
52447409
0.3
160174272
52441673
0.3
158375232
52441673
0.3
161201512
52441673
0.3
160765888
52441673
0.3
161359816
52441673
0.3
158805752
52441673
0.3
161480800
52441673
0.3
158894992
52441697
0.3
160073480
52441673
0.3
160292248
52441673
0.3
161871584
52441673
0.3
160974368
52441673
0.3
158505528
52441673
0.3
162448728
52441673
0.3
160726304
52441673
0.3
157289280
52441673
0.3
160683304
52441673
0.3
159633072
52441673
0.3
159748160
52441673
0.3
161065008
52441673
0.3
161731336
52441673
0.3
163173576
52441673
0.3
160582856
52441673
0.3
160828440
52441673
0.3
159133544
52441673
0.3
160206344
52441673
0.3
159414840
52441673
0.3
160958256
52441673
0.3
159189296
52441673
0.3
157068712
52441673
0.3
160673352
52441673
0.3
160608632
52441673
0.3
160451096
52441673
0.3
160993144
52441673
0.3
160258640
52441673
0.3
161262832
52441673
0.3
161250728
52441673
0.3
160911528
52441673
0.3
162034144
52441673
0.3
159637024
52441673
0.3
160454960
52441673
0.3
160860536
52441673
0.3
160822024
52441673
0.3
161694256
52441913
0.3
160785208
52441673
0.3
158472496
52441673
0.3
157723184
52441673
0.3
162810960
52442697
0.3
160909288
52441673
0.3
158044816
52441697
0.3
161678272
52441673
0.3
160409464
52441673
0.3
161191904
52441673
0.3
160824016
52441673
0.3
161148528
52441673
0.3
161634856
52441673
0.3
160401608
52441801
0.3
160981072
52441673
0.3
161121944
52441673
0.3
162053848
52441673
0.3
160105920
52442001
0.3
160787952
52441673
0.3
158300760
52441673
0.3
158751968
52441673
0.3
161582288
52441673
0.3
160989032
52441673
0.3
159629216
52441673
0.3
161756768
52441673
0.3
155466968
52441673
0.3
159794880
52441673
0.3
160535832
52441673
0.3
160864912
52441673
0.3
160042864
52441673
0.3
161208056
52441673
0.3
159678120
52441673
0.3
161079760
52441673
0.3
161222944
52441673
0.3
160800520
52441673
0.3
161888840
52441673
0.3
159042696
52441673
0.3
159761944
52441673
0.3
161130728
52441673
0.3
159313832
52441673
0.3
157684768
52441745
0.3
156976168
52441673
0.3
159077080
52441673
0.3
160636784
52441673
0.3
157322784
52441673
0.3
160725384
52441673
0.3
160990584
52441673
0.3
161506344
52441673
0.3
162131816
52441673
0.3
160545920
52441673
0.3
160734288
52441673
0.3
160293520
52441673
0.3
161242768
52441673
0.3
161020328
52441673
0.3
161828664
52441673
0.3
160547792
52441673
0.3
158126744
52441673
0.3
161854400
52441673
0.3
160748592
52441673
0.3
160171592
52441673
0.3
160469744
52441673
0.3
159711800
52441673
0.3
159570072
52441673
0.3
161100384
52441673
0.3
159697368
52441673
0.3
159847792
52441673
0.3
155198520
52441753
0.3
159352840
52441673
0.3
160002864
52441673
0.3
159901496
52441673
0.3
161458856
52441673
0.3
160705864
52441673
0.3
162003936
52441673
0.3
160920112
52441673
0.3
159452968
52441673
0.3
161681568
52441673
0.3
159029888
52441673
0.3
159332080
52441673
0.3
161715440
52441673
0.3
161760384
52441673
0.3
160178728
52441673
0.3
161561616
52441673
0.3
160650464
52441673
0.3
161084928
52441673
0.3
160304312
52441673
0.3
161109488
52441673
0.3
161065448
52441673
0.3
159723112
52441673
0.3
161844000
52441673
0.3
159713392
52441673
0.3
160820048
52441673
0.3
159309624
52441673
0.3
161452568
52441673
0.3
162391432
52441673
0.3
160355864
52441673
0.3
160281504
52441673
0.3
161082056
52441673
0.3
161007912
52441673
0.3
159899640
52441673
0.3
160151152
52441673
0.3
159957720
52441673
0.3
159767200
52441673
0.3
160701664
52441673
0.3
160174032
52441673
0.3
160442552
52441737
0.3
159360192
52441673
0.3
160492968
52441673
0.3
160306992
52441673
0.3
159805976
52441673
0.3
160914720
52441673
0.3
158559016
52441673
0.3
159622792
52441673
0.3
161244792
52441673
0.3
161636816
52441673
0.3
158324936
52441705
0.3
161084136
52441673
0.3
160779344
52441673
0.3
159876960
52441673
0.3
159498200
52441673
0.3
160674448
52441673
0.3
160551864
52441673
0.3
160191560
52441673
0.3
159321952
52441673
0.3
161403312
52441673
0.3
161118112
52441673
0.3
160846648
52441673
0.3
160816008
52441673
0.3
159666632
52441673
0.3
156701072
52441673
0.3
161065336
52441673
0.3
160864976
52441673
0.3
160883552
52441673
0.3
160298992
52441673
0.3
160745784
52441673
0.3
159875408
52441673
0.3
159256952
52441673
0.3
158398992
52441673
0.3
160372448
52441673
0.3
160976808
52441673
0.3
159669040
52441673
0.3
160583640
52441673
0.3
160923344
52441673
0.3
161022176
52441673
0.3
161625936
52441673
0.3
161862928
52441673
0.3
159788376
52441673
0.3
160195664
52441673
0.3
159310720
52441673
0.3
161027632
52441673
0.3
160750152
52441673
0.3
160290504
52441673
0.3
160923392
52441673
0.3
161646536
52441673
0.3
159891104
52441673
0.3
160232416
52441673
0.3
159811488
52441673
0.3
158961288
52441673
0.3
160661032
52441673
0.3
159873696
52441673
0.3
157844920
52441673
0.3
161583616
52441673
0.4
158566696
52441673
0.3
161075608
52441673
0.3
161591888
52441673
0.3
160135448
52441673
0.3
160479248
52441673
0.3
160536944
52441673
0.3
161108744
52441673
0.3
160949256
52441673
0.3
160354736
52441673
0.3
160832392
52441673
0.3
160403512
52441673
0.3
160612712
52441673
0.3
161040880
52441673
0.3
159839816
52441673
0.3
160135560
52441673
0.3
161573584
52441673
0.3
160662696
52441673
0.3
160822784
52441673
0.3
161857696
52441673
0.3
160369368
52441673
0.3
159065360
52441673
0.3
160914400
52441673
0.3
159632336
52441673
0.3
161311520
52441673
0.3
157885160
52441673
0.3
160741320
52441673
0.3
159226440
52441673
0.3
161177160
52441673
0.3
161039008
52441673
0.3
160378576
52441673
0.3
161314008
52441673
0.3
161176456
52441673
0.3
159467776
52441673
0.3
161134096
52441673
0.3
159740808
52441673
0.3
160711904
52441673
0.3
156854408
52441673
0.3
160678120
52441673
0.3
161047936
52441673
0.3
161319856
52441673
0.3
160439408
52441673
0.3
160641792
52441673
0.3
162121224
52441673
0.3
161231344
52441673
0.3
159793200
52441673
0.3
158934792
52441673
0.3
160639792
52441673
0.3
161259672
52441673
0.3
160455680
52441673
0.3
160989040
52441673
0.3
158532968
52441673
0.3
161351888
52441673
0.3
159179040
52441673
0.3
159680072
52441673
0.3
160886208
52441673
0.3
161273160
52441673
0.3
160562928
52441673
0.3
154927824
52441913
0.3
161332176
52441673
0.3
160594872
52441673
0.3
161019952
52441673
0.3
161307784
52441673
0.3
161554696
52441673
0.3
162446472
52441673
0.3
157723488
52441673
0.3
160940064
52441673
0.3
161062552
52441673
0.3
160131536
52441673
0.3
160518584
52441673
0.3
160419600
52441673
0.3
160709400
52441673
0.3
160040840
52441673
0.3
158001048
52441673
0.3
159420152
52441673
0.3
161072680
52441673
0.3
160814648
52441673
0.3
158240248
52441673
0.3
160340312
52441673
0.3
157166144
52441713
0.3
158114200
52441673
0.3
157356032
52441673
0.3
157039208
52441673
0.3
159885760
52441673
0.3
154497368
52441673
0.3
158253120
52441673
0.3
160734888
52441673
0.3
161053808
52441673
0.3
159625520
52441673
0.3
160884520
52441673
0.3
156445208
52441673
0.3
160584200
52441673
0.3
159974408
52441673
0.3
160778952
52441673
0.3
158768448
52441673
0.3
160195960
52441673
0.3
160580512
52441673
0.3
160734808
52441673
0.3
156843712
52441673
0.3
159723832
52441673
0.3
160596120
52441673
0.3
160409096
52441673
0.3
160624272
52441673
0.3
159774888
52441673
0.3
159151744
52441673
0.3
160716744
52441673
0.3
161178320
52441673
0.3
159893696
52441673
0.3
161099720
52441673
0.3
160630728
52441673
0.3
159716928
52441673
0.3
161611232
52441673
0.3
162224328
52441673
0.3
160863848
52441673
0.3
160929048
52441673
0.3
160020168
52441673
0.3
161129664
52441673
0.3
161390072
52441673
0.3
161592336
52441673
0.3
161840272
52441673
0.3
160656152
52441673
0.3
160353408
52441673
0.3
160391232
52441673
0.3
160078776
52441673
0.3
162336808
52441673
0.3
160547432
52441673
0.3
161487472
52441673
0.3
161051464
52441673
0.3
156492440
52441673
0.3
159781832
52441673
0.3
161189320
52441673
0.3
159637464
52441673
0.3
161416704
52441673
0.3
162009480
52441673
0.3
160543552
52441673
0.3
161277088
52441673
0.3
158915672
52441673
0.3
161137544
52441673
0.3
161641184
52441673
0.3
159945520
52441673
0.3
160406888
52441673
0.3
159871880
52441673
0.3
157191744
52441673
0.3
160126504
52441673
0.3
160810904
52441673
0.3
159061704
52441689
0.3
160800712
52441673
0.3
160677752
52441673
0.4
154363360
52441673
0.3
160897528
52441673
0.3
160361784
52441673
0.3
161386408
52441673
0.3
155826792
52441713
0.3
160898904
52441673
0.3
159328560
52441673
0.3
158661448
52441673
0.3
161225792
52441673
0.3
160716752
52441673
0.3
151044456
52441673
0.3
161110256
52441673
0.3
156670184
52441673
0.3
160868880
52441673
0.3
161490176
52441673
0.3
160982512
52441673
0.3
160762168
52441673
0.3
159719816
52441673
0.3
161151048
52441673
0.3
160907896
52441673
0.3
160891096
52441673
0.3
160991896
52441673
0.3
161467384
52441673
0.3
160771272
52441673
0.3
157459168
52441673
0.3
161038968
52441673
0.3
160715008
52441673
0.3
160752384
52441673
0.3
159672160
52441673
0.3
160784472
52441673
0.3
161501472
52441673
0.3
159972744
52441673
0.3
161954312
52441673
0.3
160741960
52441673
0.3
162076624
52441673
0.3
160762040
52441673
0.3
160432256
52441673
0.3
161727864
52441673
0.3
160214168
52441673
0.3
161149688
52441673
0.3
159703344
52441673
0.3
158119816
52441673
0.3
161217896
52441673
0.3
161065912
52441673
0.3
161279368
52441673
0.3
160458704
52441673
0.3
160240792
52441673
0.3
159633472
52441673
0.3
160255376
52441673
0.3
160874400
52441673
0.3
161450648
52441673
0.3
160652672
52441673
0.3
160936320
52441673
0.3
161199208
52441673
0.3
160046864
52441673
0.3
161554984
52441673
0.3
160634672
52441673
0.3
161052408
52441673
0.3
161267256
52441673
0.3
161404536
52441673
0.3
160145160
52441673
0.3
160801768
52441673
0.3
161145728
52441673
0.3
160606344
52441673
0.3
159115528
52441673
0.3
159780176
52441673
0.3
155465032
52441673
0.3
161259384
52441673
0.3
159796968
52441673
0.3
158079784
52441673
0.3
160168912
52441673
0.3
161078912
52441673
0.3
160846480
52441673
0.3
153736608
52441745
0.3
159676688
52441673
0.3
159706592
52441673
0.3
158725536
52441673
0.3
158864792
52441673
0.3
161412112
52441673
0.3
159942944
52441673
0.4
161509000
52441673
0.3
159347680
52441673
0.3
160351864
52441673
0.3
160331392
52441673
0.3
160273776
52441673
0.3
158385640
52441673
0.3
160533032
52441673
0.3
160174000
52441673
0.3
161455968
52441673
0.3
161470056
52441673
0.3
160604296
52441673
0.3
160752664
52441673
0.3
158926656
52441673
0.3
154664744
52441673
0.3
160650912
52441673
0.3
159655192
52441673
0.3
161026072
52441673
0.3
155713480
52441673
0.3
160303152
52441673
0.3
159443992
52441673
0.3
159407472
52441673
0.3
160140832
52441673
0.3
160754568
52441673
0.3
159087104
52441673
0.3
160083448
52441673
0.3
160762968
52441673
0.3
160781168
52441673
0.3
160139400
52441673
0.3
161280792
52441673
0.3
161683664
52441673
0.3
159606520
52441673
0.3
160805552
52441673
0.3
157118408
52442017
0.3
157222480
52441673
0.3
162183104
52441673
0.3
160782616
52441673
0.3
156352104
52441673
0.3
160618992
52441673
0.3
157356504
52441673
0.3
160198768
52441673
0.3
161279200
52441673
0.3
161640296
52441673
0.3
161246680
52441673
0.3
161109472
52441673
0.3
161462384
52441673
0.3
160177336
52441673
0.3
160947352
52441673
0.3
160586832
52441673
0.3
162082048
52441673
0.3
160714152
52441673
0.3
162205464
52441673
0.3
160474432
52441673
0.3
160984024
52441673
0.3
159261032
52441673
0.3
161371096
52441673
0.3
160448976
52441673
0.3
161580248
52441673
0.3
161074856
52441673
0.3
161240928
52441673
0.3
161086928
52441673
0.3
160867944
52441673
0.3
156324200
52441673
0.3
160915376
52441673
0.3
158504096
52441673
0.3
159549528
52441673
0.3
161965088
52441673
0.3
159986624
52441673
0.3
160539312
52441673
0.3
160723472
52441673
0.3
160228616
52441673
0.3
161750368
52441673
0.3
159980600
52441673
0.3
160145504
52441673
0.3
158730464
52441673
0.3
159147696
52441673
0.3
161749392
52441673
0.3
159963600
52441673
0.3
158904216
52441673
0.3
159064032
52441673
0.3
160995632
52441673
0.3
160778032
52441673
0.3
157936592
52441673
0.3
159975720
52441673
0.3
161695824
52441673
0.3
161236952
52441673
0.3
159251872
52441673
0.3
158802600
52441673
0.3
158800944
52441673
0.3
158575752
52441673
0.3
156036472
52441673
0.3
161383696
52441673
0.3
161427888
52441673
0.3
158833936
52441673
0.3
161058992
52441673
0.3
160331640
52441673
0.3
159616888
52441673
0.3
160213536
52441673
0.3
157333040
52441673
0.3
158854808
52441673
0.3
160761592
52441673
0.3
161030888
52441673
0.3
159128424
52441673
0.3
160233592
52441673
0.3
160473184
52441673
0.3
160248760
52441673
0.3
158502264
52441673
0.3
161901176
52441673
0.3
160448960
52441673
0.3
161394656
52441673
0.3
160137872
52441673
0.3
161154424
52441673
0.3
157813672
52441673
0.3
161487016
52441673
0.3
161020816
52441673
0.3
159828680
52441673
0.3
160262512
52441673
0.3
161039368
52441673
0.3
161023904
52441673
0.3
159644008
52441673
0.3
161622456
52441673
0.3
161443832
52441673
0.3
160649448
52441673
0.3
160942736
52441673
0.3
160628968
52441673
0.3
160928896
52441673
0.3
162723904
52441673
0.3
159771480
52441673
0.4
160895104
52441673
0.3
160982864
52441673
0.3
160042456
52441673
0.3
158237536
52441673
0.3
160750960
52441673
0.4
160328632
52441673
0.3
160531648
52441673
0.4
160337240
52441673
0.3
160905400
52441673
0.3
160855464
52441673
0.3
159473648
52441673
0.3
161203160
52441673
0.3
160856768
52441673
0.3
164271272
52442473
0.3
162111216
52441673
0.3
160263680
52441673
0.3
160199296
52441673
0.3
159533304
52441673
0.3
161263352
52441673
0.3
161342240
52441673
0.3
159423704
52441673
0.3
159899928
52441673
0.3
160232448
52441673
0.3
159135088
52441673
0.3
160530336
52441673
0.3
159965504
52441673
0.3
161077280
52441673
0.3
161108064
52441673
0.3
160638064
52441673
0.3
160584056
52441673
0.3
159697680
52441673
0.3
159357744
52441673
0.3
159574824
52441673
0.3
160453312
52441673
0.3
160701616
52441673
0.3
159264992
52441673
0.3
161461944
52441673
0.3
159676136
52441673
0.3
159954264
52441673
0.3
161985896
52441673
0.3
159257864
52441673
0.3
160537232
52441673
0.3
159907152
52441673
0.3
160601736
52441673
0.3
160815032
52441673
0.3
160580608
52441673
0.3
160148368
52441673
0.3
160711880
52441673
0.3
159005672
52441673
0.3
157410016
52441673
0.3
160778072
52441673
0.3
159953824
52441673
0.3
159733688
52441673
0.3
160655472
52441673
0.3
160994016
52441673
0.3
158601320
52441673
0.3
160356096
52441673
0.3
161527792
52441673
0.3
161047680
52441673
0.3
161167832
52441673
0.3
160041400
52441673
0.3
160367272
52441673
0.3
160082840
52441673
0.3
161671704
52441673
0.3
160710064
52441673
0.3
160942112
52441673
0.3
160038152
52441673
0.3
161226152
52441673
0.3
160567848
52441673
0.3
160786896
52441673
0.3
160953376
52441673
0.3
160657712
52441673
0.3
160599352
52441673
0.3
160059200
52441673
0.3
158597344
52441673
0.3
160830008
52441673
0.3
160920352
52441673
0.3
160301264
52441673
0.3
159429032
52441673
0.3
160817384
52441673
0.3
159805352
52441673
0.3
161379936
52441673
0.3
160601720
52441673
0.3
161819280
52441673
0.3
159679528
52441673
0.3
160265312
52441673
0.3
161373648
52441673
0.3
161602128
52441673
0.3
160857528
52441673
0.3
158559624
52441673
0.3
161826576
52441673
0.3
159487440
52441673
0.3
159072304
52441673
0.3
159838160
52441673
0.3
160779672
52441673
0.3
160037344
52441673
0.3
161503488
52441673
0.3
161522656
52441673
0.3
160354168
52441673
0.3
160499600
52441673
0.3
161397072
52441673
0.3
158372768
52441673
0.3
160551000
52441673
0.3
158990600
52441673
0.3
160026080
52441673
0.3
160727872
52441673
0.3
159555952
52441673
0.3
159908240
52441673
0.3
159823160
52441673
0.3
160994552
52441673
0.3
158821440
52441673
0.3
161245496
52441673
0.3
160968976
52441673
0.3
161290696
52441673
0.3
161101424
52441673
0.3
161469488
52441673
0.3
159663704
52441673
0.3
160092968
52441673
0.3
160398544
52441673
0.3
160087128
52441673
0.3
160821856
52441673
0.3
159953000
52441673
0.3
161174128
52441673
0.3
160739856
52441673
0.3
161507792
52441673
0.3
161312320
52441673
0.3
161023304
52441673
0.3
160492912
52441673
0.3
159303768
52441673
0.3
161327872
52441673
0.3
160485536
52441673
0.3
160800256
52441673
0.3
160391224
52441673
0.3
159971808
52441721
0.3
160696160
52441673
0.3
159935432
52441673
0.3
160182216
52441673
0.3
160221528
52441673
0.3
159889808
52441673
0.3
159855664
52441673
0.3
159874688
52441673
0.3
160743648
52441673
0.3
160138416
52441673
0.3
161395112
52441673
0.3
159060088
52441673
0.3
160722728
52441673
0.3
159707800
52441673
0.3
159515144
52441673
0.3
161143160
52441673
0.3
159833784
52441673
0.3
160844088
52441673
0.3
161549048
52441673
0.3
159067016
52441673
0.3
156093520
52441673
0.3
160812280
52441673
0.3
160532712
52441673
0.3
160205944
52441673
0.3
159776264
52441673
0.3
159475448
52441673
0.3
160942328
52441673
0.3
160656680
52441673
0.3
159916880
52441673
0.3
160369912
52441673
0.3
160301360
52441673
0.3
160282336
52441673
0.3
161559344
52441673
0.3
161581184
52441673
0.3
161125584
52441673
0.3
159394576
52441673
0.3
160734496
52441673
0.3
162445888
52441673
0.3
161900392
52441673
0.3
160293960
52441673
0.3
158653480
52441673
0.3
159489568
52441673
0.3
160618648
52441673
0.3
161321512
52441673
0.3
160129000
52441673
0.3
160559480
52441673
0.3
159268096
52441673
0.3
160669800
52441673
0.3
159948720
52441673
0.3
160124720
52441673
0.3
159310288
52441673
0.3
161056224
52441673
0.3
159560272
52441673
0.3
160553608
52441673
0.3
158836600
52441673
0.3
160861376
52441673
0.3
160623128
52441673
0.3
159848440
52441673
0.3
160404648
52441673
0.3
160766792
52441673
0.3
161129072
52441673
0.3
160005896
52441673
0.3
160936768
52441673
0.3
159461368
52441673
0.3
160954104
52441673
0.3
160239720
52441673
0.3
158467528
52441673
0.3
161874872
52441673
0.3
160591888
52441673
0.3
158317416
52441673
0.3
159698440
52441673
0.3
160818968
52441673
0.3
159484760
52441673
0.3
160169128
52441673
0.3
161199960
52441673
0.3
160939888
52441673
0.3
160814136
52441673
0.3
160359808
52441673
0.3
159947728
52441673
0.3
160522192
52441673
0.3
160257640
52441673
0.3
159750008
52441673
0.3
160708736
52441673
0.3
159682056
52441673
0.3
160211776
52441673
0.3
159013080
52441673
0.3
159781272
52441673
0.3
161663096
52441673
0.3
161057960
52441673
0.3
160837016
52441673
0.3
160339520
52441673
0.3
160240736
52441673
0.3
161210624
52441673
0.3
160200560
52441673
0.3
160019752
52441673
0.3
158879680
52441673
0.3
159207048
52441673
0.3
160475528
52441673
0.3
159192760
52441673
0.3
159753096
52441673
0.3
159555432
52441673
0.3
159828848
52441673
0.3
160797960
52441673
0.3
160267272
52441673
0.3
160741952
52441673
0.3
161013624
52441673
