im-aes128-gcm-2047
1000
08/28/18
0.3
135631592
52441681
0.3
135085576
52441681
0.3
137501792
52441681
0.3
137371256
52441681
0.3
136089832
52441681
0.3
133992864
52441681
0.3
136285152
52441681
0.3
132651712
52441729
0.3
137386000
52441681
0.3
135027352
52441681
0.3
135894632
52441681
0.3
137324472
52441681
0.3
132549696
52441801
0.3
135552656
52441681
0.3
137594552
52441681
0.3
136884184
52441681
0.3
135006176
52441681
0.3
134293464
52441817
0.3
134120168
52441681
0.3
137116072
52441681
0.3
135246232
52441681
0.3
135730008
52441681
0.3
137148840
52441681
0.3
137311776
52441681
0.3
134319768
52441713
0.3
134796824
52441681
0.3
131320952
52441761
0.3
136692792
52441681
0.3
134224984
52441681
0.3
136951656
52441681
0.3
134966344
52441681
0.3
136600160
52441681
0.3
137045256
52441681
0.3
136098752
52441681
0.3
137017136
52441681
0.3
135704584
52441681
0.3
136427768
52441681
0.3
136071920
52441681
0.3
135312360
52441681
0.3
137531896
52441681
0.3
134407696
52441681
0.3
135326952
52441681
0.3
134295192
52441737
0.3
133019888
52441681
0.3
133946496
52441681
0.3
136365736
52441681
0.3
137778872
52441681
0.3
132387560
52441889
0.3
134213320
52441809
0.3
136259064
52441681
0.3
135268360
52441681
0.3
134670768
52441681
0.3
132810968
52441801
0.3
136165536
52441681
0.3
136541864
52441681
0.3
137046472
52441681
0.3
134166192
52441681
0.3
134120352
52441681
0.3
134824560
52441681
0.3
136386216
52441681
0.3
135706272
52441681
0.3
136355224
52441681
0.3
135593600
52441681
0.3
137352400
52441681
0.3
137776896
52441681
0.3
138143456
52442025
0.3
137864656
52441681
0.3
132439864
52441681
0.3
136560800
52441681
0.3
136563440
52441681
0.3
137263552
52441681
0.3
137241896
52441681
0.3
136661192
52441681
0.3
133549624
52441681
0.3
135833376
52441681
0.3
136447432
52441681
0.3
135000440
52441681
0.3
136424240
52441681
0.3
134284472
52441681
0.3
134465200
52441681
0.3
136525992
52441681
0.3
135383600
52441681
0.3
135827672
52441681
0.3
135206896
52441681
0.3
135846344
52441681
0.3
131207784
52441681
0.3
137419904
52441681
0.3
137571944
52441681
0.3
137115920
52441681
0.3
137309096
52441681
0.3
136859456
52441681
0.3
136523792
52441681
0.3
131485432
52441713
0.3
136269808
52441681
0.3
135193000
52441681
0.3
136389256
52441681
0.3
134895360
52441721
0.3
137145184
52441681
0.3
137106328
52441681
0.3
122308680
52443233
0.3
136626272
52441681
0.3
136037000
52441681
0.3
135534816
52441681
0.3
135391936
52441681
0.3
134473648
52441681
0.3
136647592
52441681
0.3
136314144
52441681
0.3
136212848
52441681
0.3
136049320
52441681
0.3
137641904
52441681
0.3
136158992
52441681
0.3
136364328
52441681
0.3
136199000
52441681
0.3
135977840
52441681
0.3
135704872
52441681
0.3
135252112
52441681
0.3
135794728
52441681
0.3
134950224
52441681
0.3
136790432
52441681
0.3
137040656
52441681
0.3
136253656
52441681
0.3
135021712
52441729
0.3
136307016
52441681
0.3
137596024
52441681
0.3
136079872
52441681
0.3
136426920
52441681
0.3
133144856
52441777
0.3
133739264
52441705
0.3
134571312
52441681
0.3
75505280
52451545
0.3
135831384
52441681
0.3
135797304
52441681
0.3
135618192
52441681
0.3
136169976
52441681
0.3
132292016
52441825
0.3
136024536
52441681
0.3
134919816
52441681
0.3
134711256
52441681
0.3
136614488
52441681
0.3
134020896
52441681
0.3
136606352
52441681
0.3
132362296
52441785
0.3
137165216
52441681
0.3
136875648
52441681
0.3
135732496
52441681
0.3
135143328
52441681
0.3
136726584
52441681
0.3
134907336
52441681
0.3
136463472
52441681
0.3
134065576
52441681
0.3
136719048
52441681
0.3
135951440
52441681
0.3
136246016
52441681
0.3
131883800
52441681
0.3
136046960
52441681
0.3
135700816
52441681
0.3
136586664
52441681
0.3
136233680
52441681
0.3
136300864
52441681
0.3
136454328
52441681
0.3
136181632
52441681
0.3
135401632
52441681
0.3
132555280
52441681
0.3
132765888
52441681
0.3
136540592
52441681
0.3
135073216
52441769
0.3
132201696
52441681
0.3
135915256
52441681
0.3
135886496
52441681
0.3
137035696
52441681
0.3
135593040
52441681
0.3
134553584
52441713
0.3
135634320
52441681
0.3
136263544
52441681
0.3
134165040
52441697
0.3
137696432
52441681
0.3
134385416
52441681
0.3
136334400
52441681
0.3
124378272
52443345
0.3
137814904
52441681
0.3
134852880
52441705
0.3
135899184
52441681
0.3
134792160
52441681
0.3
134327416
52441681
0.3
138092352
52441681
0.3
136967440
52441681
0.3
134790496
52441721
0.3
136840496
52441681
0.3
134306952
52441681
0.3
135509592
52441681
0.3
132640608
52441729
0.3
134153840
52441729
0.3
135531240
52441681
0.3
135440712
52441681
0.3
135221352
52441681
0.3
137258376
52441681
0.3
130457320
52441689
0.3
136797592
52441681
0.3
136735432
52441681
0.3
135096272
52441681
0.3
137291096
52441681
0.3
137661840
52441681
0.3
133851400
52441681
0.3
132358920
52441769
0.3
136605112
52441681
0.3
130759568
52441945
0.3
129903456
52441689
0.3
135493392
52441681
0.3
135706312
52441681
0.3
135819064
52441681
0.3
136010216
52441681
0.3
136185392
52441681
0.3
137015288
52441681
0.3
133227904
52441697
0.3
134783856
52441681
0.3
134447360
52441681
0.3
135673824
52441681
0.3
137166256
52441681
0.3
132030480
52441793
0.3
136665024
52441681
0.3
135437664
52441681
0.3
136004680
52441681
0.3
136924192
52441681
0.3
135513952
52441681
0.3
135850208
52441681
0.3
135948368
52441681
0.3
133440056
52441753
0.3
135902704
52441681
0.3
134738216
52441681
0.3
137358280
52441681
0.3
134820416
52441681
0.3
136337720
52441681
0.3
135578496
52441681
0.3
134965632
52441681
0.3
133775408
52441745
0.3
137539256
52441681
0.3
136104048
52441681
0.3
136182440
52441681
0.3
136094744
52441681
0.3
136852448
52441681
0.3
136899376
52441681
0.3
137970024
52441681
0.3
135511408
52441681
0.3
135356064
52441681
0.3
136019368
52441681
0.3
135204456
52441681
0.3
135323560
52441681
0.3
135150408
52441681
0.3
135986528
52441681
0.3
91745224
52448817
0.3
134197712
52441681
0.3
135023320
52441681
0.3
136717456
52441681
0.3
136586392
52441681
0.3
135380272
52441689
0.3
135600672
52441681
0.3
135906008
52441681
0.3
129960144
52441929
0.3
133314408
52441681
0.3
135711680
52441681
0.3
136581352
52441681
0.3
137054952
52441681
0.3
136482880
52441681
0.3
136474096
52441681
0.3
136308296
52441729
0.3
133027608
52441729
0.3
136567504
52441681
0.3
135477096
52441681
0.3
136777904
52441681
0.3
136351888
52441681
0.3
133647080
52441705
0.3
132638632
52441697
0.3
135810672
52441681
0.3
133378384
52441681
0.3
135472240
52441681
0.3
136232344
52441681
0.3
135183888
52441681
0.3
136698664
52441681
0.3
133887488
52441681
0.3
135339992
52441681
0.3
132300264
52441977
0.3
133761440
52441793
0.3
136365944
52441681
0.3
137335120
52441681
0.3
136258848
52441681
0.3
135265048
52441705
0.3
137026312
52441681
0.3
136286976
52441681
0.3
134268272
52441681
0.3
136039120
52441681
0.3
135421104
52441681
0.3
136176512
52441681
0.3
136292208
52441681
0.3
135688960
52441681
0.3
135529680
52441681
0.3
136044992
52441681
0.3
135319880
52441713
0.3
130145768
52442401
0.3
135495328
52441681
0.3
135857784
52441681
0.3
134876328
52441681
0.3
134995248
52441681
0.3
133196840
52441713
0.3
135982536
52441681
0.3
136511896
52441681
0.3
133673480
52441681
0.3
136397848
52441681
0.3
137475176
52441681
0.3
134184336
52441681
0.3
137280536
52441681
0.3
136354144
52441681
0.3
137249480
52441681
0.3
137763568
52441681
0.3
135992136
52441681
0.3
133085808
52441769
0.3
135338840
52441681
0.3
136526552
52441681
0.3
135579304
52441681
0.3
137053568
52441681
0.3
134478360
52441681
0.3
136828680
52441681
0.3
136494848
52441681
0.3
136667840
52441681
0.3
137209776
52441681
0.3
137166064
52441681
0.3
135428960
52441681
0.3
133973856
52442041
0.3
135292424
52441681
0.3
136423432
52441681
0.3
136211888
52441681
0.3
134597728
52441681
0.3
136491768
52441681
0.3
137987240
52441681
0.3
136096744
52441681
0.3
135157376
52441713
0.3
136629240
52441681
0.3
128162312
52441841
0.3
137647856
52441681
0.3
136295584
52441681
0.3
136474800
52441681
0.3
129905336
52442209
0.3
134080384
52441681
0.3
135891328
52441681
0.3
136866128
52441681
0.3
136530968
52441681
0.3
135229440
52441681
0.3
132997792
52441817
0.3
134682512
52441705
0.3
136361120
52441681
0.3
134166152
52441697
0.3
137588616
52441681
0.3
135900288
52441681
0.3
136194360
52441681
0.3
135976928
52441681
0.3
136180952
52441681
0.3
137406200
52441681
0.3
133827552
52441681
0.3
136604096
52441681
0.3
134019808
52441785
0.3
136262560
52441681
0.3
133483776
52441681
0.3
133406352
52441681
0.3
134378328
52441681
0.3
136746928
52441681
0.3
136713016
52441681
0.3
136479392
52441681
0.3
136561944
52441681
0.3
136288016
52441681
0.3
133633416
52441769
0.3
135412824
52441681
0.3
138161472
52441681
0.3
135012328
52441761
0.3
136465360
52441681
0.3
136773664
52441681
0.3
135189784
52441681
0.3
137852464
52441681
0.3
137335440
52441681
0.3
136168904
52441681
0.3
136183456
52441681
0.3
135155456
52441681
0.3
132766152
52441681
0.3
135131768
52441681
0.3
133193104
52441689
0.3
136446384
52441681
0.3
136339056
52441681
0.3
135190144
52441681
0.3
136496456
52441681
0.3
133806184
52441681
0.3
134604664
52441921
0.3
136461952
52441681
0.3
134315544
52441681
0.3
136076728
52441681
0.3
136293872
52441681
0.3
136366056
52441681
0.3
136855744
52441681
0.3
136585088
52441681
0.3
137177472
52441681
0.3
137046088
52441681
0.3
134333008
52441681
0.3
132788032
52441873
0.3
136266272
52441713
0.3
134926360
52441681
0.3
132550232
52441681
0.3
136581520
52441681
0.3
136518960
52441681
0.3
135369584
52441681
0.3
134898416
52441681
0.3
134940216
52441681
0.3
134434328
52441681
0.3
132153064
52441769
0.3
134950400
52441681
0.3
136156288
52441681
0.3
136475608
52441681
0.3
136661248
52441681
0.3
137325448
52441681
0.3
135787664
52441681
0.3
135424528
52441681
0.3
137575008
52441681
0.3
134696024
52441681
0.3
136450872
52441681
0.3
136013728
52441681
0.3
131147680
52441721
0.3
135385448
52441681
0.3
137519160
52441681
0.3
134996024
52441729
0.3
134712848
52441681
0.3
137289240
52441681
0.3
133602672
52441681
0.3
135065832
52441681
0.3
137155776
52441681
0.3
134572656
52441681
0.3
136945328
52441681
0.3
137352336
52441681
0.3
135178320
52441681
0.3
136389856
52441681
0.3
135501320
52441681
0.3
94513080
52448257
0.3
136810560
52441681
0.3
135421624
52441681
0.3
135078184
52441681
0.3
137061160
52441681
0.3
131967352
52441681
0.3
131792160
52441897
0.3
135310440
52441681
0.3
135849272
52441681
0.3
136949520
52441681
0.3
133719824
52441681
0.3
135884760
52441681
0.3
135654472
52441721
0.3
137149048
52441681
0.3
136407008
52441681
0.3
134966400
52441681
0.3
136425048
52441681
0.3
137450968
52441681
0.3
138026040
52441681
0.3
131678976
52441881
0.3
136330984
52441681
0.3
135542872
52441681
0.3
137962648
52441681
0.3
126468640
52448225
0.3
135369592
52441681
0.3
135008416
52441681
0.3
137180056
52441681
0.3
136848712
52441681
0.3
136253720
52441681
0.3
132751112
52441841
0.3
133743280
52441681
0.3
136428712
52441681
0.3
136339376
52441681
0.3
136142072
52441681
0.3
135916280
52441681
0.3
135695864
52441681
0.3
137611424
52441681
0.3
134638600
52441681
0.3
136350304
52441681
0.3
136263368
52441681
0.3
132950968
52441681
0.3
136336880
52441681
0.3
137206288
52441681
0.3
137050368
52441681
0.3
136805728
52441681
0.3
136147784
52441681
0.3
134010688
52441681
0.3
134664080
52441697
0.3
135307144
52441681
0.3
136027832
52441681
0.3
135298864
52441681
0.3
131461400
52441705
0.3
134192168
52441681
0.3
136142216
52441681
0.3
136511224
52441681
0.3
136558368
52441681
0.3
136657408
52441681
0.3
137115896
52441681
0.3
135855792
52441681
0.3
135621648
52441905
0.3
134673968
52441761
0.3
135916808
52441681
0.3
134033872
52441753
0.3
136975312
52441681
0.3
134528312
52441681
0.3
136865632
52441681
0.3
135718064
52441681
0.3
137522056
52441681
0.3
133871352
52441681
0.3
136654824
52441681
0.3
137616544
52441681
0.3
137014600
52441681
0.3
133000448
52441785
0.3
134934264
52441729
0.3
136514544
52441681
0.3
136038920
52441681
0.3
136805384
52441681
0.3
135920176
52441681
0.3
136134192
52441681
0.3
131468944
52441985
0.3
131354576
52441681
0.3
137051800
52441681
0.3
135351120
52441681
0.3
129478272
52441705
0.3
130010112
52441785
0.3
136176768
52441681
0.3
137415744
52441681
0.3
137008424
52441681
0.3
135330048
52441681
0.3
136301656
52441745
0.3
137016808
52441681
0.3
132070144
52441689
0.3
136313440
52441681
0.3
136385768
52441681
0.3
137901984
52441681
0.3
134932752
52441681
0.3
136732064
52441681
0.3
136620968
52441681
0.3
136369552
52441681
0.3
135806504
52441681
0.3
137124568
52441681
0.3
137257032
52441681
0.3
137185584
52441681
0.3
137417576
52441681
0.3
134547320
52441681
0.3
135475584
52441681
0.3
136386704
52441681
0.3
134916520
52441681
0.3
134650592
52441977
0.3
137853344
52441681
0.3
134420208
52441681
0.3
137551608
52441681
0.3
136816976
52441681
0.3
137782888
52441681
0.3
136571304
52441681
0.3
133379688
52441681
0.3
137081160
52441681
0.3
129710752
52442001
0.3
135525952
52441681
0.3
136224600
52441681
0.3
136117744
52441681
0.3
134115408
52441793
0.3
136712800
52441681
0.3
136408584
52441681
0.3
137620232
52441681
0.3
136152320
52441681
0.3
136332752
52441681
0.3
133930056
52441681
0.3
135355328
52441681
0.3
135568328
52441681
0.3
135004568
52441681
0.3
136340824
52441681
0.3
136382824
52441681
0.3
136366424
52441681
0.3
135872376
52441681
0.3
136238728
52441681
0.3
134866432
52441681
0.3
135224072
52441681
0.3
137264328
52441681
0.3
136366136
52441681
0.3
136432272
52441681
0.3
135689424
52441681
0.3
136951472
52441681
0.3
136648920
52441681
0.3
135881848
52441681
0.3
135394720
52441697
0.3
135437632
52441681
0.3
136787056
52441681
0.3
136618400
52441681
0.3
135816808
52441681
0.3
133481784
52441681
0.3
136210408
52441681
0.3
136747088
52441681
0.3
134625056
52441681
0.3
134666960
52441681
0.3
136043168
52441681
0.3
135254600
52441681
0.3
135756456
52441681
0.3
136815912
52441681
0.3
137182336
52441681
0.3
133065824
52441777
0.3
92215824
52449369
0.3
135627008
52441681
0.3
135662112
52441681
0.3
134641600
52441713
0.3
135811632
52441705
0.3
135523960
52441681
0.3
136880768
52441681
0.3
134770440
52441681
0.3
136092680
52441681
0.3
135303496
52441681
0.3
135881864
52441681
0.3
137821632
52441681
0.3
136057104
52441681
0.3
133514424
52441681
0.3
135901424
52441681
0.3
136569008
52441681
0.3
136410568
52441681
0.3
130773040
52442033
0.3
136674600
52441681
0.3
135375016
52441681
0.3
136984688
52441681
0.3
135522376
52442025
0.3
133593112
52441721
0.3
76447664
52451417
0.3
136301136
52441681
0.3
134864840
52441681
0.3
135137576
52441681
0.3
133693584
52441729
0.3
136825272
52441681
0.3
136223472
52441681
0.3
131080912
52441681
0.3
135533392
52441681
0.3
135200280
52441681
0.3
135548280
52441681
0.3
137659480
52441681
0.3
136122496
52441681
0.3
135172832
52441681
0.3
131967872
52441825
0.3
136662624
52441681
0.3
135678808
52441681
0.3
136666000
52441681
0.3
136831704
52441681
0.3
133563456
52441705
0.3
92240688
52449849
0.3
137615072
52441681
0.3
135469952
52441681
0.3
136445840
52441681
0.3
136617552
52441681
0.3
135183336
52441681
0.3
135976848
52441681
0.3
133547280
52441753
0.3
135385816
52441681
0.3
136084248
52441681
0.3
136039384
52441681
0.3
136290208
52441681
0.3
130720432
52441849
0.3
136308856
52441681
0.3
106228008
52445849
0.3
135767976
52441681
0.3
136003088
52441681
0.3
136360552
52441681
0.3
134573032
52441681
0.3
135395208
52441681
0.3
137617736
52441681
0.3
131097328
52442185
0.3
137066312
52441681
0.3
134521920
52441681
0.3
135860200
52441729
0.3
135985536
52441681
0.3
136054560
52441681
0.3
136137144
52441681
0.3
136579528
52441681
0.3
136228208
52441681
0.3
134157424
52441681
0.3
135872928
52441681
0.3
136937096
52441681
0.3
134863096
52441681
0.3
134587744
52441681
0.3
136700520
52441681
0.3
136731088
52441681
0.3
135752664
52441681
0.3
135143512
52441681
0.3
137314368
52441681
0.3
135939096
52441681
0.3
135174128
52441681
0.3
137442808
52441681
0.3
135800608
52441681
0.3
134780768
52441945
0.3
134519800
52441681
0.3
135708960
52441681
0.3
130852992
52441753
0.3
136170984
52441681
0.3
136546504
52441681
0.3
136436744
52441681
0.3
137718960
52441681
0.3
137491584
52441681
0.3
135470320
52441681
0.3
136944584
52441681
0.3
133938528
52441681
0.3
135045592
52441681
0.3
138074384
52441681
0.3
136988000
52441681
0.3
133730296
52441681
0.3
136111064
52441681
0.3
135175736
52441681
0.3
136177792
52441681
0.3
136021392
52441681
0.3
135865632
52441681
0.3
135369160
52441681
0.3
135286480
52441681
0.3
134817304
52441681
0.3
135673720
52441753
0.3
133044392
52441689
0.3
136813656
52441681
0.3
136440288
52441681
0.3
129520352
52441705
0.3
136601344
52441681
0.3
136138808
52441681
0.3
136451856
52441681
0.3
136513040
52441681
0.3
136518440
52441681
0.3
133634528
52441681
0.3
136576648
52441681
0.3
136415600
52441681
0.3
136229624
52441681
0.3
134359608
52441681
0.3
136650504
52441681
0.3
105924096
52447017
0.3
135384760
52441681
0.3
134736136
52441745
0.3
135415360
52441681
0.3
134163984
52441681
0.3
136294064
52441681
0.3
136770656
52441681
0.3
132217192
52442289
0.3
136446040
52441681
0.3
135669912
52441681
0.3
136092600
52441681
0.3
135792208
52441681
0.3
134011520
52441681
0.3
86566336
52449721
0.3
135268064
52441681
0.3
136471896
52441681
0.3
137048336
52441681
0.3
135598880
52441681
0.3
136825880
52441681
0.3
135223960
52441681
0.3
135772304
52441681
0.3
137705832
52441681
0.3
137394384
52441681
0.3
136356040
52441681
0.3
136510736
52441681
0.3
136860784
52441681
0.3
136630256
52441681
0.3
135635832
52441681
0.3
133491032
52441753
0.3
135620960
52441681
0.3
135335728
52441681
0.3
137362824
52441681
0.3
136322248
52441681
0.3
135176528
52441681
0.3
133355232
52441681
0.3
135981120
52441681
0.3
189014400
52448249
0.3
136293432
52441681
0.3
136770712
52441681
0.3
135988880
52441681
0.3
137010264
52441681
0.3
136044744
52441681
0.3
136103480
52441681
0.3
136272912
52441681
0.3
138672776
52441681
0.3
137717064
52441681
0.3
136694848
52441681
0.3
137492664
52441681
0.3
136527624
52441681
0.3
136190312
52441681
0.3
136108280
52441681
0.3
135937216
52441681
0.3
134913280
52441681
0.3
133653256
52441761
0.3
133267360
52441689
0.3
136318848
52441681
0.3
136714104
52441681
0.3
134335288
52441681
0.3
136340120
52441681
0.3
136781760
52441681
0.3
136937504
52441681
0.3
136112256
52441681
0.3
132602200
52441833
0.3
136276256
52441681
0.3
136533568
52441681
0.3
136594544
52441681
0.3
136202880
52441681
0.3
137151112
52441681
0.3
132199800
52441681
0.3
136561728
52441681
0.3
133837816
52441689
0.3
136329064
52441681
0.3
138054040
52441681
0.3
136085392
52441681
0.3
135239224
52441777
0.3
136861256
52441681
0.3
136473600
52441681
0.3
136481392
52441681
0.3
135488544
52441681
0.3
134924792
52441681
0.3
135561088
52441681
0.3
137033720
52441681
0.3
135788080
52441681
0.3
135852536
52441681
0.3
134492408
52441689
0.3
134914128
52441681
0.3
127062152
52441729
0.3
134814280
52441681
0.3
136776048
52441681
0.3
135587360
52441681
0.3
136419560
52441681
0.3
136187672
52441681
0.3
136938992
52441681
0.3
137162704
52441681
0.3
95026096
52449841
0.3
137159464
52441681
0.3
135296968
52441697
0.3
136381408
52441681
0.3
135914000
52441681
0.3
134899608
52441681
0.3
137440328
52441681
0.3
135807088
52441681
0.3
135596104
52441681
0.3
134824280
52441681
0.3
137282752
52441681
0.3
136532048
52441681
0.3
136132408
52441681
0.3
137142896
52441681
0.3
133623344
52441681
0.3
133753384
52441681
0.3
135356792
52441681
0.3
145947304
52442497
0.3
136620656
52441681
0.3
136630504
52441681
0.3
135841232
52441681
0.3
135535136
52441681
0.3
135274240
52441681
0.3
135936744
52441681
0.3
136538920
52441681
0.3
137229416
52441681
0.3
136247784
52441681
0.3
135656712
52441681
0.3
134548664
52441681
0.3
135579096
52441681
0.3
137247632
52441681
0.3
136051304
52441681
0.3
137155688
52441681
0.3
135546848
52441681
0.3
131933304
52441697
0.3
134928048
52441945
0.3
135565968
52441681
0.3
136284800
52441681
0.3
135195112
52441681
0.3
136450864
52441681
0.3
136520152
52441681
0.3
135364744
52441681
0.3
134917800
52441681
0.3
136705288
52441681
0.3
137407152
52441681
0.3
137008064
52441681
0.3
136653616
52441681
0.3
136331496
52441681
0.3
136416072
52441681
0.3
135537128
52441681
0.3
135836416
52441681
0.3
136517976
52441681
0.3
133625600
52441689
0.3
136674696
52441681
0.3
135837952
52441681
0.3
136301328
52441681
0.3
136100248
52441681
0.3
136827424
52441681
0.3
137067624
52441681
0.3
136955088
52441681
0.3
136841944
52441681
0.3
136191328
52441681
0.3
136696440
52441681
0.3
134554088
52441681
0.3
137629112
52441681
0.3
134450784
52441681
0.3
136544320
52441681
0.3
132064376
52441689
0.3
136532064
52441681
0.3
135724216
52441681
0.3
135451384
52441681
0.3
136024600
52441681
0.3
137319896
52441681
0.3
135751792
52441681
0.3
135999712
52441681
0.3
136192080
52441681
0.3
134304576
52441705
0.3
134926232
52441681
0.3
133918240
52441689
0.3
136608824
52441681
0.3
136246816
52441681
0.3
137491656
52441681
0.3
133364872
52441681
0.3
134763648
52441681
0.3
134785384
52441681
0.3
129930544
52442153
0.3
136170256
52441681
0.3
136101016
52441681
0.3
136346008
52441681
0.3
134651520
52441681
0.3
133412216
52441681
0.3
136438192
52441681
0.3
136267496
52441681
0.3
136981000
52441681
0.3
136836064
52441681
0.3
137103000
52441681
0.3
136079888
52441681
0.3
136531256
52441681
0.3
137432240
52441681
0.3
133963816
52441689
0.3
136872176
52441681
0.3
137026600
52441681
0.3
136914200
52441681
0.3
134823104
52441681
0.3
136959864
52441681
0.3
136825488
52441681
0.3
135917648
52441681
0.3
135919064
52441681
0.3
135618136
52441681
0.3
135005816
52441681
0.3
136757432
52441681
0.3
135113848
52441681
0.3
136903232
52441681
0.3
134905128
52441681
0.3
132066384
52441913
0.3
136150920
52441681
0.3
135587096
52441681
0.3
134370808
52441681
0.3
136775360
52441681
0.3
137029496
52441681
0.3
136628216
52441681
0.3
135659896
52441681
0.3
135126512
52441681
0.3
137102392
52441681
0.3
135067848
52441761
0.3
135881328
52441681
0.3
135700992
52441681
0.3
135555088
52441681
0.3
136815240
52441681
0.3
137149288
52441681
0.3
137719528
52441681
0.3
135854864
52441681
0.3
132759304
52441681
0.3
134360656
52441681
0.3
136063944
52441681
0.3
136396280
52441681
0.3
132180488
52441697
0.3
136256792
52441681
0.3
136587304
52441681
0.3
136037384
52441681
0.3
135911976
52441681
0.3
134832304
52441681
0.3
132854000
52441681
0.3
134215760
52442329
0.3
137633352
52441681
0.3
134681192
52441681
0.3
137245608
52441681
0.3
137780968
52441681
0.3
137037000
52441681
0.3
135676616
52441681
0.3
135591120
52441681
0.3
135912960
52441681
0.3
136654552
52441681
0.3
136340584
52441681
0.3
137129104
52441681
0.3
136791904
52441681
0.3
134509208
52441681
0.3
133852480
52441681
0.3
133427040
52441857
0.3
137440848
52441681
0.3
134839856
52441713
0.3
134568768
52441681
0.3
135987016
52441681
0.3
134464568
52441681
0.3
137125560
52441681
0.3
136608456
52441681
0.3
136379616
52441681
0.3
135738848
52441681
0.3
136821112
52441681
0.3
135061712
52441681
0.3
136242032
52441681
0.3
136288656
52441681
0.3
133809224
52441681
0.3
136170288
52441681
0.3
134868464
52441681
0.3
135537704
52441681
0.3
135205456
52441681
0.3
134316416
52441681
0.3
132441800
52441841
0.3
137857096
52441681
0.3
136985536
52441681
0.3
137291200
52441681
