im-aes128-gcm-2048
1000
08/28/18
0.3
136319209
52441681
0.3
135526212
52441681
0.3
135854536
52441681
0.3
137454428
52441681
0.3
136303882
52441681
0.3
136602696
52441681
0.3
135383352
52441681
0.3
134999860
52441681
0.3
132773076
52441681
0.3
136048358
52441681
0.3
136926667
52441681
0.3
136536391
52441681
0.3
135764930
52441681
0.3
134507710
52441681
0.3
135900059
52441681
0.3
135282138
52441681
0.3
137797922
52441681
0.3
136555380
52441681
0.3
134449600
52441681
0.3
134090113
52441681
0.3
133908628
52441689
0.3
136060277
52441681
0.3
137496105
52441681
0.3
136031380
52441681
0.3
136093924
52441681
0.3
134571548
52441809
0.3
135905277
52441681
0.3
137035940
52441681
0.3
134353893
52441681
0.3
137675190
52441681
0.3
135393192
52441681
0.3
137517210
52441681
0.3
134969515
52441681
0.3
135129033
52441681
0.3
136347635
52441681
0.3
136350880
52441681
0.3
102876010
52447873
0.3
134561030
52441681
0.3
133158798
52441681
0.3
134342951
52441737
0.3
137756880
52441681
0.3
132433439
52441793
0.3
137268012
52441681
0.3
136084629
52441681
0.3
134376899
52441681
0.3
135481640
52441681
0.3
137691154
52441681
0.3
132386225
52441681
0.3
134689687
52441681
0.3
135183862
52441681
0.3
134011039
52441881
0.3
135951324
52441681
0.3
136673694
52441681
0.3
134193836
52441681
0.3
135704520
52441681
0.3
134199267
52441769
0.3
136909991
52441681
0.3
133095741
52441785
0.3
134124786
52441681
0.3
137349398
52441681
0.3
132713453
52441721
0.3
134777786
52441681
0.3
134080153
52441697
0.3
135784710
52441681
0.3
136427670
52441681
0.3
136645833
52441681
0.3
134614045
52441681
0.3
135063103
52441681
0.3
137201216
52441681
0.3
134745935
52441681
0.3
136920789
52441681
0.3
134506911
52441705
0.3
135817397
52441681
0.3
136323694
52441681
0.3
134070370
52441681
0.3
136950137
52441681
0.3
137250020
52441681
0.3
136955231
52441681
0.3
135575694
52441681
0.3
136694782
52441681
0.3
136239275
52441681
0.3
137432278
52441681
0.3
136767474
52441681
0.3
135173185
52441681
0.3
134986231
52441681
0.3
137333784
52441681
0.3
135377042
52441681
0.3
132332957
52441729
0.3
135526223
52441681
0.3
136798982
52441681
0.3
136214458
52441681
0.3
134601001
52441681
0.3
136054470
52441681
0.3
135438779
52441681
0.3
137107955
52441681
0.3
136898505
52441681
0.3
137776105
52441681
0.3
132957511
52441721
0.3
133219042
52441865
0.3
135136245
52441681
0.3
136302747
52441681
0.3
134270952
52441681
0.3
136561589
52441681
0.3
131308849
52441985
0.3
137106721
52441681
0.3
133744718
52441705
0.3
136396031
52441681
0.3
137934177
52441681
0.3
132488063
52441681
0.3
135215024
52441681
0.3
136701968
52441681
0.3
129190313
52450697
0.3
135367120
52441681
0.3
134521455
52441689
0.3
135837083
52441681
0.3
136148264
52441681
0.3
134353321
52441681
0.3
134141672
52441825
0.3
137599443
52441681
0.3
136359212
52441681
0.3
137064077
52441681
0.3
135929396
52441785
0.3
134985724
52441681
0.3
136375639
52441681
0.3
137483111
52441681
0.3
134596161
52441681
0.3
133634627
52441681
0.3
135245453
52441681
0.3
134013931
52441705
0.3
136392057
52441681
0.3
135628185
52441681
0.3
136411825
52441681
0.3
137457702
52441681
0.3
135628165
52441681
0.3
137534734
52441681
0.3
134585845
52441825
0.3
136946750
52441681
0.3
134057460
52441681
0.3
135779563
52441681
0.3
136814017
52441681
0.3
137516628
52441681
0.3
137077074
52441681
0.3
137496155
52441681
0.3
132592534
52441681
0.3
135692353
52441681
0.3
135415715
52441681
0.3
136692921
52441681
0.3
136102107
52441681
0.3
137572293
52441681
0.3
137119736
52441681
0.3
136513892
52441681
0.3
137139404
52441681
0.3
135879664
52441681
0.3
136057178
52441681
0.3
136733694
52441681
0.3
136234431
52441681
0.3
136060275
52441681
0.3
136689426
52441681
0.3
136659735
52441681
0.3
136242327
52441681
0.3
135590992
52441681
0.3
137590797
52441681
0.3
136667311
52441681
0.3
133727946
52441681
0.3
136592707
52441681
0.3
136088038
52441681
0.3
136554810
52441681
0.3
135744535
52441681
0.3
131439455
52441689
0.3
136086872
52441681
0.3
136176860
52441681
0.3
136080246
52441681
0.3
134819118
52441681
0.3
133794449
52441681
0.3
134585658
52441681
0.3
136994855
52441681
0.3
136066743
52441681
0.3
136909031
52441681
0.3
135834335
52441681
0.3
135569387
52441681
0.3
135128587
52441681
0.3
136080059
52441681
0.3
127037461
52442065
0.3
135439206
52441681
0.3
134216780
52441681
0.3
134858456
52441681
0.3
136426065
52441681
0.3
135682513
52441681
0.3
136555779
52441681
0.3
133644327
52441681
0.3
136274752
52441681
0.3
137591481
52441681
0.3
136044047
52441681
0.3
137199724
52441681
0.3
135762211
52441681
0.3
137246303
52441681
0.3
136801427
52441681
0.3
133288507
52441681
0.3
137529539
52441681
0.3
133957252
52441681
0.3
137296143
52441681
0.3
136303305
52441681
0.3
136591585
52441681
0.3
135323489
52441681
0.3
133736690
52441681
0.3
132954369
52441689
0.3
136163482
52441681
0.3
134652679
52441681
0.3
137166225
52441681
0.3
134896778
52441681
0.3
133357872
52441689
0.3
136225826
52441681
0.3
136771586
52441681
0.3
137619496
52441681
0.3
134696630
52441681
0.3
136691935
52441681
0.3
133455933
52441681
0.3
134990616
52441681
0.3
135785858
52441681
0.3
136434922
52441681
0.3
134370255
52441721
0.3
134501096
52441681
0.3
137704417
52441681
0.3
136100135
52441681
0.3
136964006
52441681
0.3
135734473
52441681
0.3
135765905
52441681
0.3
134890691
52441681
0.3
136221422
52441681
0.3
136309655
52441681
0.3
136253771
52441681
0.3
137254248
52441681
0.3
132607254
52441817
0.3
134396319
52441681
0.3
137185086
52441681
0.3
136047890
52441681
0.3
135586537
52441681
0.3
136868371
52441681
0.3
132269755
52441697
0.3
136699303
52441681
0.3
137099777
52441681
0.3
137031785
52441681
0.3
135240517
52441681
0.3
133156360
52441993
0.3
137986444
52441681
0.3
137323789
52441681
0.3
133396535
52441697
0.3
135777958
52441681
0.3
135265129
52441681
0.3
137204169
52441681
0.3
136645589
52441681
0.3
136294550
52441681
0.3
134657971
52441753
0.3
136123962
52441681
0.3
135722315
52441681
0.3
134200367
52441681
0.3
137641098
52441681
0.3
134191249
52441681
0.3
131847350
52441737
0.3
135931841
52441681
0.3
135744721
52441681
0.3
128432911
52441961
0.3
135318393
52441681
0.3
137215914
52441681
0.3
135910129
52441681
0.3
135424941
52441681
0.3
136900836
52441681
0.3
133934629
52441681
0.3
130949841
52441705
0.3
135310194
52441681
0.3
136888643
52441681
0.3
134098656
52441689
0.3
135048591
52441681
0.3
136438893
52441681
0.3
135896877
52441681
0.3
136494888
52441681
0.3
137958189
52441681
0.3
137335794
52441681
0.3
134893852
52441681
0.3
134445136
52441809
0.3
136684574
52441681
0.3
135719184
52441681
0.3
132001876
52441681
0.3
136040158
52441681
0.3
137195788
52441681
0.3
134136240
52441681
0.3
136341386
52441681
0.3
135856777
52441681
0.3
137666382
52441681
0.3
137614318
52441681
0.3
136903961
52441681
0.3
132560306
52441681
0.3
135025122
52441785
0.3
136000396
52441681
0.3
132374761
52441681
0.3
136472320
52441681
0.3
136212463
52441681
0.3
136456595
52441681
0.3
136595563
52441681
0.3
136141570
52441681
0.3
137384061
52441681
0.3
134662036
52441737
0.3
134556715
52441681
0.3
135419162
52441681
0.3
134630768
52441681
0.3
136024770
52441681
0.3
135091968
52441681
0.3
137292455
52441681
0.3
135789418
52441681
0.3
133174104
52441713
0.3
132774008
52441697
0.3
132331897
52441681
0.3
135345889
52441785
0.3
136665846
52441681
0.3
135563426
52441681
0.3
133820444
52441705
0.3
137138117
52441681
0.3
132021934
52441681
0.3
134612327
52441681
0.3
133877759
52441697
0.3
135068935
52441681
0.3
136473018
52441681
0.3
136367796
52441681
0.3
137458446
52441681
0.3
137757065
52441681
0.3
136368978
52441681
0.3
137579649
52441681
0.3
136453996
52441681
0.3
137419713
52441681
0.3
136881042
52441681
0.3
136299069
52441681
0.3
136692954
52441681
0.3
135498284
52441681
0.3
136581193
52441681
0.3
136674178
52441681
0.3
136212999
52441681
0.3
134728048
52441681
0.3
136903274
52441681
0.3
132140746
52441809
0.3
136186818
52441681
0.3
134525041
52441681
0.3
134807852
52441681
0.3
136378942
52441681
0.3
132895461
52441681
0.3
136385070
52441681
0.3
133698906
52441681
0.3
137362155
52441681
0.3
136630329
52441681
0.3
137615953
52441681
0.3
133147281
52441689
0.3
135642597
52441681
0.3
134889002
52441737
0.3
133931643
52441681
0.3
132969417
52441681
0.3
133382314
52441865
0.3
136508830
52441681
0.3
136489307
52441681
0.3
135597492
52441681
0.3
134506209
52441681
0.3
133188706
52441681
0.3
135044467
52441681
0.3
133167851
52441681
0.3
134506942
52441681
0.3
135638167
52441681
0.3
135832664
52441681
0.3
136364222
52441681
0.3
137114266
52441681
0.3
134112112
52441721
0.3
135345151
52441681
0.3
134559403
52441681
0.3
135803242
52441681
0.3
134748169
52441681
0.3
136446738
52441681
0.3
135221918
52441681
0.3
135707441
52441681
0.3
136683435
52441681
0.3
132974744
52441681
0.3
136385851
52441681
0.3
137215975
52441681
0.3
133551607
52441705
0.3
131060519
52441745
0.3
134733424
52441681
0.3
130597407
52441993
0.3
136781629
52441681
0.3
133605598
52441681
0.3
136607095
52441681
0.3
134532013
52441681
0.3
134767766
52441745
0.3
132743121
52441737
0.3
135479532
52441681
0.3
136039059
52441681
0.3
136562622
52441681
0.3
135449542
52441681
0.3
136380172
52441681
0.3
135821657
52441681
0.3
136948380
52441681
0.3
136210030
52441681
0.3
136862903
52441681
0.3
136123181
52441681
0.3
135928118
52441681
0.3
133010260
52441681
0.3
135736666
52441681
0.3
135262830
52441681
0.3
136999516
52441681
0.3
133839394
52441681
0.3
136830469
52441681
0.3
137682823
52441681
0.3
133932815
52441681
0.3
136679143
52441681
0.3
135776577
52441681
0.3
134487816
52441681
0.3
135766289
52441681
0.3
137219039
52441681
0.3
134848146
52441681
0.3
133846056
52441713
0.3
134704403
52441681
0.3
137255774
52441681
0.3
137918554
52441681
0.3
136919772
52441681
0.3
133953739
52441793
0.3
136165050
52441681
0.3
134299851
52441681
0.3
132835153
52441681
0.3
135983693
52441681
0.3
135907067
52441681
0.3
137356509
52441681
0.3
136083143
52441681
0.3
137667341
52441681
0.3
136730534
52441681
0.3
132896614
52441817
0.3
136760818
52441681
0.3
136213691
52441681
0.3
135183760
52441681
0.3
136408619
52441681
0.3
136777402
52441681
0.3
136080939
52441745
0.3
135293268
52441681
0.3
136598346
52441681
0.3
135753314
52441681
0.3
136052389
52441681
0.3
134618133
52441681
0.3
136183524
52441681
0.3
136673068
52441681
0.3
134278407
52441681
0.3
133837363
52441681
0.3
137383418
52441681
0.3
135838953
52441681
0.3
135938353
52441681
0.3
137532527
52441681
0.3
137180473
52441681
0.3
135557709
52441681
0.3
136267392
52441681
0.3
135316533
52441681
0.3
136694189
52441681
0.3
137629153
52441681
0.3
132228166
52441681
0.3
135067799
52441681
0.3
134309005
52441689
0.3
136516641
52441681
0.3
135670656
52441681
0.3
136327010
52441681
0.3
137323919
52441681
0.3
136039628
52441681
0.3
133448095
52441809
0.3
135078319
52441681
0.3
135699264
52441681
0.3
136639437
52441681
0.3
135492261
52441681
0.3
136364719
52441681
0.3
136882228
52441681
0.3
134893648
52441697
0.3
136148932
52441681
0.3
135405451
52441681
0.3
134626760
52441681
0.3
136014706
52441681
0.3
136861476
52441681
0.3
136230910
52441681
0.3
137491690
52441681
0.3
135503202
52441681
0.3
136102329
52441681
0.3
136914856
52441681
0.3
133044841
52441689
0.3
135462503
52441681
0.3
134403353
52441681
0.3
134769593
52441681
0.3
134878803
52441681
0.3
135952317
52441681
0.3
136623147
52441681
0.3
135878149
52441681
0.3
134895820
52441681
0.3
136762641
52441681
0.3
136685423
52441681
0.3
135454717
52441681
0.3
137020970
52441681
0.3
136406631
52441737
0.3
136315274
52441681
0.3
137137942
52441681
0.3
136011158
52441681
0.3
133656337
52441929
0.3
136110182
52441681
0.3
135353916
52441681
0.3
132469673
52441713
0.3
135813633
52441681
0.3
135923298
52441681
0.3
135087131
52441681
0.3
136098400
52441681
0.3
135854825
52441681
0.3
135070851
52441681
0.3
135911805
52441681
0.3
92235169
52451577
0.3
136976913
52441681
0.3
135457201
52441769
0.3
134784927
52441681
0.3
133456621
52441833
0.3
135586775
52441681
0.3
136460527
52441681
0.3
136708330
52441681
0.3
137999405
52441681
0.3
135305854
52441681
0.3
135865956
52441681
0.3
137044467
52441681
0.3
136996550
52441681
0.3
137547640
52441681
0.3
136235536
52441681
0.3
136180077
52441681
0.3
135840812
52441681
0.3
137020829
52441681
0.3
133379858
52441681
0.3
134144774
52441681
0.3
133951420
52441737
0.3
132890877
52441681
0.3
136501704
52441681
0.3
135340745
52441681
0.3
132716810
52441681
0.3
132606820
52441777
0.3
136539304
52441681
0.3
135301613
52441681
0.3
134556608
52441681
0.3
135858390
52441681
0.3
136113696
52441681
0.3
136875961
52441681
0.3
135815984
52441681
0.3
136277824
52441681
0.3
136435195
52441681
0.3
134250740
52441913
0.3
133494282
52441721
0.3
136276580
52441681
0.3
137503328
52441681
0.3
136569039
52441681
0.3
131621353
52441681
0.3
136687459
52441681
0.3
136943683
52441681
0.3
135419495
52441681
0.3
136565908
52441681
0.3
135488891
52441681
0.3
133610722
52441681
0.3
135738379
52441681
0.3
138130054
52441681
0.3
136239216
52441681
0.3
134634504
52441761
0.3
136225245
52441681
0.3
136580309
52441681
0.3
133624898
52441681
0.3
133729519
52441841
0.3
135688286
52441681
0.3
135846767
52441681
0.3
136632205
52441681
0.3
137415148
52441681
0.3
136589295
52441681
0.3
134093816
52441681
0.3
136432883
52441681
0.3
135530469
52441681
0.3
137496103
52441681
0.3
137208790
52441681
0.3
136219315
52441681
0.3
136089587
52441681
0.3
135119508
52441697
0.3
135464097
52441681
0.3
135690392
52441681
0.3
132450227
52441905
0.3
135944210
52441681
0.3
134468413
52441681
0.3
134816608
52441681
0.3
136882104
52441681
0.3
136253332
52441681
0.3
136151595
52441681
0.3
136721241
52441681
0.3
136348321
52441681
0.3
137140608
52441681
0.3
136743482
52441681
0.3
136970500
52441681
0.3
136347992
52441681
0.3
135805554
52441681
0.3
134348227
52441681
0.3
137145034
52441681
0.3
135609715
52441681
0.3
137170551
52441681
0.3
132838181
52441761
0.3
135713986
52441681
0.3
133973308
52441913
0.3
135009817
52441681
0.3
135991429
52441681
0.3
133017187
52441681
0.3
135689076
52441681
0.3
135070929
52441681
0.3
136143885
52441681
0.3
136651678
52441681
0.3
135736471
52441729
0.3
136736346
52441681
0.3
133760565
52441729
0.3
135361037
52441681
0.3
136090644
52441681
0.3
134898443
52441681
0.3
135345788
52441681
0.3
137169880
52441681
0.3
134756674
52441681
0.3
136277340
52441681
0.3
135873462
52441681
0.3
135261742
52441681
0.3
136701897
52441681
0.3
136320090
52441681
0.3
134597365
52441681
0.3
136760070
52441681
0.3
135640928
52441681
0.3
135938429
52441681
0.3
136067506
52441681
0.3
133190366
52441761
0.3
134968897
52441681
0.3
136104796
52441681
0.3
136381061
52441681
0.3
134119603
52441681
0.3
136773917
52441681
0.3
134184608
52441737
0.3
137428507
52441681
0.3
137159154
52441681
0.3
136238333
52441681
0.3
136285380
52441681
0.3
133114476
52441713
0.3
134862351
52441801
0.3
133573736
52441817
0.3
135295494
52441681
0.3
135665274
52441681
0.3
135996727
52441681
0.3
135158803
52441681
0.3
134107925
52441761
0.3
136517253
52441681
0.3
135172242
52441785
0.3
135601717
52441681
0.3
128401502
52442841
0.3
134839463
52441681
0.3
135997827
52441681
0.3
137207452
52441681
0.3
136408481
52441681
0.3
135487111
52441681
0.3
136889818
52441681
0.3
137383705
52441681
0.3
135457172
52441681
0.3
138160633
52441681
0.3
136723253
52441681
0.3
135894757
52441681
0.3
133202418
52441681
0.3
134889925
52441681
0.3
135430187
52441697
0.3
137105918
52441681
0.3
136866471
52441681
0.3
136213282
52441681
0.3
137036761
52441681
0.3
137594133
52441681
0.3
136766401
52441681
0.3
136991249
52441681
0.3
134864054
52441681
0.3
137076491
52441681
0.3
136384263
52441681
0.3
137828548
52441681
0.3
135002548
52441681
0.3
133279225
52441809
0.3
135486629
52441681
0.3
136195368
52441681
0.3
136871639
52441681
0.3
133160399
52441681
0.3
136103110
52441681
0.3
136387769
52441681
0.3
136341909
52441681
0.3
135376683
52441681
0.3
136909674
52441681
0.3
136148031
52441681
0.3
134665213
52441681
0.3
136285208
52441681
0.3
135883237
52441681
0.3
137120749
52441681
0.3
135862061
52441681
0.3
137478363
52441681
0.3
136503922
52441681
0.3
136097929
52441681
0.3
136348042
52441681
0.3
135662555
52441681
0.3
137584550
52441681
0.3
135410264
52441681
0.3
133937408
52441681
0.3
136937857
52441681
0.3
205792850
52447897
0.3
136387309
52441681
0.3
134670158
52441681
0.3
136745336
52441681
0.3
136142012
52441681
0.3
132719094
52441721
0.3
135871768
52441681
0.3
136016635
52441681
0.3
137603344
52441681
0.3
136191472
52441681
0.3
134347431
52441681
0.3
137036724
52441681
0.3
135908309
52441681
0.3
133229972
52441681
0.3
136598408
52441681
0.3
133748948
52441705
0.3
136438955
52441681
0.3
137214522
52441681
0.3
134211975
52441681
0.3
136995647
52441681
0.3
137192039
52441681
0.3
137334777
52441681
0.3
134633576
52441681
0.3
137334053
52441681
0.3
136827238
52441681
0.3
132631312
52441825
0.3
136462657
52441681
0.3
135457985
52441681
0.3
136538226
52441681
0.3
134327571
52441681
0.3
136460652
52441681
0.3
136153853
52441681
0.3
135702078
52441681
0.3
135306309
52441681
0.3
135679279
52441681
0.3
134929969
52441681
0.3
136364146
52441681
0.3
137271294
52441681
0.3
135373813
52441681
0.3
136594856
52441681
0.3
136723379
52441681
0.3
136538896
52441681
0.3
137127305
52441681
0.3
136984315
52441681
0.3
135300751
52441681
0.3
134390453
52441681
0.3
131663517
52441697
0.3
135058537
52441681
0.3
137254507
52441681
0.3
136524243
52441681
0.3
133818769
52441681
0.3
134386450
52441689
0.3
136359947
52441681
0.3
135704482
52441681
0.3
135576503
52441681
0.3
135990552
52441681
0.3
136649239
52441681
0.3
137398187
52441681
0.3
136501756
52441681
0.3
135877264
52441681
0.3
135269623
52441681
0.3
130914253
52441721
0.3
136696015
52441681
0.3
134719488
52441697
0.3
134213785
52441681
0.3
135212374
52441681
0.3
136252184
52441681
0.3
136683030
52441681
0.3
134874326
52441681
0.3
136417929
52441681
0.3
132757484
52441769
0.3
134217292
52441681
0.3
134506070
52441681
0.3
136711384
52441681
0.3
134021588
52441681
0.3
137588610
52441681
0.3
135041340
52441681
0.3
133197611
52441681
0.3
136651022
52441681
0.3
134857034
52441681
0.3
132482918
52441681
0.3
132753711
52441809
0.3
136195417
52441681
0.3
137559073
52441681
0.3
136042119
52441681
0.3
133771969
52441825
0.3
136120424
52441681
0.3
136641428
52441681
0.3
136177416
52441681
0.3
135475419
52441681
0.3
135505254
52441681
0.3
136271674
52441681
0.3
137035122
52441681
0.3
136073972
52441681
0.3
136472565
52441681
0.3
135725608
52441681
0.3
136935163
52441681
0.3
133884954
52441705
0.3
135981240
52441681
0.3
134293671
52441681
0.3
136657018
52441681
0.3
136769055
52441681
0.3
135587658
52441681
0.3
136158064
52441681
0.3
136082224
52441681
0.3
137073573
52441681
0.3
133377865
52441689
0.3
135466341
52441681
0.3
136846081
52441681
0.3
135839049
52441681
0.3
133765805
52441681
0.3
136160915
52441681
0.3
134789275
52441681
0.3
136509269
52441681
0.3
136112466
52441681
0.3
136373752
52441681
0.3
136476393
52441681
0.3
132947415
52441753
0.3
136514290
52441681
0.3
136451234
52441681
0.3
136708340
52441681
0.3
133584116
52441681
0.3
136936195
52441681
0.3
135915916
52441681
0.3
134431090
52441681
0.3
136088438
52441681
0.3
133801256
52442009
0.3
137232003
52441681
0.3
137197989
52441681
0.3
136001965
52441681
0.3
136865730
52441681
0.3
138300744
52441681
0.3
136052239
52441681
0.3
134565136
52441681
0.3
134104988
52441713
0.3
136245948
52441681
0.3
133928876
52441689
0.3
134727772
52441681
0.3
132147630
52441721
0.3
136462865
52441681
0.3
135255159
52441681
0.3
133199066
52441777
0.3
135580771
52441681
0.3
137131361
52441681
0.3
135629982
52441681
0.3
135112217
52441681
0.3
135942422
52441681
0.3
136124073
52441681
0.3
135404042
52441681
0.3
137334114
52441681
0.3
136196935
52441681
0.3
137249194
52441681
0.3
136779625
52441681
0.3
136222017
52441681
0.3
136786550
52441681
0.3
135667951
52441681
0.3
137061564
52441681
0.3
135792060
52441681
0.3
136643181
52441681
0.3
134107947
52441689
0.3
91285301
52448857
0.3
136337562
52441681
0.3
133520060
52441817
0.3
134368353
52441681
0.3
136501987
52441681
0.3
133211847
52441681
0.3
135226042
52441681
0.3
136614033
52441681
0.3
135658408
52441681
0.3
135644263
52441681
0.3
136651097
52441681
0.3
134960836
52441681
0.3
134590196
52441681
0.3
134812666
52441833
0.3
136683071
52441681
0.3
136541308
52441681
0.3
134393376
52441705
0.3
137375164
52441681
0.3
136620031
52441681
0.3
136692026
52441681
0.3
134158940
52441681
0.3
135810687
52441681
0.3
136886561
52441681
0.3
135889831
52441681
0.3
132751520
52441761
0.3
137042843
52441681
0.3
136300046
52441681
0.3
135539202
52441681
0.3
136030987
52441681
0.3
133152341
52441681
0.3
137644012
52441681
0.3
134159644
52441681
0.3
135341246
52441681
0.3
137134091
52441681
0.3
137399758
52441681
0.3
135549920
52441681
0.3
136821352
52441681
0.3
136881380
52441681
0.3
134676581
52441681
0.3
136643865
52441681
0.3
136430065
52441681
0.3
135497906
52441681
0.3
134408303
52441681
0.3
136295439
52441681
0.4
134602797
52441681
0.3
135983501
52441681
0.3
136943461
52441681
0.3
135959435
52441681
0.3
136396540
52441681
0.3
135568556
52441681
0.3
134550000
52441681
0.3
135958126
52441681
0.3
134672240
52441681
0.3
134597519
52441681
0.3
134982289
52441681
0.3
135146878
52441681
0.3
133730088
52441681
0.3
136877544
52441681
0.3
137025494
52441681
0.3
134460398
52441681
0.3
136424671
52441681
0.3
137086315
52441681
0.3
133469426
52441681
0.3
134181006
52441681
0.3
135080473
52441681
0.3
133808120
52441681
0.3
137334631
52441681
0.3
135379657
52441681
0.3
135475545
52441681
0.3
134931994
52441681
0.3
135945596
52441681
0.3
135406742
52441681
0.3
136423332
52441681
0.3
135384971
52441681
0.3
136765587
52441681
0.3
136157139
52441681
0.3
134876030
52441681
0.3
132593559
52441721
0.3
133610625
52441785
0.3
136169424
52441681
0.3
136710890
52441681
0.3
136177218
52441681
0.3
135986449
52441681
0.3
135943491
52441681
0.3
134740046
52441785
0.3
136557781
52441681
0.3
133623065
52441681
0.3
133317257
52441761
0.3
136546997
52441681
0.3
132588012
52441753
0.3
135528415
52441681
0.3
136616368
52441681
0.3
135959819
52441681
0.3
135752827
52441681
0.3
136759818
52441681
0.3
135494483
52441681
0.3
135639363
52441681
0.3
136388872
52441681
0.3
135437760
52441681
0.3
134953799
52441681
0.3
135856310
52441681
0.3
135761375
52441681
0.3
136432292
52441681
0.3
136494737
52441681
0.3
137667619
52441681
0.3
135523171
52441681
0.3
133680489
52441697
0.3
137246719
52441681
0.3
137866600
52441681
0.3
135756897
52441681
0.3
135367713
52441681
0.3
133598033
52441681
0.3
137806139
52441681
0.3
134494805
52441681
0.3
131875125
52441897
0.3
136821778
52441681
0.3
136308714
52441681
0.3
134695642
52441681
0.3
137189466
52441681
0.3
136733969
52441681
0.3
137097428
52441681
0.3
138041688
52441681
0.3
135412451
52441681
0.3
135341556
52441681
0.3
135178629
52441681
0.3
135156575
52441681
0.3
135003818
52441681
0.3
135450840
52441681
0.3
135781451
52441681
0.3
136239425
52441681
0.3
136200076
52441681
0.3
136123471
52441681
0.3
134931331
52441681
0.3
136897872
52441681
0.3
129281643
52442049
0.3
136447893
52441681
0.3
136851809
52441681
0.3
135060341
52441825
0.3
135722568
52441681
0.3
136562338
52441681
