im-aes128-gcm-128
1000
08/28/18
0.4
145718620
52441681
0.4
142452960
52441681
0.4
145078738
52441681
0.4
138453086
52441681
0.4
140423275
52441681
0.4
142414791
52441681
0.4
144635628
52441681
0.4
143982354
52441681
0.4
143910351
52441681
0.4
145418491
52441681
0.4
143419392
52441681
0.4
143047031
52441681
0.4
143923618
52441681
0.4
142788766
52441681
0.4
144851943
52441681
0.4
143506162
52441681
0.4
143681257
52441681
0.4
139918113
52441681
0.4
145563057
52441681
0.4
141678888
52441681
0.4
144375504
52441681
0.4
144484062
52441681
0.4
145661841
52441681
0.4
144657622
52441681
0.4
144432320
52441681
0.4
142324099
52441681
0.4
142968869
52441681
0.4
142850459
52441681
0.4
142241343
52441681
0.4
143809867
52441681
0.4
142368651
52441681
0.4
146213174
52441681
0.4
142894846
52441681
0.4
145245075
52441681
0.4
144962866
52441681
0.4
142967152
52441681
0.4
145478769
52441681
0.4
143668935
52441681
0.4
143626553
52441681
0.4
144299920
52441681
0.4
142862059
52441681
0.4
143592349
52441681
0.4
143875538
52441681
0.4
143816692
52441681
0.4
144685854
52441681
0.4
144401359
52441681
0.4
145956697
52441681
0.4
144507471
52441681
0.4
145954284
52441681
0.4
143340828
52441681
0.4
143718419
52441681
0.4
144783553
52441681
0.4
143948888
52441721
0.4
144781898
52441681
0.4
144853628
52441681
0.4
144525600
52441681
0.4
143422805
52441681
0.4
143219584
52441681
0.4
143500944
52441681
0.4
142352191
52441681
0.4
144562401
52441681
0.4
143413609
52441681
0.4
144238016
52441681
0.4
145236608
52441681
0.4
144545826
52441681
0.4
143474126
52441681
0.4
143177390
52441681
0.4
143368280
52441681
0.4
144083248
52441681
0.4
143553846
52441681
0.4
144863319
52441681
0.4
144330676
52441681
0.4
143941998
52441681
0.4
144913847
52441681
0.4
143368932
52441681
0.4
143207495
52441681
0.4
142523126
52441681
0.4
143351821
52441681
0.4
142800063
52441681
0.4
142748805
52441681
0.4
144158718
52441681
0.4
144880991
52441681
0.4
143374455
52441681
0.4
140894132
52441681
0.4
143741194
52441681
0.4
142254510
52441681
0.4
140998526
52441681
0.4
144141652
52441681
0.4
143041926
52441681
0.4
144076493
52441681
0.4
142913977
52441721
0.4
142219445
52441681
0.4
144346907
52441681
0.4
145037982
52441681
0.4
145203894
52441681
0.4
144881648
52441681
0.4
143111149
52441681
0.4
144882608
52441681
0.4
142508078
52441681
0.4
144057392
52441681
0.4
142044271
52441681
0.4
143755845
52441681
0.4
144000730
52441681
0.4
143628099
52441681
0.4
139487093
52441681
0.4
144186905
52441681
0.4
144666632
52441681
0.4
142359211
52441681
0.4
142565085
52441681
0.4
143254302
52441681
0.4
142487157
52441681
0.4
144502190
52441681
0.4
142594266
52441681
0.4
142892472
52441681
0.4
143555237
52441681
0.4
144773646
52441681
0.4
142402451
52441681
0.4
143791974
52441681
0.4
145613505
52441681
0.4
145208277
52441681
0.4
139729661
52441681
0.4
142824138
52441681
0.4
145963387
52441681
0.4
143791991
52441681
0.4
142879449
52441681
0.4
143438625
52441681
0.4
144555520
52441681
0.4
143377709
52441681
0.4
139650483
52441681
0.4
145569930
52441681
0.4
144195569
52441681
0.4
142899996
52441681
0.4
145012817
52441681
0.4
144435904
52441681
0.4
145190490
52441681
0.4
143585907
52441681
0.4
143185287
52441681
0.4
144822095
52441681
0.4
143792597
52441681
0.4
144138353
52441681
0.4
145000960
52441745
0.4
141010100
52441681
0.4
143720346
52441681
0.4
143975225
52441681
0.4
142683188
52441681
0.4
145021735
52441681
0.4
141076071
52441681
0.4
145053020
52441681
0.4
142829366
52441681
0.4
142407844
52441681
0.4
141316937
52441681
0.4
143781399
52441681
0.4
143779323
52441681
0.4
144542254
52441681
0.4
143697495
52441681
0.4
142831360
52441681
0.4
143821436
52441681
0.4
143315249
52441681
0.4
144071701
52441681
0.4
143719226
52441681
0.4
145637288
52441681
0.4
140968575
52441681
0.4
143449552
52441681
0.4
142055297
52441681
0.4
141775928
52441681
0.4
144120804
52441681
0.4
143346308
52441681
0.4
140060256
52441681
0.4
145246192
52441681
0.4
143267918
52441681
0.4
142376592
52441681
0.4
142749139
52441681
0.4
141919317
52441681
0.4
143438136
52441681
0.4
143864673
52441681
0.4
144193437
52441681
0.4
143114185
52441681
0.4
144400787
52441681
0.4
141846908
52441681
0.4
145154711
52441681
0.4
144188158
52441681
0.4
143682813
52441681
0.4
144407936
52441681
0.4
142946407
52441681
0.4
141993758
52441681
0.4
143755450
52441681
0.4
145070517
52441681
0.4
144125573
52441681
0.4
142714046
52441681
0.4
140890746
52441681
0.4
142727138
52441681
0.4
144013255
52441681
0.4
143654570
52441681
0.4
143705367
52441681
0.4
144161363
52441681
0.4
144492150
52441681
0.4
145225467
52441681
0.4
143705903
52441681
0.4
142201452
52441681
0.4
144731593
52441681
0.4
141951828
52441681
0.4
145615530
52441681
0.4
144259605
52441681
0.4
143986611
52441681
0.4
143597616
52441681
0.4
142607726
52441681
0.4
145785706
52441681
0.4
142843265
52441681
0.4
142261201
52441681
0.4
144894601
52441681
0.4
141536029
52441681
0.4
144129344
52441681
0.4
142287041
52441681
0.4
141672298
52441681
0.4
145136301
52441681
0.4
145040832
52441681
0.4
143678080
52441681
0.4
143109364
52441681
0.4
140833085
52441681
0.4
141522258
52441681
0.4
142480411
52441681
0.4
143479370
52441681
0.4
140457224
52441681
0.4
144458273
52441681
0.4
141452749
52441753
0.4
143173194
52441681
0.4
141429058
52441681
0.4
140846800
52441681
0.4
145053270
52441681
0.4
145938198
52441681
0.4
143545939
52441681
0.4
143289687
52441681
0.4
143043427
52441681
0.4
140892472
52441681
0.4
144338075
52441681
0.4
144116995
52441681
0.4
139778738
52441681
0.4
140170141
52441681
0.4
142207083
52441681
0.4
143785199
52441681
0.4
143519312
52441681
0.4
141740185
52441681
0.4
143342109
52441681
0.4
143578079
52441681
0.4
145049880
52441681
0.4
144229853
52441681
0.4
144471750
52441681
0.4
140841156
52441681
0.4
142450585
52441681
0.4
141113858
52441833
0.4
145002029
52441681
0.4
143808688
52441681
0.4
144190907
52441681
0.4
143673155
52441681
0.4
144415204
52441681
0.4
143914524
52441681
0.4
139843731
52441681
0.4
141486027
52441681
0.4
143880615
52441681
0.4
144916328
52441681
0.4
143367662
52441681
0.4
144811333
52441681
0.4
143950452
52441681
0.4
143267177
52441681
0.4
142691695
52441681
0.4
143822082
52441681
0.4
143897997
52441681
0.4
145800340
52441681
0.4
142768945
52441681
0.4
143096030
52441681
0.4
143686862
52441681
0.4
143604742
52441681
0.4
142867815
52441681
0.4
141901179
52441681
0.4
143660375
52441681
0.4
143816612
52441681
0.4
141605503
52441681
0.4
144339279
52441681
0.4
142194009
52441681
0.4
144539154
52441681
0.4
142797610
52441681
0.4
142361411
52441681
0.4
139697223
52441681
0.4
143132689
52441681
0.4
143820720
52441681
0.4
144056167
52441681
0.4
143830169
52441681
0.4
142404103
52441681
0.4
145280934
52441681
0.4
144228742
52441681
0.4
143964586
52441681
0.4
144210603
52441681
0.4
142913791
52441681
0.4
143740358
52441681
0.4
141737014
52441681
0.4
143643052
52441681
0.4
143883430
52441681
0.4
144668300
52441681
0.4
144716421
52441681
0.4
142806387
52441681
0.4
144708840
52441681
0.4
144965762
52441681
0.4
143910536
52441681
0.4
144798829
52441681
0.4
145282444
52441681
0.4
142329594
52441681
0.4
144532647
52441681
0.4
142222835
52441681
0.4
143329015
52441681
0.4
143566501
52441681
0.4
143388023
52441681
0.4
144203996
52441681
0.4
144771676
52441681
0.4
143516634
52441681
0.4
145486235
52441681
0.4
141511005
52441681
0.4
142246225
52441681
0.4
142003454
52441681
0.4
143707533
52441681
0.4
141688019
52441681
0.4
143858973
52441681
0.4
141699384
52441705
0.4
144124622
52441681
0.4
141760375
52441681
0.4
143453626
52441681
0.4
144682353
52441681
0.4
145206704
52441681
0.4
144711124
52441681
0.4
142927065
52441681
0.4
144608502
52441681
0.4
143537008
52441681
0.4
144525086
52441681
0.4
142386912
52441681
0.4
146841160
52441681
0.4
141407054
52441681
0.4
146471611
52441681
0.4
143241117
52441681
0.4
143760742
52441681
0.4
142145832
52441681
0.4
145257396
52441681
0.4
143631614
52441681
0.4
143558207
52441681
0.4
142706171
52441681
0.4
144313221
52441681
0.4
144271214
52441681
0.4
143296425
52441681
0.4
144335222
52441681
0.4
145518444
52441681
0.4
142939502
52441681
0.4
142963910
52441681
0.4
142553333
52441769
0.4
143750080
52441681
0.4
144990920
52441681
0.4
142607277
52441681
0.4
143480349
52441681
0.4
143018150
52441681
0.4
144419489
52441681
0.4
140227758
52441681
0.4
143568173
52441681
0.4
144200233
52441681
0.4
145231295
52441681
0.4
145185956
52441681
0.4
141414334
52441681
0.4
141897232
52441681
0.4
144056159
52441681
0.4
144980921
52441681
0.4
144361937
52441681
0.4
143844757
52441681
0.4
143882256
52441681
0.4
142009081
52441681
0.4
144844829
52441681
0.4
143002552
52441681
0.4
142893601
52441681
0.4
145485480
52441681
0.4
145130165
52441681
0.4
142058551
52441681
0.4
143479195
52441681
0.4
143570756
52441681
0.4
141888412
52441681
0.4
143949125
52441681
0.4
143441474
52441681
0.4
141353419
52441681
0.4
143210804
52441681
0.4
144236477
52441681
0.4
143264913
52441681
0.4
140142832
52441681
0.4
142571556
52441681
0.4
143693367
52441681
0.4
144524946
52441681
0.4
144627330
52441681
0.4
143418055
52441681
0.4
143884563
52441681
0.4
144122602
52441681
0.4
141998306
52441681
0.4
144104316
52441681
0.4
144095704
52441681
0.4
143181295
52441681
0.4
144536008
52441681
0.4
144047564
52441681
0.4
144003502
52441681
0.4
143584062
52441681
0.4
144531847
52441681
0.4
141889324
52441681
0.4
144227361
52441681
0.4
144802627
52441681
0.4
144178136
52441681
0.4
142613151
52441681
0.4
143350316
52441681
0.4
141086855
52441681
0.4
140834047
52441681
0.4
145711984
52441681
0.4
144976343
52441681
0.4
145287047
52441681
0.4
144782890
52441681
0.4
144870590
52441681
0.4
144470415
52441681
0.4
143092696
52441681
0.4
144097893
52441681
0.4
143554465
52441681
0.4
142406185
52441705
0.4
143832994
52441681
0.4
145602912
52441681
0.4
144701355
52441681
0.4
144128908
52441681
0.4
144596423
52441681
0.4
144781524
52441681
0.4
142569710
52441681
0.4
145527361
52441681
0.4
144188858
52441681
0.4
138213621
52441681
0.4
142538435
52441681
0.4
145059837
52441681
0.4
142529257
52441681
0.4
145084120
52441681
0.4
143825979
52441681
0.4
142528313
52441681
0.4
144330854
52441681
0.4
141589544
52441681
0.4
142834188
52441681
0.4
143626631
52441681
0.4
141419400
52441681
0.4
145138948
52441681
0.4
143089488
52441681
0.4
144320894
52441681
0.4
144347977
52441681
0.4
146304880
52441681
0.4
145071382
52441681
0.4
143684356
52441681
0.4
143094049
52441681
0.4
143989834
52441681
0.4
143535303
52441681
0.4
144791066
52441681
0.4
143288643
52441681
0.4
143618954
52441681
0.4
142379600
52441681
0.4
143462735
52441681
0.4
140002381
52441681
0.4
144794850
52441681
0.4
142817501
52441681
0.4
146448057
52441681
0.4
143665698
52441681
0.4
143207783
52441681
0.4
144049991
52441681
0.4
144351660
52441681
0.4
140465990
52441681
0.4
143898772
52441681
0.4
145467566
52441681
0.4
143090949
52441681
0.4
145734780
52441681
0.4
142345624
52441681
0.4
145320652
52441681
0.4
145365296
52441681
0.4
143550816
52441681
0.4
144119530
52441681
0.4
143953244
52441681
0.4
142926746
52441681
0.4
140920528
52441681
0.4
144893903
52441681
0.4
142139816
52441681
0.4
144793540
52441681
0.4
71794926
52452537
0.4
143400690
52441681
0.4
142911456
52441681
0.4
141942653
52441681
0.4
143317029
52441777
0.4
143603706
52441681
0.4
145053430
52441681
0.4
145037008
52441681
0.4
140779873
52441681
0.4
144362377
52441681
0.4
144084208
52441681
0.4
144292430
52441681
0.4
144736819
52441681
0.4
139242564
52441681
0.4
144240322
52441681
0.4
142519296
52441681
0.4
145061497
52441681
0.4
144868778
52441681
0.4
143628674
52441681
0.4
144815590
52441681
0.4
144427152
52441681
0.4
141502132
52441681
0.4
143955672
52441681
0.4
142236544
52441681
0.4
142576856
52441681
0.4
145224866
52441681
0.4
143030829
52441745
0.4
142664968
52441681
0.4
141343881
52441681
0.4
144325177
52441681
0.4
143736698
52441681
0.4
144226721
52441681
0.4
145496765
52441681
0.4
140858108
52441681
0.4
142037899
52441681
0.4
143912514
52441681
0.4
142882788
52441681
0.4
145349237
52441681
0.4
143208805
52441681
0.4
142779929
52441681
0.4
145153871
52441681
0.4
145019175
52441681
0.4
144753947
52441681
0.4
143995287
52441681
0.4
144679038
52441681
0.4
144992783
52441681
0.4
145685704
52441681
0.4
142872611
52441681
0.4
144757132
52441681
0.4
144609056
52441681
0.4
144821097
52441681
0.4
145935063
52441681
0.4
143867122
52441681
0.4
143819897
52441681
0.4
142117019
52441681
0.4
144499520
52441681
0.4
144136095
52441681
0.4
143361100
52441681
0.4
144299427
52441681
0.4
143121726
52441681
0.4
146155478
52441681
0.4
143723125
52441681
0.4
145927966
52441681
0.4
142439876
52441681
0.4
145283773
52441681
0.4
143263525
52441681
0.4
145019001
52441681
0.4
144385347
52441681
0.4
141425058
52441681
0.4
143994690
52441681
0.4
144440965
52441681
0.4
144937626
52441681
0.4
144079673
52441681
0.4
143242953
52441681
0.4
142175368
52441681
0.4
145019689
52441681
0.4
143759418
52441681
0.4
143882788
52441681
0.4
144844889
52441681
0.4
143903063
52441681
0.4
144921918
52441681
0.4
142327372
52441681
0.4
144629832
52441681
0.4
142920426
52441681
0.4
145647621
52441681
0.4
142925781
52441681
0.4
142986987
52441681
0.4
142973847
52441681
0.4
139920901
52441681
0.4
144049084
52441681
0.4
142838391
52441681
0.4
144145147
52441681
0.4
145366246
52441681
0.4
144444056
52441681
0.4
144842050
52441681
0.4
138887529
52441681
0.4
142505124
52441681
0.4
145363379
52441681
0.4
142480446
52441681
0.4
144158221
52441681
0.4
144602556
52441681
0.4
142877295
52441681
0.4
142581968
52441681
0.4
142299543
52441681
0.4
144790086
52441681
0.4
142309756
52441681
0.4
141718856
52441681
0.4
145845240
52441681
0.4
144203353
52441681
0.4
144577858
52441681
0.4
144371657
52441681
0.4
140703807
52441681
0.4
145656615
52441681
0.4
145012649
52441681
0.4
144237797
52441681
0.4
144948920
52441681
0.4
143817320
52441681
0.4
142429500
52441681
0.4
144408344
52441681
0.4
140237528
52441681
0.4
145899476
52441681
0.4
142788865
52441681
0.4
145607125
52441681
0.4
143130017
52441681
0.4
140598863
52441681
0.4
142975910
52441681
0.4
145477521
52441681
0.4
145467381
52441681
0.4
144058867
52441681
0.4
145057193
52441681
0.4
144785536
52441681
0.4
144789730
52441681
0.4
143594539
52441681
0.4
141193036
52441681
0.4
144378607
52441681
0.4
143272505
52441681
0.4
143994588
52441681
0.4
141468151
52441681
0.4
144416042
52441681
0.4
143818457
52441681
0.4
143876931
52441681
0.4
143461966
52441681
0.4
144318020
52441681
0.4
143602124
52441681
0.4
142035320
52441681
0.4
143889335
52441681
0.4
144938300
52441681
0.4
144153699
52441681
0.4
141538908
52441681
0.4
143778087
52441681
0.4
145474145
52441681
0.4
143530841
52441681
0.4
143321827
52441681
0.4
140393628
52441681
0.4
144912435
52441681
0.4
144376241
52441681
0.4
142268346
52441681
0.4
144840448
52441681
0.4
142968662
52441681
0.4
145231743
52441681
0.4
143421611
52441681
0.4
142044565
52441681
0.4
143934063
52441681
0.4
143645848
52441681
0.4
146333150
52441681
0.4
142278169
52441681
0.4
141865025
52441681
0.4
143383508
52441681
0.4
141320433
52441681
0.4
144108834
52441681
0.4
143991663
52441681
0.4
143434701
52441681
0.4
144127736
52441681
0.4
144114481
52441681
0.4
144732579
52441681
0.4
144275947
52441681
0.4
145535972
52441681
0.4
146631912
52441681
0.4
142488575
52441681
0.4
144205937
52441681
0.4
142439305
52441681
0.4
140874709
52441681
0.4
145301254
52441681
0.4
144226837
52441681
0.4
143629121
52441681
0.4
145744839
52441681
0.4
142485010
52441681
0.4
145531096
52441681
0.4
142370971
52441681
0.4
144307516
52441681
0.4
144307561
52441681
0.4
143335710
52441681
0.4
143717385
52441681
0.4
143064778
52441681
0.4
143981685
52441681
0.4
142291838
52441681
0.4
144234757
52441681
0.4
144156338
52441681
0.4
145071299
52441681
0.4
144114442
52441681
0.4
143310711
52441681
0.4
143720298
52441681
0.4
141829069
52441681
0.4
143631496
52441681
0.4
146089158
52441681
0.4
144704031
52441681
0.4
145772612
52441681
0.4
143801761
52441681
0.4
142937899
52441681
0.4
144186942
52441681
0.4
144062854
52441681
0.4
144603382
52441681
0.4
145598336
52441681
0.4
143660239
52441681
0.4
144327745
52441681
0.4
142733619
52441681
0.4
144166580
52441681
0.4
142674549
52441681
0.4
144081453
52441681
0.4
143840213
52441681
0.4
144393733
52441681
0.4
142738113
52441681
0.4
141627021
52441681
0.4
140730879
52441681
0.4
142671775
52441681
0.4
142924028
52441681
0.4
143026196
52441681
0.4
140714851
52441681
0.4
141266356
52441681
0.4
144479688
52441681
0.4
145201179
52441681
0.4
143462791
52441681
0.4
142233535
52441681
0.4
145214331
52441681
0.4
144409306
52441681
0.4
145215059
52441681
0.4
142195115
52441681
0.4
142626683
52441681
0.4
142341894
52441681
0.4
144857007
52441681
0.4
143817175
52441681
0.4
144224276
52441681
0.4
142525459
52441681
0.4
143238202
52441681
0.4
145540847
52441681
0.4
144512506
52441681
0.4
142825246
52441681
0.4
143489626
52441681
0.4
144370262
52441681
0.4
145610229
52441681
0.4
142840693
52441681
0.4
141624305
52441761
0.4
143319241
52441681
0.4
143586122
52441681
0.4
145566830
52441681
0.4
142528719
52441681
0.4
142766961
52441681
0.4
139468232
52441681
0.4
144346686
52441681
0.4
146724167
52441681
0.4
146042304
52441681
0.4
145480714
52441681
0.4
145150248
52441681
0.4
142820638
52441681
0.4
143980255
52441681
0.4
143083066
52441681
0.4
145841066
52441681
0.4
145243684
52441681
0.4
143096082
52441681
0.4
143104938
52441945
0.4
142359586
52441681
0.4
145423957
52441681
0.4
145497446
52441681
0.4
143623659
52441681
0.4
144031409
52441681
0.4
139802606
52441681
0.4
143247734
52441681
0.4
143190804
52441681
0.4
146438960
52441681
0.4
142836028
52441681
0.4
145608925
52441681
0.4
143596297
52441681
0.4
144099304
52441681
0.4
144625188
52441681
0.4
143042094
52441681
0.4
144523435
52441681
0.4
144794974
52441681
0.4
143957976
52441681
0.4
143021819
52441681
0.4
141091363
52441753
0.4
144865990
52441681
0.4
145352662
52441681
0.4
143098417
52441681
0.4
143516410
52441681
0.4
144599183
52441681
0.4
145398045
52441681
0.4
144712964
52441681
0.4
142572827
52441681
0.4
143801440
52441681
0.4
142631463
52441681
0.4
144126745
52441681
0.4
143214661
52441681
0.4
144547329
52441681
0.4
145407774
52441681
0.4
145213000
52441681
0.4
145377779
52441681
0.4
144333757
52441681
0.4
144967829
52441681
0.4
142670733
52441681
0.4
144313201
52441681
0.4
145447039
52441681
0.4
144986852
52441681
0.4
143725578
52441681
0.4
144525559
52441681
0.4
143365414
52441681
0.4
144630093
52441681
0.4
143269968
52441681
0.4
143625491
52441681
0.4
146577278
52441681
0.4
144744379
52441681
0.4
145147868
52441681
0.4
141933616
52441681
0.4
144308881
52441681
0.4
144770450
52441681
0.4
142664730
52441681
0.4
142696991
52441681
0.4
142216485
52441681
0.4
139086936
52441681
0.4
143729937
52441681
0.4
145069252
52441681
0.4
141316662
52441681
0.4
143788902
52441681
0.4
143604553
52441681
0.4
142023899
52441681
0.4
144366815
52441681
0.4
142242995
52441681
0.4
141030137
52441681
0.4
143233655
52441681
0.4
145030981
52441681
0.4
143315821
52441681
0.4
142102655
52441681
0.4
144494515
52441681
0.4
144217236
52441681
0.4
143133086
52441681
0.4
143121951
52441681
0.4
142627123
52441681
0.4
143432180
52441681
0.4
141220399
52441681
0.4
143442258
52441681
0.4
139441286
52441681
0.4
143668860
52441681
0.4
144859932
52441681
0.4
144753602
52441681
0.4
144777637
52441681
0.4
142100018
52441681
0.4
144909535
52441681
0.4
144122628
52441681
0.4
145422166
52441681
0.4
145046206
52441681
0.4
144791212
52441681
0.4
144943376
52441681
0.4
143334286
52441681
0.4
140199414
52441681
0.4
145910448
52441681
0.4
141764132
52441681
0.4
143665509
52441681
0.4
144520324
52441681
0.4
143010824
52441681
0.4
145067771
52441681
0.4
144931803
52441681
0.4
141011991
52441681
0.4
146539795
52441681
0.4
143049418
52441681
0.4
145362177
52441681
0.4
143585801
52441681
0.4
144208578
52441681
0.4
145775950
52441681
0.4
138555735
52441681
0.4
143435223
52441681
0.4
144976931
52441681
0.4
143431148
52441681
0.4
142226689
52441681
0.4
143864045
52441681
0.4
142019852
52441681
0.4
142794811
52441681
0.4
145394630
52441681
0.4
145148181
52441681
0.4
145221742
52441681
0.4
145400018
52441681
0.4
141751224
52441681
0.4
145026336
52441681
0.4
145271853
52441681
0.4
143934231
52441681
0.4
145292487
52441681
0.4
143393738
52441681
0.4
143960200
52441681
0.4
142334986
52441681
0.4
144918053
52441681
0.4
142266809
52441681
0.4
144527188
52441681
0.4
143881652
52441681
0.4
141242751
52441681
0.4
144648662
52441681
0.4
143420996
52441681
0.4
143300816
52441681
0.4
144863607
52441681
0.4
142231198
52441681
0.4
145075519
52441681
0.4
141599621
52441681
0.4
141247532
52441681
0.4
144783100
52441681
0.4
143365754
52441681
0.4
145202921
52441681
0.4
145399942
52441681
0.4
144507824
52441681
0.4
144852279
52441681
0.4
142953736
52441681
0.4
140769350
52441705
0.4
142734137
52441681
0.4
144791353
52441681
0.4
142750353
52441681
0.4
143602111
52441681
0.4
143061040
52441681
0.4
143686310
52441681
0.4
145394883
52441681
0.4
144968159
52441681
0.4
141958832
52441681
0.4
144012118
52441681
0.4
143361382
52441681
0.4
143727674
52441681
0.4
143788102
52441681
0.4
141977630
52441681
0.4
144903895
52441681
0.4
141809211
52441681
0.4
145239296
52441681
0.4
144569125
52441681
0.4
142536229
52441681
0.4
143194983
52441681
0.4
145596811
52441681
0.4
145249927
52441681
0.4
141075618
52441681
0.4
143630943
52441681
0.4
142914091
52441681
0.4
143802439
52441681
0.4
144501412
52441681
0.4
143722854
52441681
0.4
144281244
52441681
0.4
142625024
52441681
0.4
145604925
52441681
0.4
142190205
52441681
0.4
150495923
52442497
0.4
142670657
52441681
0.4
145200299
52441681
0.4
142972422
52441681
0.4
141847914
52441681
0.4
140097227
52441681
0.4
145319806
52441681
0.4
145881051
52441681
0.4
143806986
52441681
0.4
144200620
52441681
0.4
143897349
52441681
0.4
143540819
52441681
0.4
142704111
52441681
0.4
141810760
52441681
0.4
142177674
52441681
0.4
142883637
52441681
0.4
143503070
52441681
0.4
145186077
52441681
0.4
144200892
52441681
0.4
145022998
52441681
0.4
140549386
52441681
0.4
144665364
52441681
0.4
145020445
52441681
0.4
141726673
52441681
0.4
142167177
52441681
0.4
144750809
52441681
0.4
145584200
52441681
0.4
144647363
52441681
0.4
144145249
52441681
0.4
142762622
52441873
0.4
143332312
52441681
0.4
143977201
52441681
0.4
144591903
52441681
0.4
143249106
52441681
0.4
141493007
52441681
0.4
142883823
52441681
0.4
143763322
52441681
0.4
141272437
52441681
0.4
144471510
52441681
0.4
142153693
52441689
0.4
143669299
52441681
0.4
143741007
52441681
0.4
142600553
52441681
0.4
143516064
52441681
0.4
144086958
52441681
0.4
142215105
52441681
0.4
142929774
52441681
0.4
144278357
52441681
0.4
142076285
52441681
0.4
144433184
52441681
0.4
142856421
52441681
0.4
138628865
52441681
0.4
144612845
52441681
0.4
143513984
52441681
0.4
146307998
52441681
0.4
146096525
52441681
0.4
142324326
52441681
0.4
144784537
52441681
0.4
144281666
52441681
0.4
143364195
52441681
0.4
143545164
52441681
0.4
144438855
52441681
0.4
142049530
52441681
0.4
144265817
52441681
0.4
144096668
52441681
0.4
145295593
52441681
0.4
142795741
52441681
0.4
142191823
52441681
0.4
141344179
52441681
0.4
108871156
52448817
