im-aes128-gcm-256
1000
08/28/18
0.3
135833727
52441681
0.3
134857999
52441681
0.3
136072365
52441681
0.3
135579324
52441681
0.3
135246659
52441681
0.3
136038366
52441681
0.3
136412897
52441681
0.3
135362329
52441681
0.3
135191709
52441681
0.3
135121955
52441681
0.3
134984771
52441681
0.3
136659002
52441681
0.3
136654442
52441681
0.3
134524112
52441681
0.3
135820361
52441681
0.3
134666655
52441681
0.3
133217096
52441681
0.3
135532274
52441681
0.3
135467266
52441681
0.3
133945882
52441681
0.3
134218941
52441681
0.3
131873263
52441689
0.3
134871277
52441681
0.3
136812292
52441681
0.3
133684008
52441681
0.3
136129791
52441681
0.3
135112724
52441753
0.3
136772963
52441681
0.3
136338797
52441681
0.3
135999569
52441681
0.3
135065208
52441681
0.3
134363649
52441681
0.3
134661031
52441681
0.3
135843909
52441681
0.3
132701019
52441681
0.3
134886083
52441681
0.3
132008373
52441793
0.3
134456990
52441681
0.3
135308869
52441681
0.3
135587751
52441681
0.3
135391692
52441681
0.3
133843189
52441681
0.3
135407652
52441681
0.3
102327517
52446473
0.3
135291270
52441681
0.3
134125822
52441681
0.3
135283243
52441681
0.3
135373061
52441681
0.3
135127398
52441681
0.3
132349057
52441681
0.3
137637308
52441681
0.3
134570367
52441681
0.3
135154872
52441681
0.3
135923107
52441681
0.3
134793700
52441681
0.3
133953837
52441681
0.3
136333184
52441681
0.3
136239287
52441681
0.3
137733805
52441681
0.3
134289329
52441729
0.3
125145231
52443201
0.3
134326561
52441681
0.3
134416114
52441681
0.3
133685555
52441969
0.3
135442371
52441681
0.3
135108012
52441681
0.3
136942433
52441681
0.3
134031239
52441873
0.3
135336682
52441681
0.3
136745312
52441681
0.3
135690533
52441681
0.3
134213106
52441681
0.3
134341512
52441681
0.3
134938464
52441681
0.3
135967230
52441681
0.3
134302796
52441681
0.3
136074146
52441681
0.3
136844666
52441681
0.3
136796195
52441681
0.3
134261755
52441681
0.3
135144793
52441681
0.3
134764610
52441681
0.3
136556666
52441681
0.3
131949203
52441721
0.3
134699044
52441681
0.3
134593657
52441681
0.3
131530803
52441825
0.3
133231206
52441681
0.3
132790996
52441681
0.3
135616032
52441681
0.3
136412220
52441681
0.3
131818434
52441705
0.3
107925083
52446145
0.3
137281521
52441681
0.3
135351245
52441681
0.3
136188559
52441681
0.3
135461442
52441681
0.3
136539545
52441681
0.3
136326876
52441681
0.3
134604670
52441681
0.4
135296421
52441681
0.3
134508050
52441681
0.3
136327971
52441681
0.3
135586640
52441681
0.3
133473651
52441681
0.3
134354464
52441769
0.3
134642755
52441681
0.3
136763932
52441681
0.3
135331429
52441681
0.3
135786119
52441681
0.3
135998913
52441681
0.3
135137929
52441681
0.3
136400438
52441681
0.3
135053859
52441681
0.3
132687890
52441681
0.3
135117918
52441681
0.3
132918142
52441681
0.3
135238480
52441681
0.3
135769358
52441681
0.3
135048306
52441681
0.3
108541192
52447025
0.3
135732709
52441681
0.3
136772950
52441681
0.3
136433056
52441681
0.3
136145797
52441681
0.3
135201358
52441681
0.3
134355615
52441681
0.3
136535014
52441681
0.3
135127923
52441681
0.3
135629459
52441681
0.3
136957742
52441681
0.3
136045579
52441681
0.3
135862795
52441681
0.3
135286447
52441681
0.3
135406392
52441681
0.3
134846474
52441681
0.3
134567487
52441681
0.3
135074739
52441681
0.3
135157541
52441681
0.3
135311712
52441681
0.3
135507626
52441681
0.3
136110288
52441865
0.3
137868961
52441681
0.3
130444997
52441681
0.3
136245302
52441681
0.3
135066936
52441697
0.3
136841844
52441681
0.3
134754858
52441681
0.3
136051750
52441681
0.3
134177372
52441681
0.3
136357386
52441681
0.3
135733208
52441681
0.3
135633431
52441681
0.3
136280798
52441681
0.3
136490924
52441681
0.3
135760365
52441681
0.3
136077529
52441681
0.3
135933782
52441681
0.3
134313768
52441681
0.3
135232780
52441681
0.3
134949334
52441681
0.3
135009891
52441681
0.3
135717697
52441681
0.3
134470437
52441681
0.3
138427937
52441681
0.3
135581255
52441681
0.3
135592259
52441681
0.3
132280201
52441681
0.3
136009010
52441681
0.3
136709164
52441681
0.3
134212106
52441681
0.3
135581796
52441681
0.3
134734437
52441681
0.3
135799271
52441681
0.3
135486749
52441681
0.3
135569578
52441681
0.3
136190050
52441681
0.3
136247115
52441681
0.3
135649668
52441681
0.3
134220884
52441681
0.3
133170913
52441681
0.3
135093918
52441681
0.3
136177835
52441681
0.3
134332244
52441681
0.3
132924322
52441681
0.3
136114385
52441681
0.3
134862867
52441681
0.3
136357116
52441681
0.3
135477807
52441681
0.3
136005364
52441681
0.3
135617012
52441681
0.3
135643570
52441681
0.3
134235897
52441681
0.3
136080277
52441681
0.3
138325595
52441681
0.3
135311285
52441681
0.3
135818743
52441681
0.3
133380029
52441681
0.3
136154296
52441681
0.3
136153523
52441681
0.3
135637760
52441681
0.3
135206168
52441681
0.3
136643096
52441681
0.3
134765435
52441681
0.3
135669684
52441681
0.3
135090864
52441681
0.3
134898271
52441681
0.3
133137242
52441681
0.3
135865952
52441681
0.3
136785116
52441681
0.3
136252096
52441681
0.3
134248173
52441681
0.3
136537710
52441681
0.3
135978926
52441681
0.3
131023387
52441681
0.3
133461900
52441681
0.3
133973655
52441681
0.3
136403575
52441681
0.3
134705353
52441681
0.3
135001091
52441681
0.3
136433624
52441681
0.3
134551882
52441681
0.3
135046887
52441681
0.3
134433886
52441681
0.3
136361338
52441681
0.3
135587731
52441681
0.3
132457642
52441681
0.3
134031173
52441681
0.3
134557092
52441681
0.3
134688756
52441681
0.3
136367795
52441681
0.3
131921739
52442329
0.4
133964105
52441681
0.3
131296619
52442065
0.3
133344669
52441681
0.3
131832041
52441681
0.3
133212809
52441681
0.3
134502514
52441681
0.3
134121961
52441681
0.3
135526325
52441681
0.3
135791491
52441681
0.3
133230696
52441681
0.3
133334083
52441681
0.3
135327334
52441681
0.3
135043923
52441681
0.4
135011401
52441681
0.3
137289448
52441681
0.3
136526966
52441681
0.3
134167698
52441681
0.3
135812285
52441681
0.3
135439754
52441681
0.3
133133227
52441681
0.3
133621908
52441681
0.3
136159373
52441681
0.3
133477456
52441681
0.3
135798989
52441681
0.3
132673514
52441681
0.3
134612033
52441681
0.3
135114666
52441681
0.3
135808108
52441681
0.3
122896798
52443297
0.3
131812861
52441681
0.3
133448954
52441681
0.3
134925342
52441681
0.3
134686430
52441681
0.3
131344350
52441721
0.3
134801191
52441681
0.3
136405667
52441681
0.3
135481650
52441681
0.3
133751471
52441681
0.3
136020729
52441681
0.3
133657668
52441913
0.3
134592675
52441681
0.3
135836110
52441681
0.3
135724830
52441681
0.3
134907107
52441681
0.3
134970017
52441681
0.3
135381131
52441825
0.3
136277821
52441681
0.3
135718350
52441681
0.3
136190127
52441681
0.3
132684961
52441689
0.3
135015479
52441681
0.3
135721935
52441681
0.3
134996651
52441681
0.3
136363331
52441681
0.4
133103157
52441681
0.3
134998941
52441681
0.3
137061399
52441681
0.3
136190249
52441681
0.3
135699749
52441681
0.3
135260471
52441681
0.3
135566562
52441681
0.3
134080516
52441681
0.3
136501555
52441681
0.3
135329896
52441681
0.3
136414597
52441681
0.3
132366464
52441681
0.4
134414762
52441681
0.3
134235109
52441681
0.3
134906984
52441681
0.3
133954920
52441681
0.3
134758587
52441681
0.3
134830062
52441681
0.3
135681510
52441681
0.3
135900425
52441681
0.3
135687051
52441681
0.3
133818013
52441681
0.3
133160463
52441681
0.3
137590298
52441681
0.3
135509815
52441681
0.3
135493855
52441681
0.3
135864504
52441681
0.3
132722407
52441785
0.3
134963213
52441681
0.3
136467813
52441681
0.3
135406979
52441681
0.3
133129642
52441681
0.3
136961458
52441681
0.3
135590268
52441681
0.3
136526550
52441681
0.3
132735529
52441713
0.3
135977249
52441681
0.3
134936590
52441681
0.3
136007804
52441681
0.3
138057466
52441681
0.3
136120986
52441681
0.3
134501298
52441681
0.4
135657496
52441681
0.3
132928927
52441681
0.3
134126623
52441713
0.3
132622316
52441681
0.3
134590115
52441681
0.3
135367635
52441681
0.3
134399863
52441681
0.3
131821864
52441681
0.3
135137764
52441681
0.3
133358419
52441681
0.3
136654734
52441681
0.3
134957486
52441681
0.3
136064886
52441681
0.3
135836252
52441681
0.3
134835423
52441681
0.3
134989208
52441681
0.3
136897097
52441745
0.3
133676053
52441737
0.3
134929156
52441681
0.3
133602101
52441681
0.3
134569900
52441721
0.3
136611726
52441681
0.3
137271722
52441681
0.3
132401584
52441681
0.4
135634176
52441681
0.3
137170212
52441681
0.3
134116531
52441777
0.3
133516614
52441681
0.3
134813139
52441681
0.3
136763206
52441681
0.3
135233559
52441681
0.3
135416690
52441681
0.3
138335691
52441681
0.3
135501316
52441681
0.3
137552549
52441681
0.3
133815818
52441681
0.3
135590983
52441681
0.3
136246647
52441681
0.3
133566822
52441681
0.3
137079391
52441681
0.3
135557414
52441681
0.3
136229922
52441681
0.3
135544840
52441681
0.3
134645339
52441681
0.3
136015462
52441681
0.3
136426533
52441681
0.3
133681373
52441681
0.3
136011422
52441681
0.3
135390101
52441681
0.3
132565114
52441681
0.3
131764562
52441681
0.3
135007659
52441681
0.3
132936414
52441705
0.3
133504310
52441681
0.3
136651283
52441681
0.3
131102243
52441681
0.3
133285777
52442033
0.3
133182663
52441681
0.3
134651166
52441761
0.4
134038025
52441793
0.3
134370081
52441681
0.3
134323429
52441681
0.3
135791586
52441681
0.3
133297930
52441681
0.3
134161049
52441681
0.3
134169021
52441697
0.3
137287741
52441681
0.3
136720543
52441681
0.3
132360045
52441681
0.3
135829533
52441681
0.3
134970292
52441681
0.3
135155255
52441681
0.3
135301659
52441681
0.3
134231292
52441681
0.3
133056682
52441961
0.3
136637426
52441681
0.3
136420478
52441681
0.3
134971616
52441689
0.4
136337444
52441681
0.3
134491682
52441681
0.3
134424142
52441681
0.3
137319029
52441681
0.3
133875927
52441681
0.3
132639288
52441681
0.3
134410588
52441681
0.3
136416660
52441681
0.3
136724111
52441681
0.3
136766956
52441681
0.3
135112071
52441681
0.3
134845663
52441681
0.3
135206486
52441681
0.3
134242008
52441681
0.3
134928507
52441681
0.3
136586113
52441681
0.3
136308706
52441681
0.3
133744163
52441681
0.3
133696607
52441753
0.3
133754039
52441681
0.3
135699275
52441681
0.3
132701564
52441681
0.3
135521995
52441681
0.3
135997990
52441681
0.3
135215507
52441689
0.3
137678922
52441681
0.3
134421252
52441681
0.3
134637631
52441681
0.3
136616878
52441681
0.3
136208585
52441681
0.3
132535330
52441681
0.4
133033471
52441681
0.3
131365541
52441681
0.3
134560072
52441681
0.3
136548012
52441681
0.3
135117126
52441681
0.3
136745771
52441681
0.3
134414170
52441681
0.3
134350986
52441681
0.3
134218030
52441681
0.3
133677193
52441681
0.3
135308785
52441681
0.3
136137013
52441681
0.3
133832018
52441681
0.3
136124171
52441681
0.3
133688665
52441681
0.3
135649547
52441681
0.3
135319626
52441681
0.3
134600941
52441681
0.3
136922616
52441681
0.3
134244350
52441681
0.3
134413432
52441681
0.3
134530825
52441681
0.3
135621473
52441681
0.3
134771760
52441681
0.3
133671563
52441681
0.3
137118277
52441681
0.3
135625367
52441681
0.3
136512307
52441681
0.3
135495262
52441681
0.3
133041224
52441753
0.3
133885292
52441681
0.3
135023532
52441681
0.4
135711187
52441681
0.3
135728650
52441681
0.3
136643606
52441681
0.3
134538684
52441681
0.3
134027778
52441681
0.3
136978313
52441681
0.3
133586086
52441681
0.3
136773495
52441681
0.3
136077501
52441681
0.3
134751611
52441681
0.3
135586532
52441681
0.3
135590440
52441681
0.3
135990116
52441681
0.3
134702722
52441681
0.3
133529152
52441681
0.3
134071224
52441681
0.3
136139606
52441681
0.3
135908668
52441681
0.3
135227482
52441681
0.3
134906104
52441681
0.3
136369218
52441681
0.3
134500133
52441681
0.3
135641642
52441681
0.3
135942517
52441681
0.3
136620016
52441681
0.3
137191738
52441681
0.3
135121654
52441681
0.3
135903414
52441681
0.3
136144303
52441681
0.3
135673732
52441681
0.4
135036316
52441681
0.3
135964231
52441681
0.3
132352372
52441681
0.3
133834076
52441681
0.3
134849795
52441681
0.3
135197335
52441681
0.3
134878837
52441681
0.3
133001364
52441697
0.3
133809782
52441681
0.3
135156594
52441681
0.3
135634204
52441681
0.3
132613489
52441681
0.3
135813842
52441681
0.3
132849932
52442113
0.3
135947297
52441681
0.3
135251452
52441681
0.3
135332566
52441681
0.3
135261441
52441681
0.3
134708359
52441681
0.3
133958954
52441681
0.3
134184532
52441753
0.3
134676538
52441681
0.4
135180078
52441681
0.3
134273914
52441681
0.3
134691485
52441681
0.3
133034192
52441681
0.3
135722249
52441681
0.3
137495467
52441681
0.3
136584318
52441681
0.3
132856691
52441681
0.3
135074761
52441681
0.3
135317847
52441681
0.3
137239004
52441681
0.3
133794925
52441777
0.3
135712846
52441681
0.3
133431973
52441681
0.3
137239672
52441681
0.3
136106360
52441681
0.3
134968646
52441681
0.3
135231749
52441681
0.3
136459102
52441681
0.3
133577445
52441681
0.3
135178018
52441681
0.3
134588062
52441681
0.3
132036145
52441681
0.3
134373553
52441681
0.3
135704688
52441681
0.3
136056975
52441681
0.3
136564545
52441681
0.3
135041217
52441681
0.3
136121689
52441681
0.3
136320160
52441721
0.3
133935478
52441681
0.3
135413596
52441681
0.3
136221436
52441681
0.3
136049477
52441681
0.3
136559233
52441681
0.3
135243299
52441681
0.3
136731389
52441681
0.3
137217241
52441681
0.3
134082119
52441681
0.3
136573103
52441681
0.3
137603735
52441681
0.3
135071367
52441681
0.3
135093096
52441681
0.3
133992994
52441681
0.3
136634314
52441681
0.3
134866561
52441681
0.3
132465401
52441681
0.3
134641314
52441705
0.3
133328124
52441681
0.3
136100757
52441681
0.3
134289590
52441769
0.3
134841500
52441761
0.3
135836059
52441681
0.3
135385893
52441681
0.3
133401725
52441681
0.3
135928816
52441681
0.3
135764496
52441681
0.3
132898600
52441681
0.3
137297062
52441681
0.3
136116621
52441681
0.3
136897778
52441681
0.3
134518912
52441681
0.3
134677524
52441681
0.3
135311289
52441681
0.3
132294555
52441681
0.3
134881107
52441681
0.3
136781262
52441681
0.3
135554008
52441681
0.3
134263435
52441681
0.3
136177311
52441681
0.3
135818525
52441681
0.3
133170720
52441681
0.3
135894973
52441681
0.3
134506613
52441681
0.3
136516862
52441681
0.3
134947247
52441681
0.3
136149751
52441681
0.3
135590825
52441681
0.3
132966810
52441681
0.3
134817227
52441681
0.3
135716837
52441681
0.3
137448552
52441681
0.3
133847840
52441681
0.3
134196841
52441697
0.3
135411072
52441681
0.3
136740964
52441681
0.3
134342148
52441681
0.3
135794749
52441681
0.3
135009208
52441681
0.3
135332687
52441681
0.3
136360496
52441681
0.3
135355665
52441681
0.3
136282811
52441681
0.3
134357726
52441681
0.3
136771041
52441681
0.3
135731413
52441753
0.3
135463570
52441681
0.3
134416738
52441681
0.3
136757403
52441681
0.3
135146017
52441681
0.3
133497073
52441681
0.3
136063831
52441681
0.3
135496127
52441681
0.3
136247583
52441681
0.3
136388475
52441681
0.3
135618348
52441681
0.3
135142090
52441681
0.3
135943396
52441681
0.3
134076723
52441681
0.3
134191440
52441681
0.3
134003884
52441681
0.3
131758417
52441697
0.3
133409636
52441681
0.3
135894634
52441681
0.3
135871726
52441681
0.3
135417470
52441681
0.3
136133335
52441681
0.3
135631773
52441681
0.3
135935264
52441681
0.3
133930048
52441681
0.3
135305503
52441681
0.3
133862904
52441681
0.3
134641334
52441681
0.3
135560566
52441681
0.3
135458834
52441681
0.3
135611861
52441681
0.3
135845042
52441681
0.3
132935437
52441681
0.3
136506703
52441681
0.3
133831208
52441681
0.3
136562957
52441681
0.3
135103619
52441681
0.3
136448584
52441681
0.3
136142588
52441681
0.3
137275159
52441681
0.3
134187155
52441849
0.3
132950772
52441681
0.3
136697659
52441681
0.3
136058551
52441681
0.3
136276607
52441681
0.3
136160575
52441681
0.3
135406637
52441681
0.3
136114749
52441681
0.3
134058060
52441681
0.3
136351268
52441697
0.3
137186533
52441681
0.3
134847975
52441681
0.3
134787913
52441681
0.3
135400168
52441681
0.3
135255705
52441681
0.3
135352069
52441681
0.3
136156564
52441681
0.3
134788252
52441681
0.3
133203357
52441793
0.3
135276158
52441681
0.3
136261410
52441681
0.3
134250571
52441681
0.3
134438678
52441681
0.3
136276784
52441681
0.3
136455716
52441681
0.3
135778869
52441681
0.3
135034951
52441681
0.3
136322964
52441681
0.3
136133484
52441681
0.3
135757417
52441681
0.3
135422361
52441681
0.3
135853393
52441681
0.3
134480041
52441681
0.3
133877170
52441681
0.3
135265103
52441681
0.3
133876985
52441753
0.3
134944260
52441681
0.3
135088926
52441681
0.3
134343773
52441681
0.3
135902793
52441681
0.3
134468183
52441681
0.3
135196037
52441681
0.3
136266555
52441729
0.3
136599600
52441681
0.3
133653039
52441681
0.3
133035586
52441705
0.3
136713307
52441681
0.3
134806589
52441721
0.3
135298845
52441681
0.3
135223209
52441681
0.3
135297823
52441681
0.3
133123867
52441681
0.3
134033880
52441681
0.3
136164910
52441681
0.3
134728043
52441681
0.3
134090801
52441681
0.3
132136003
52441681
0.3
136134390
52441681
0.3
136338085
52441681
0.3
135438329
52441681
0.3
135460130
52441681
0.3
136426127
52441681
0.3
134329970
52441777
0.3
134479785
52441681
0.3
135623264
52441681
0.3
137048420
52441681
0.3
136581978
52441681
0.3
133221405
52441681
0.3
134589187
52441817
0.3
134792728
52441681
0.3
135044701
52441681
0.3
135122518
52441681
0.3
136889649
52441681
0.3
136701892
52441681
0.3
130281778
52441681
0.3
134160635
52441681
0.3
133303617
52441681
0.3
135726096
52441681
0.3
135900737
52441681
0.3
135703273
52441681
0.3
135539800
52441681
0.3
135576048
52441681
0.3
135074301
52441681
0.3
135713320
52441681
0.3
135197547
52441681
0.3
135135564
52441681
0.3
134807281
52441681
0.3
135128143
52441681
0.3
135580845
52441681
0.3
133887185
52441681
0.3
136030249
52441681
0.3
134568859
52441681
0.3
136742730
52441681
0.3
136977008
52441681
0.4
134703795
52441681
0.3
135963542
52441681
0.3
135796122
52441681
0.3
135235656
52441681
0.3
135279246
52441681
0.3
135155444
52441681
0.3
133903366
52441681
0.3
134596290
52441681
0.3
132615180
52441713
0.3
135093519
52441681
0.3
137108602
52441681
0.3
135676383
52441681
0.3
133952512
52441681
0.3
132625096
52441729
0.3
134750883
52441681
0.3
136289532
52441681
0.3
134719551
52441681
0.3
133816648
52441681
0.3
137346743
52441681
0.3
136545437
52441681
0.3
135731852
52441681
0.3
134937487
52441681
0.3
135900393
52441681
0.3
134643561
52441681
0.4
136592732
52441681
0.3
134847402
52441761
0.3
135678162
52441681
0.3
136903839
52441681
0.3
135439570
52441681
0.3
135138630
52441681
0.3
133024917
52441993
0.3
136511716
52441681
0.3
136093747
52441681
0.3
134264435
52441681
0.3
136174814
52441681
0.3
135637180
52441681
0.3
134674973
52441681
0.3
134299514
52441681
0.3
136451212
52441681
0.3
134327456
52441681
0.3
134929595
52441681
0.3
136223034
52441681
0.3
136542114
52441681
0.3
136203233
52441681
0.3
136951645
52441801
0.3
135288566
52441681
0.3
135442518
52441681
0.3
136332150
52441681
0.3
135306220
52441681
0.3
135973118
52441681
0.3
133502955
52441681
0.3
88018685
52448505
0.3
133853422
52441801
0.3
134398926
52441681
0.3
137290807
52441681
0.3
135537979
52441681
0.3
136082312
52441681
0.3
133450571
52442153
0.3
133258198
52441689
0.3
135806825
52441681
0.3
138141269
52441681
0.3
134078034
52441681
0.3
135540410
52441681
0.3
136141349
52441681
0.3
135167148
52441681
0.3
136693322
52441681
0.3
133764832
52441681
0.3
135135790
52441681
0.3
136084848
52441681
0.3
134693160
52441681
0.3
134912423
52441681
0.3
135086115
52441681
0.3
135479654
52441681
0.3
135667786
52441681
0.3
136958601
52441681
0.3
135491070
52441681
0.3
135397103
52441681
0.3
137431847
52441681
0.3
134558315
52441681
0.3
134022463
52441681
0.3
136963951
52441681
0.3
133909667
52441681
0.3
135377531
52441681
0.3
135256676
52441681
0.3
136366213
52441681
0.3
132980624
52441681
0.3
135057407
52441681
0.3
135262520
52441681
0.3
136308631
52441681
0.4
134501752
52441681
0.3
134042817
52441681
0.3
136174155
52441681
0.3
133415143
52441681
0.3
134925833
52441681
0.3
136535732
52441681
0.3
134404275
52441681
0.3
133868575
52441753
0.3
134353320
52441681
0.3
135518032
52441681
0.3
135584649
52441681
0.3
135173147
52441681
0.3
132016737
52441681
0.3
136780905
52441681
0.3
135978955
52441681
0.3
135605192
52441681
0.3
135577050
52441777
0.3
135106515
52441681
0.4
133626450
52441681
0.3
136520809
52441681
0.3
134096977
52441681
0.3
135982205
52441681
0.3
134706776
52441681
0.3
135525331
52441681
0.3
133966068
52441697
0.3
134165529
52441681
0.3
134976136
52441681
0.3
134715137
52441681
0.3
134921095
52441681
0.3
134156283
52441681
0.3
135944856
52441681
0.3
136380743
52441681
0.3
136740281
52441681
0.3
136598040
52441681
0.3
134430000
52441681
0.3
135578803
52441681
0.3
132635066
52441705
0.3
135079869
52441681
0.3
134921106
52441681
0.3
133738256
52441681
0.3
134993493
52441681
0.3
136445935
52441681
0.3
133870082
52441681
0.3
135656125
52441681
0.3
133740726
52441681
0.3
133346206
52441681
0.3
135905154
52441681
0.3
134894163
52441681
0.3
135113944
52441681
0.3
135082057
52441681
0.3
135003759
52441681
0.3
136313645
52441681
0.3
136482460
52441681
0.3
133601516
52441681
0.3
137208925
52441681
0.3
135827981
52441681
0.3
133746065
52441681
0.3
132814222
52441681
0.3
135013148
52441681
0.3
135632230
52441681
0.3
136001494
52441681
0.3
134208694
52441681
0.3
135507635
52441681
0.3
135003154
52441681
0.3
136235327
52441681
0.3
135942312
52441681
0.3
135196738
52441681
0.3
135859036
52441681
0.3
136348319
52441681
0.3
136008342
52441681
0.3
133956185
52441681
0.3
133457974
52441681
0.3
136267773
52441681
0.3
134683199
52441681
0.3
135132500
52441681
0.3
134243041
52441681
0.3
134817392
52441681
0.3
135686227
52441681
0.3
134144605
52441681
0.3
136516160
52441681
0.3
136201830
52441681
0.3
134544095
52441681
0.3
134115179
52441681
0.3
135666468
52441681
0.3
133265712
52441681
0.3
133936425
52441681
0.3
135767640
52441681
0.3
134953720
52441681
0.3
136337599
52441681
0.3
136227460
52441681
0.3
137315503
52441681
0.3
133810588
52441681
0.3
136536579
52441681
0.3
135147430
52441681
0.3
134867175
52441681
0.3
134707131
52441681
0.3
134779952
52441681
0.3
136312218
52441681
0.3
134745737
52441681
0.3
136068278
52441681
0.3
134291654
52441681
0.3
134649301
52441681
0.3
136343348
52441681
0.3
136114290
52441681
0.3
134606735
52441785
0.3
135646824
52441681
0.3
136113433
52441681
0.3
136905571
52441681
0.3
133000547
52441689
0.3
135108369
52441681
0.3
199913762
52448945
0.3
137097228
52441681
0.3
134282334
52441681
0.3
135500146
52441681
0.3
135653334
52441681
0.3
136247457
52441681
0.3
132973874
52441681
0.3
135494903
52441681
0.3
136124517
52441681
0.3
135847576
52441681
0.3
134917534
52441681
0.3
137310307
52441681
0.3
134957002
52441681
0.3
135696491
52441857
0.3
135266314
52441681
0.3
135810168
52441681
0.3
133343970
52441681
0.3
135724811
52441681
0.3
135923187
52441681
0.3
137315821
52441681
0.3
135911848
52441681
0.3
135052812
52441681
0.3
161054533
52443729
0.3
135840543
52441681
0.3
136936375
52441681
0.3
134798920
52441681
0.3
134301461
52442033
0.3
137089259
52441681
0.4
134367414
52441681
0.3
135037812
52441697
0.3
133213194
52441681
0.3
135842416
52441681
0.3
135045809
52441681
0.3
132871211
52441713
0.3
134563353
52441681
0.3
134663866
52441681
0.3
135043895
52441681
0.3
135219261
52441681
0.3
135225640
52441681
0.3
136379134
52441681
0.3
135114965
52441681
0.3
132731196
52441753
0.3
134777613
52441681
0.3
136286158
52441681
0.3
135145238
52441681
0.3
135951081
52441681
0.3
137229488
52441681
0.3
133102380
52441681
0.3
135627818
52441681
0.3
135809917
52441681
0.3
135700381
52441681
