im-chacha-poly-8191
1000
08/28/18
1.1
159753800
52442041
1.0
154412240
52441697
1.0
157702416
52441737
1.1
160153104
52442201
1.0
155007328
52441945
1.1
156186848
52442209
1.0
161546936
52442193
1.0
158746640
52442033
1.1
159323304
52442089
1.0
158222736
52442217
1.1
160575072
52441873
1.1
159195760
52442065
1.0
159429536
52441889
1.1
160661528
52442193
1.0
159557480
52442033
1.0
157942024
52441913
1.0
158699944
52441737
1.0
152869592
52441689
1.1
157537304
52442033
1.0
159080728
52441937
1.0
159816896
52442017
1.0
158267552
52441865
1.0
157163968
52441889
1.0
160743312
52441865
1.0
161423760
52441969
1.1
160863664
52442169
1.0
159403664
52441977
1.1
162162216
52442169
1.1
159194488
52442009
1.1
157773584
52442137
1.1
160844160
52442129
1.1
157995920
52442081
1.0
157963976
52441905
1.1
159315032
52441897
1.0
159044656
52441985
1.1
159512088
52442097
1.0
157357616
52441873
1.0
157941688
52441889
1.1
157782864
52442073
1.1
154329880
52442129
1.0
156885784
52441953
1.0
161461304
52441985
1.1
160282296
52442057
1.0
160873192
52442073
1.0
157377968
52441937
1.0
162055696
52441833
1.1
160154952
52442105
1.0
159439624
52442001
1.1
156435120
52442209
1.0
156346192
52441841
1.1
159839384
52442169
1.1
155060496
52441961
1.1
160580464
52442265
1.0
157331656
52441729
1.1
159276256
52442097
1.1
159048368
52442097
1.1
158484184
52442209
1.0
160535088
52442073
1.1
153182392
52442329
1.0
159817344
52441985
1.1
160338456
52442065
1.1
157629640
52441929
1.1
160639304
52442137
1.0
158867200
52441993
1.0
159405688
52441785
1.1
151238496
52442137
1.0
156577552
52441721
1.1
158735808
52442105
1.1
159084288
52441985
1.1
159967720
52442049
1.0
160165960
52442025
1.0
157443408
52441937
1.1
160975576
52442089
1.0
157833536
52441777
1.1
160247168
52442049
1.1
160717048
52442001
1.0
158414392
52441865
1.0
160384800
52441841
1.1
161318384
52442113
1.1
159278784
52442169
1.1
158256824
52442017
1.0
159864640
52441929
1.0
159245088
52442089
1.0
161295384
52442073
1.0
160656336
52441969
1.0
160294216
52441889
1.1
159242520
52442089
1.1
156714536
52442025
1.1
159929464
52442193
1.1
157190392
52442121
1.0
160753744
52441985
1.0
159802152
52441977
1.1
159059144
52442105
1.0
158604192
52442057
1.1
157818360
52442057
1.1
159936144
52442017
1.1
161046632
52442073
1.0
159499856
52441873
1.0
158569752
52441889
1.0
157266208
52441929
1.1
155775784
52441961
1.1
158660744
52442161
1.0
157056944
52442233
1.1
159299792
52442121
1.1
157162176
52442217
1.0
158551488
52441825
1.0
155903072
52441953
1.0
158806656
52441889
1.1
160025056
52442025
1.0
162331120
52441865
1.0
159552120
52441921
1.0
161021144
52442137
1.0
154791696
52441873
1.1
158050056
52441913
1.1
156839344
52442017
1.1
157876752
52442145
1.0
159918520
52441937
1.0
160374512
52441785
1.0
159485440
52441977
1.0
159016176
52441857
1.0
158853264
52441857
1.1
158015984
52442041
1.1
160849264
52442097
1.0
159681944
52442041
1.1
158809312
52442281
1.1
159335360
52442097
1.1
155004632
52441993
1.0
159326824
52441969
1.1
156838632
52442185
1.1
160175248
52442289
1.1
158573184
52442009
1.0
159153104
52441729
1.0
158187344
52441745
1.1
157803000
52442033
1.0
157140680
52441689
1.1
160972152
52442153
1.0
157457432
52441857
1.1
156536992
52441905
1.0
154947232
52441921
1.1
154900552
52442289
1.1
161551624
52442041
1.0
155436016
52441697
1.1
156461248
52442081
1.0
158678680
52442073
1.0
159664096
52442097
1.0
160510528
52442321
1.1
159571304
52442145
1.0
159977920
52441849
1.0
153444400
52442049
1.0
156329392
52441865
1.0
157080040
52442009
1.0
150299376
52441881
1.1
158411280
52442057
1.0
157286536
52441905
1.0
158457256
52441729
1.0
157581192
52441713
1.1
158670984
52442289
1.0
158234248
52441905
1.1
160352608
52442089
1.0
158733304
52441729
1.1
159012096
52442145
1.1
158937512
52442041
1.0
159755000
52441929
1.1
160224864
52442089
1.1
157102584
52442193
1.0
156728776
52441737
1.1
158024624
52442169
1.1
156645752
52442001
1.0
160224616
52441993
1.0
157360120
52441889
1.0
160592640
52441985
1.0
158067824
52441841
1.0
158838960
52442049
1.0
158502168
52441889
1.0
161907488
52441881
1.0
157957192
52442001
1.1
159883784
52442089
1.1
155744120
52441985
1.1
159821040
52442105
1.1
156901920
52442065
1.0
160496112
52441745
1.0
158736200
52441929
1.0
159026600
52441729
1.0
160822832
52441849
1.1
154922616
52441953
1.0
157279024
52442001
1.0
157831872
52441721
1.0
157942776
52441937
1.0
158187808
52441817
1.0
158786960
52441905
1.0
156260648
52441985
1.1
157420256
52441881
1.0
157388400
52442217
1.1
160755464
52442105
1.0
154208368
52441969
1.0
159556384
52441769
1.0
159795312
52442025
1.0
160496536
52441913
1.1
158999816
52442153
1.0
158492256
52441809
1.0
154454344
52441849
1.0
158730024
52441961
1.1
161619224
52442289
1.0
158529936
52441961
1.0
160480232
52441993
1.1
158510888
52442137
1.0
153304392
52441849
1.0
159188008
52441873
1.1
160057872
52442097
1.1
157580808
52442041
1.0
158967888
52441801
1.1
159527384
52442105
1.0
159388792
52442025
1.0
159650600
52441793
1.0
160835384
52441873
1.0
159073792
52441977
1.1
143684240
52441969
1.1
157483928
52441953
1.0
159466576
52441897
1.0
158502360
52441721
1.0
155177832
52441753
1.0
160896272
52441889
1.1
158232632
52442009
1.1
157540680
52442161
1.1
157676928
52441961
1.0
160720736
52441697
1.0
156951280
52441929
1.1
158068248
52442121
1.1
155325488
52442137
1.0
159875880
52441953
1.0
160163552
52441801
1.0
159862856
52442193
1.1
158659360
52442081
1.1
158153488
52442081
1.0
157410560
52441985
1.0
158605216
52441857
1.0
157882592
52441873
1.0
158139976
52441801
1.1
159308432
52442105
1.0
158188936
52441953
1.0
158480680
52442201
1.0
161418768
52441961
1.1
159377600
52441937
1.0
159740744
52442097
1.0
154070632
52441969
1.0
157080576
52441785
1.1
159977344
52442201
1.0
152915344
52441929
1.0
154673280
52441921
1.1
157374848
52441889
1.0
158534784
52441833
1.1
157714856
52442105
1.0
155970584
52442033
1.1
151048208
52441913
1.0
158783784
52441905
1.0
159753464
52442001
1.0
158705664
52442009
1.0
158463656
52441993
1.0
156401592
52441745
1.0
160174912
52441865
1.1
158496560
52442193
1.1
159468320
52442065
1.0
156623608
52442001
1.0
158930616
52441961
1.1
156159520
52441753
1.0
156878472
52441769
1.0
159644000
52441841
1.1
154798152
52442065
1.0
156196552
52442121
1.0
159208464
52441889
1.0
158367456
52441817
1.0
155417712
52441977
1.0
157460816
52441889
1.1
159880232
52441985
1.0
155746712
52441945
1.0
157417552
52441969
1.0
157142896
52442049
1.0
159306504
52441969
1.0
157211792
52441945
1.1
159081072
52442001
1.0
155349720
52441729
1.0
157608112
52441913
1.0
159361320
52441793
1.0
156796064
52442209
1.1
157440848
52442017
1.0
158228664
52441905
1.1
149125144
52441857
1.0
156674000
52441825
1.0
159958624
52441929
1.0
158671760
52442113
1.0
159378080
52441793
1.1
158418296
52441977
1.0
158289216
52441897
1.0
159246120
52441961
1.1
160869176
52442177
1.1
156577032
52442201
1.0
157859816
52441937
1.0
157024272
52441809
1.0
158881736
52442185
1.1
161022816
52442329
1.0
159404456
52441873
1.0
159057992
52442065
1.0
155327576
52442009
1.0
157947328
52442073
1.0
158310368
52441937
1.0
158318544
52441921
1.0
157902528
52441721
1.0
159607112
52441881
1.0
157283896
52441921
1.0
155921816
52441929
1.0
158724064
52442065
1.0
159885904
52441913
1.0
154969376
52442001
1.0
155117040
52441945
1.0
157466232
52441905
1.0
158947552
52441913
1.0
156823152
52441881
1.0
157209128
52441849
1.0
159204480
52441937
1.0
156606392
52441801
1.0
157213456
52442001
1.0
157855456
52441729
1.1
159385448
52442161
1.1
160285088
52442009
1.0
157834736
52442025
1.0
157620232
52441849
1.0
158507688
52441969
1.0
158357408
52442081
1.1
153335656
52442217
1.0
159451776
52442265
1.1
158668304
52442041
1.0
157512040
52442033
1.0
160858912
52441921
1.0
157394920
52441929
1.1
159031304
52441977
1.0
159326072
52442113
1.0
157182824
52441729
1.1
160599368
52442041
1.0
158932608
52442001
1.1
159510984
52441985
1.0
159613112
52441817
1.0
159473072
52441953
1.0
158846512
52441873
1.0
158300056
52441953
1.0
158997352
52441889
1.0
154310944
52441913
1.0
160786864
52442321
1.1
159002696
52442001
1.0
157644416
52441969
1.0
156767416
52442193
1.0
160607064
52442105
1.0
156594424
52442009
1.1
158306824
52442177
1.1
158540104
52442089
1.1
160385008
52442217
1.0
158245928
52441961
1.0
161569704
52442329
1.0
155598736
52441929
1.0
157796872
52442129
1.0
159939496
52442073
1.1
157200712
52442057
1.1
160166640
52442025
1.0
159997032
52442121
1.1
162143016
52442129
1.0
157333136
52441745
1.0
158840144
52441897
1.0
155006968
52441929
1.0
159340320
52442097
1.0
158095480
52441961
1.1
155517296
52442049
1.1
155305912
52442225
1.1
157322624
52442137
1.0
156329656
52441985
1.0
159981392
52442033
1.0
155129520
52441737
1.1
160956728
52442313
1.0
155857752
52442201
1.0
156872088
52442089
1.1
156209072
52442177
1.0
152182952
52441849
1.0
161888792
52442017
1.1
155620488
52442217
1.1
161469208
52442177
1.0
158466616
52441937
1.0
157586288
52441913
1.0
159176800
52442113
1.1
153764072
52442017
1.0
158231152
52441905
1.1
158320016
52442049
1.1
160315152
52442089
1.0
159993256
52441745
1.0
158023016
52441777
1.0
159415976
52442073
1.0
161342696
52441881
1.0
157489808
52442001
1.1
161028912
52442265
1.0
159345528
52441953
1.0
158828864
52441729
1.0
158110704
52441897
1.0
159278248
52442337
1.0
154806776
52442129
1.0
156908568
52441825
1.0
160707768
52442105
1.1
160062584
52442073
1.0
156924880
52441857
1.0
155490240
52441729
1.0
157605560
52442193
1.0
160158344
52442017
1.0
158882168
52441897
1.0
155378296
52441977
1.0
157018416
52441857
1.0
160713960
52442033
1.0
156499808
52441993
1.0
159071744
52441857
1.0
160574712
52441825
1.0
157536088
52442009
1.1
160596744
52442089
1.1
157002392
52442041
1.0
155743048
52441961
1.0
157157064
52441785
1.0
160342888
52442065
1.1
158637928
52442065
1.1
156156280
52441993
1.0
156449504
52442025
1.1
156165864
52442057
1.0
159201616
52442001
1.1
159818520
52442185
1.0
159385584
52441985
1.1
157166448
52442105
1.0
160275616
52441881
1.0
155470792
52442025
1.0
159608008
52441841
1.1
158611376
52442041
1.0
158361040
52441913
1.0
158260072
52441729
1.0
157451384
52441801
1.1
158534560
52442057
1.0
160071896
52442233
1.1
159692624
52442033
1.0
158154216
52442033
1.0
158139288
52442073
1.0
161193240
52442089
1.0
157517784
52441961
1.1
159039136
52442065
1.0
158478920
52442129
1.0
161392312
52442081
1.0
157263800
52442217
1.0
156324992
52441913
1.0
158687168
52442145
1.0
160390752
52442073
1.0
156043648
52441937
1.1
143495528
52442609
1.0
156996600
52442081
1.0
158359544
52442017
1.1
160971048
52442121
1.0
158001120
52441993
1.1
160207640
52442001
1.1
160099624
52442065
1.0
157621848
52442097
1.1
155467600
52442089
1.0
158218176
52441929
1.0
158946144
52441953
1.0
159059336
52441785
1.1
161096936
52442153
1.0
159009408
52442185
1.0
157649904
52442145
1.1
154892968
52442017
1.0
161573488
52442001
1.0
157155520
52442201
1.0
160663960
52441993
1.1
157799112
52442009
1.0
159832144
52442065
1.1
158247680
52442129
1.1
156006712
52442129
1.1
161109952
52442209
1.0
157775368
52442033
1.0
157422536
52441753
1.0
158083200
52442041
1.1
158485728
52442001
1.0
158875344
52441753
1.0
158242624
52441905
1.0
161310448
52442217
1.0
160658568
52441745
1.0
158945784
52441937
1.1
156886568
52442129
1.1
160836064
52442089
1.0
157807728
52441929
1.0
160561808
52441865
1.0
160091400
52441889
1.1
159389968
52441977
1.0
159687712
52441745
1.1
161423584
52442289
1.1
159738192
52442121
1.1
159024008
52442233
1.0
159169152
52441969
1.0
158606344
52441937
1.0
161225384
52441985
1.0
158618688
52442033
1.1
158762800
52442153
1.1
161941776
52442233
1.0
154791208
52441817
1.0
154413672
52442105
1.0
159260872
52442121
1.1
153682080
52442049
1.0
158709424
52442065
1.1
153911256
52442473
1.0
159203944
52441745
1.0
160070880
52442185
1.0
160016760
52442145
1.0
157700096
52442009
1.0
158759528
52441929
1.1
159579232
52442345
1.1
156980776
52442049
1.0
160898400
52442057
1.0
158505648
52442249
1.0
158609744
52442145
1.1
161296728
52442161
1.0
158920048
52442025
1.0
159974144
52441993
1.1
159377088
52442233
1.1
160208152
52442065
1.0
156869736
52442041
1.0
159070120
52442089
1.1
162768088
52442193
1.0
156166632
52441905
1.0
159309032
52441833
1.0
158549968
52441929
1.1
155969336
52441953
1.0
158876672
52441985
1.0
159309816
52441921
1.0
159237624
52441977
1.0
160972496
52441921
1.1
159169200
52442217
1.1
161553240
52442097
1.0
158560480
52442009
1.0
155359352
52442137
1.0
157712408
52441833
1.0
158895896
52441929
1.1
158753432
52442129
1.0
161351088
52442217
1.0
158251112
52441881
1.0
157993248
52442105
1.0
157988832
52442001
1.0
158707808
52442113
1.0
157598696
52442265
1.0
158053664
52442153
1.0
157670536
52441729
1.0
161140816
52441913
1.0
158908208
52441993
1.0
158823488
52442281
1.1
160208448
52442041
1.0
157505992
52442193
1.0
159315448
52441881
1.0
159870400
52441993
1.1
156294760
52442041
1.1
154054216
52442193
1.0
157769296
52442137
1.0
157878552
52441833
1.0
158886968
52441873
1.0
158750840
52442009
1.0
160830256
52441921
1.0
156708768
52441953
1.0
160153888
52441969
1.0
158376872
52442073
1.0
159528888
52441865
1.0
157629672
52441801
1.0
158955272
52441905
1.0
158320560
52442001
1.0
158988080
52441945
1.0
159933776
52442033
1.1
157838112
52442249
1.1
158020072
52442121
1.1
160995848
52442281
1.1
160031824
52442073
1.0
158937856
52442073
1.0
156844760
52441729
1.0
159320040
52441977
1.0
158686216
52441953
1.1
159101752
52442097
1.1
159214552
52442097
1.1
155839080
52442185
1.1
154299456
52442129
1.0
159126024
52441905
1.0
159854304
52441945
1.0
160311368
52441849
1.1
158627600
52441969
1.0
161976344
52442073
1.1
159122480
52442097
1.0
159454856
52442321
1.0
158308480
52442201
1.0
157550424
52442025
1.0
156502840
52441713
1.0
156643264
52441873
1.0
157194720
52441865
1.1
157738288
52442033
1.0
157354856
52442305
1.0
159206040
52441961
1.0
161319384
52442145
1.0
159887952
52441993
1.0
161125512
52441969
1.0
160930336
52442241
1.0
157412920
52441833
1.1
154282672
52442113
1.1
158681080
52441873
1.0
154848504
52441929
1.0
156978680
52441945
1.1
159823072
52442225
1.0
160069856
52441833
1.1
158616552
52442177
1.0
159256936
52441937
1.0
158891032
52441753
1.0
157872768
52441865
1.0
159519672
52442273
1.0
159517400
52441953
1.0
158249616
52441729
1.0
160781440
52441841
1.0
160566616
52442137
1.0
157515440
52442001
1.0
157249768
52441729
1.0
158310768
52442265
1.0
159208384
52441929
1.0
160437144
52441865
1.1
158968256
52442177
1.0
158314664
52441825
1.0
157574856
52442033
1.1
153461880
52442025
1.0
157061848
52441841
1.0
157775136
52441929
1.0
159810632
52441841
1.1
154548648
52441993
1.1
151394896
52442057
1.1
158712888
52442353
1.0
160815352
52441945
1.1
160510624
52442105
1.0
158872888
52442009
1.0
161169760
52441865
1.0
156504048
52442201
1.0
159212184
52442009
1.0
158457488
52441993
1.1
162110816
52442321
1.0
159440704
52442161
1.0
157585440
52441961
1.0
157631344
52441745
1.1
156963704
52442081
1.0
159158120
52442073
1.1
158932048
52442097
1.0
160070752
52441969
1.0
157250200
52441961
1.0
155529368
52442281
1.0
156515968
52442297
1.0
158074728
52442025
1.0
159782136
52442241
1.0
159164896
52441897
1.0
154927952
52441697
1.0
155490992
52441929
1.0
159489936
52441977
1.0
159540648
52441945
1.1
161625672
52442225
1.0
158970904
52442113
1.0
158187632
52442145
1.0
155524048
52441745
1.1
158187912
52442145
1.1
160346120
52441993
1.0
157212472
52442161
1.0
157277048
52441945
1.0
159277152
52441729
1.0
157269336
52442041
1.0
158420552
52441905
1.0
159158360
52441905
1.1
162656136
52442257
1.1
160966960
52442337
1.1
159009400
52442161
1.1
160203352
52442217
1.0
157229216
52441985
1.1
158178216
52442161
1.0
159025768
52442057
1.0
159566032
52441961
1.0
158704352
52442073
1.1
154469200
52442377
1.0
157049408
52442025
1.0
158705008
52442041
1.0
158156936
52442089
1.0
160427768
52441801
1.0
160942584
52442185
1.0
159998304
52442057
1.0
159977848
52441753
1.0
161439952
52442033
1.0
154309984
52442193
1.1
160186624
52442129
1.1
160040632
52442009
1.0
160379224
52442121
1.1
159120792
52442153
1.0
157259664
52441961
1.1
157278960
52442185
1.1
160572000
52442185
1.1
160002976
52442185
1.1
157203424
52441881
1.0
160502680
52442113
1.0
160406328
52442169
1.0
156787880
52441961
1.1
158459632
52442001
1.0
159096080
52442025
1.0
159332584
52442009
1.0
158851144
52441849
1.0
157053328
52441993
1.0
158449328
52441961
1.0
158529440
52442033
1.0
160396160
52442025
1.0
158409296
52442129
1.0
157094776
52441921
1.0
160394944
52441849
1.0
160331344
52441977
1.0
158870336
52442145
1.0
158747304
52442217
1.0
157343688
52442049
1.0
159973336
52442289
1.0
157848728
52441857
1.0
158881000
52442273
1.1
158963704
52442033
1.0
155987960
52441961
1.0
153977168
52441945
1.0
157397696
52441913
1.0
157922656
52441881
1.0
158772648
52442129
1.1
153330088
52442041
1.0
155870808
52442049
1.1
156258040
52442161
1.1
148876984
52442209
1.0
156930648
52441929
1.0
160569648
52441953
1.0
157425888
52442113
1.0
159911256
52441913
1.0
159320440
52442241
1.0
157250952
52442105
1.0
159381160
52442129
1.0
157438192
52441729
1.0
157587136
52442001
1.0
156165488
52441689
1.0
154561576
52441729
1.0
148283288
52442129
1.0
157203192
52442241
1.0
158583920
52442073
1.0
158438016
52441865
1.0
157579512
52442097
1.0
158678160
52441785
1.3
159789840
52442225
1.0
159555104
52441873
1.1
159015152
52442193
1.0
155438384
52441713
1.1
159522344
52442209
1.0
156668056
52441945
1.1
159895448
52441969
1.0
159709704
52442057
1.0
156342152
52442049
1.0
157405344
52442105
1.0
157318984
52442001
1.1
159547272
52442073
1.0
160567112
52441993
1.0
157648880
52441769
1.0
159273056
52442209
1.1
161171568
52442105
1.1
158582848
52442089
1.0
160568264
52441777
1.0
159441432
52442105
1.0
157417808
52442153
1.1
156155064
52442065
1.0
158967008
52442081
1.0
160636080
52442081
1.1
158574528
52442161
1.0
156990648
52441713
1.0
161401272
52442089
1.0
159503624
52442153
1.0
159678712
52441921
1.0
158858128
52441729
1.1
159984984
52442113
1.1
155105400
52442033
1.0
159127680
52441929
1.0
158518776
52441929
1.0
160501424
52442073
1.1
161289640
52442153
1.1
159968688
52442209
1.0
159978208
52441937
1.0
156439424
52441881
1.0
159379704
52441897
1.0
159382640
52442105
1.1
154084680
52442161
1.1
160456928
52441969
1.0
159898528
52442017
1.0
157752312
52442097
1.0
157167200
52442153
1.0
156844888
52442001
1.0
156053912
52441865
1.0
157220912
52442033
1.0
158872432
52441977
1.0
158382472
52441945
1.0
158239368
52442065
1.0
158804144
52442033
1.0
160885176
52442033
1.0
161689088
52442033
1.0
159595752
52442001
1.1
160657328
52442137
1.0
158641008
52441825
1.0
157994744
52441873
1.1
154232536
52442033
1.0
161143744
52442361
1.0
157626352
52441913
1.0
159074664
52441937
1.0
160858640
52442089
1.0
161629920
52441953
1.1
159964920
52442105
1.0
157601552
52441969
1.0
157679952
52441833
1.0
158338776
52442105
1.0
158376544
52441889
1.0
157278672
52441937
1.0
157687808
52441897
1.1
155791152
52441913
1.0
159534192
52441985
1.0
160291648
52441849
1.0
159696320
52441969
1.1
157608944
52442089
1.0
158198520
52442033
1.0
157258168
52441769
1.0
159420104
52442025
1.0
157896984
52442033
1.0
158429408
52441873
1.0
159669904
52442073
1.0
159393504
52441977
1.0
154387800
52441721
1.0
158966888
52442065
1.0
161593064
52442273
1.0
159206360
52442233
1.1
159235888
52442169
1.0
159932104
52441905
1.0
156105248
52441713
1.0
156586448
52442073
1.0
156282416
52442177
1.1
157389752
52442049
1.1
160900256
52442129
1.1
154606232
52442137
1.0
153928608
52442393
1.1
151062952
52442209
1.0
156895288
52441881
1.0
158008128
52441913
1.0
157329168
52441913
1.0
155555432
52441729
1.0
157084824
52442241
1.0
161311040
52442241
1.0
157671712
52442049
1.1
158441344
52442145
1.0
158228792
52442225
1.0
157380064
52442113
1.0
160362768
52442033
1.0
157440192
52441809
1.0
159766552
52442001
1.0
159834904
52441945
1.0
158907760
52441897
1.1
158568240
52442225
1.0
158684944
52442057
1.1
158512976
52441953
1.0
157049376
52442177
1.1
160052648
52442089
1.0
157366152
52442121
1.0
158093408
52441873
1.0
157575728
52442073
1.0
157376208
52441913
1.1
157142040
52442225
1.0
156235904
52441873
1.0
157835632
52441961
1.0
160684424
52441961
1.1
138698840
52441993
1.0
154505184
52441969
1.0
154904400
52441769
1.1
161155144
52442273
1.1
159602384
52442057
1.0
159760632
52442033
1.0
157586656
52442081
1.0
158212304
52441945
1.0
159585016
52441857
1.0
157930464
52441961
1.0
155293408
52441937
1.0
160043048
52442273
1.0
154629072
52441953
1.0
154938192
52442169
1.0
159884496
52442073
1.0
156517432
52441969
1.0
159955680
52442049
1.1
154726032
52442113
1.0
158293456
52441953
1.1
159335272
52442049
1.1
160319672
52442241
1.0
160340144
52442041
1.1
157111920
52442073
1.0
159113808
52441841
1.0
155865040
52441897
1.1
158702280
52442209
1.1
156665248
52442145
1.1
158986944
52442049
1.0
156945792
52442209
1.1
158391680
52442169
1.0
157741952
52441977
1.0
158460600
52441985
1.1
159753512
52442169
1.0
156798752
52442105
1.0
158961912
52441977
1.1
150259440
52441881
1.0
156428184
52442113
1.0
160074400
52441745
1.1
159506736
52442081
1.0
159651856
52441977
1.0
157048656
52442001
1.0
158275312
52442113
1.1
158209708
52442009
1.0
159807208
52442129
1.0
153532224
52441897
1.0
156023696
52442201
1.0
159017352
52441977
1.0
159813968
52441937
1.1
160865904
52442025
1.0
157349616
52441977
1.0
160332848
52442105
1.0
161226128
52442217
1.0
161531712
52441977
1.1
160213352
52442225
1.0
158223104
52442073
1.0
159669744
52442001
1.1
162061760
52442137
1.1
160022536
52442185
1.0
158338056
52442033
1.0
158788816
52442457
1.0
157813064
52442041
1.0
157068384
52442137
1.1
157159216
52441953
1.1
154942472
52442089
1.0
155725344
52441713
1.1
160406464
52442169
1.0
158621760
52441985
1.0
158632280
52441841
1.1
159499696
52442033
1.0
159261336
52442073
1.0
160295680
52441985
1.0
157954656
52441921
1.0
158572968
52441817
1.0
157773880
52442225
1.0
159838280
52441833
1.1
155581520
52442145
1.1
156214520
52441945
1.0
159347704
52442009
1.0
156804816
52441889
1.0
156874776
52442089
1.0
159956264
52442113
1.1
159812552
52442441
1.0
160412488
52442121
1.0
160285384
52441905
1.1
158172648
52442145
1.0
159570672
52442097
1.1
159943760
52442289
1.1
158987656
52442073
1.0
159435600
52442073
1.0
158196296
52442185
1.1
160589664
52442305
1.1
158102240
52442073
1.0
159193704
52442233
1.0
157432808
52441993
1.0
157913320
52442025
1.0
155622768
52441937
1.0
156307352
52441905
1.1
158737824
52441977
1.0
156660960
52441713
1.0
156812096
52441729
1.0
157230832
52442049
1.0
155279760
52441953
1.0
157502736
52442177
1.1
157421328
52442209
1.1
152552000
52442169
1.0
157537600
52441769
1.1
156960816
52442137
1.0
158667112
52442089
1.0
161209136
52441969
1.0
157060408
52442089
1.1
155164808
52442049
1.0
157724640
52441945
1.1
162374448
52442273
1.0
157864984
52442017
1.0
160857608
52441889
1.0
158044456
52441857
1.0
159766624
52442001
1.0
157939248
52441881
1.0
159776744
52442081
1.0
159566128
52442241
1.1
155197880
52442105
1.0
158057208
52441905
1.0
158859856
52442073
1.1
157738128
52441953
1.0
160506600
52441961
1.0
157196968
52441977
1.0
155042696
52442209
1.0
158918192
52441905
1.1
158873112
52442137
1.0
161048256
52441889
