im-chacha-poly-2047
1000
08/28/18
0.9
133200048
52442313
0.9
135322216
52441745
0.9
136809704
52441753
0.9
135573640
52441721
0.9
134499200
52442561
0.9
133446600
52442497
0.9
138511152
52441945
0.9
135555792
52441721
0.9
131997760
52441721
0.9
137007592
52441737
0.9
137025576
52442217
0.9
135694296
52441721
0.9
136104920
52441721
0.9
135210296
52441721
0.9
133294296
52441721
0.9
137937360
52442057
0.9
135753440
52441721
0.9
135551464
52441729
0.9
133095136
52441745
0.9
134556872
52441721
0.9
134773208
52441713
0.9
134117512
52442513
0.9
137558008
52442057
0.9
137430680
52441729
0.9
133200864
52441721
0.9
131235120
52442449
0.9
136494920
52442129
0.9
133324080
52442585
0.9
136622352
52442657
0.9
135389296
52441721
0.9
137275200
52442417
0.9
136379384
52442529
0.9
135921768
52441721
0.9
139458120
52441977
0.9
136690432
52441721
0.9
135321848
52441721
0.9
135063040
52442425
0.9
134423936
52442577
0.9
134282496
52442625
0.9
134341464
52441721
0.9
135664784
52442345
0.9
136222896
52441745
0.9
139781688
52442489
0.9
129697536
52441969
0.9
135297952
52441713
0.9
135087176
52441721
0.9
133815832
52442409
0.9
137673824
52441889
0.9
136102184
52441737
0.9
136342536
52442001
0.9
136648904
52441737
0.9
130829000
52442673
0.9
131334384
52442705
0.9
136205088
52442065
0.9
131867920
52441729
0.9
134743496
52441713
0.9
133966920
52441729
0.9
136403328
52442281
0.9
134654776
52441737
0.9
132989488
52442521
0.9
133632928
52442641
0.9
132798480
52442601
0.9
127973112
52441705
0.9
135707832
52441737
0.9
135472000
52442641
0.9
133562048
52441857
0.9
134307280
52441721
0.9
131788088
52441713
0.9
137059376
52441737
0.9
135306528
52442641
0.9
133442256
52441729
0.9
135356824
52441737
0.9
133599848
52442649
0.9
135097024
52442601
0.9
136297144
52441737
0.9
133389840
52442345
0.9
137111568
52442209
0.9
133707184
52441737
0.9
137694160
52442121
0.9
136918032
52442409
0.9
134780584
52442113
0.9
135821816
52441721
0.9
134114784
52442417
0.9
134569024
52442457
0.9
134139360
52442409
0.9
134212880
52441729
0.9
137982224
52442193
0.9
138310728
52442193
0.9
137300272
52442377
0.9
137091888
52441721
0.9
135234640
52441713
0.9
137445096
52441729
0.9
136491824
52441953
0.9
136204928
52442393
0.9
135386616
52442225
0.9
134043912
52442497
0.9
137552592
52441721
0.9
134844048
52442473
0.9
136291168
52441705
0.9
136277000
52441729
0.9
134033664
52441721
0.9
136271664
52442377
0.9
138423720
52441713
0.9
135917344
52442505
0.9
136704000
52441705
0.9
135621800
52441713
0.9
135221536
52441729
0.9
137457504
52441721
0.9
135005640
52441721
0.9
133506696
52441721
0.9
138146608
52441889
0.9
132714672
52442617
0.9
135992856
52441705
0.9
133984880
52441713
0.9
133849840
52442609
0.9
137260104
52441729
0.9
135345552
52441737
0.9
134487416
52442289
0.9
133238208
52442617
0.9
137052776
52441737
0.9
138584240
52441961
0.9
135732512
52442417
0.9
137732240
52442385
0.9
136173648
52442433
0.9
131571744
52442777
0.9
135557616
52441729
0.9
135751480
52442145
0.9
136599728
52441713
0.9
137294080
52441969
0.9
135183288
52441729
0.9
136260272
52441705
0.9
134093928
52441721
0.9
136933360
52441721
0.9
137514736
52442425
0.9
136731936
52441705
0.9
134809912
52441737
0.9
135075192
52441721
0.9
130696768
52441713
0.9
132009392
52441737
0.9
135512848
52441721
0.9
128498608
52442513
0.9
137051072
52442177
0.9
136334072
52442185
0.9
136176448
52441705
0.9
136459472
52442353
0.9
133566032
52441737
0.9
135399096
52442273
0.9
135451936
52441713
0.9
136286784
52442409
0.9
134441312
52442537
0.9
133915280
52442537
0.9
136409080
52442217
0.9
135396280
52442217
0.9
130804480
52441857
0.9
135450864
52441745
0.9
138080608
52442185
0.9
137472744
52441993
0.9
133756224
52442529
0.9
133819896
52442561
0.9
136026120
52441729
0.9
136855440
52442617
0.9
134327000
52441737
0.9
135081136
52442369
0.9
132160920
52442033
0.9
136930200
52442441
0.9
135746640
52442593
0.9
134750472
52441745
0.9
138647760
52441745
0.9
137056608
52441865
0.9
137430008
52442529
0.9
136907832
52442313
0.9
134328864
52442529
0.9
134241864
52442217
0.9
135031184
52441737
0.9
138934024
52442353
0.9
136275208
52441721
0.9
136474840
52442185
0.9
134858992
52442553
0.9
136996792
52441993
0.9
136620000
52441721
0.9
134619264
52441729
0.9
134795536
52441737
0.9
128455688
52442329
0.9
136998824
52441737
0.9
135268176
52441705
0.9
133559144
52441721
0.9
136890776
52441729
0.9
135123944
52441737
0.9
136110680
52441721
0.9
136206704
52441729
0.9
136499344
52442065
0.9
135953192
52441729
0.9
136991184
52441729
0.9
134427296
52442585
0.9
136336144
52442217
0.9
136964632
52441737
0.9
135481352
52441713
0.9
134247808
52442361
0.9
135600872
52441721
0.9
134880736
52442489
0.9
132456944
52441713
0.9
134474968
52441713
0.9
136925664
52441681
0.9
135804072
52441721
0.9
137596400
52441937
0.9
138366016
52441737
0.9
137527320
52441737
0.9
134231600
52441737
0.9
135555088
52441745
0.9
137058016
52441729
0.9
136815808
52441737
0.9
136504424
52442561
0.9
136483280
52441705
0.9
135704944
52442593
0.9
136932336
52442169
0.9
136290032
52441729
0.9
135483632
52441737
0.9
136980208
52441721
0.9
135960512
52442097
0.9
136125960
52442617
0.9
137835080
52442153
0.9
134648032
52442649
0.9
137616448
52442305
0.9
140169872
52442273
0.9
136558232
52441737
0.9
135052320
52442457
0.9
128865840
52442705
0.9
138201920
52442145
0.9
136027448
52441737
0.9
137789904
52442217
0.9
135888896
52441721
0.9
136971048
52442049
0.9
136923392
52441777
0.9
131932944
52442809
0.9
137079056
52442305
0.9
135958864
52441729
0.9
137004504
52441721
0.9
135193368
52441737
0.9
139101496
52442105
0.9
133911144
52442561
0.9
136510816
52442033
0.9
133334928
52442633
0.9
136019920
52441713
0.9
133560208
52441713
0.9
135290536
52441721
0.9
135663312
52441729
0.9
134104288
52441721
0.9
134379920
52441713
0.9
133869992
52441705
0.9
134834512
52442641
0.9
138770136
52442321
0.9
136348272
52442465
0.9
139475152
52442041
0.9
135968496
52442577
0.9
135557952
52442561
0.9
136525528
52441713
0.9
134469072
52441737
0.9
136115680
52441745
0.9
134952968
52441721
0.9
131804296
52442577
0.9
135402192
52442049
0.9
136253968
52441705
0.9
135524848
52442617
0.9
136708696
52442481
0.9
134140776
52442625
0.9
135536392
52441721
0.9
136076640
52442281
0.9
136278064
52441721
0.9
134228408
52441713
0.9
134442488
52441841
0.9
133435144
52442617
0.9
137718920
52441897
0.9
134913360
52442497
0.9
136548824
52441721
0.9
132731376
52441713
0.9
135184640
52442425
0.9
134407400
52441817
0.9
134790736
52441729
0.9
135318992
52442585
0.9
136194392
52441705
0.9
134458144
52442561
0.9
135767680
52441737
0.9
136720664
52441921
0.9
138533104
52442321
0.9
136417816
52442449
0.9
137122896
52442113
0.9
137234440
52441857
0.9
137601480
52442233
0.9
130246880
52442601
0.9
138347704
52441713
0.9
137809968
52442361
0.9
136344104
52442137
0.9
137337912
52441873
0.9
134616240
52442625
0.9
137441648
52441705
0.9
136726824
52442361
0.9
138388960
52442473
0.9
136285480
52441737
0.9
134220560
52441729
0.9
134024528
52442265
0.9
138237000
52442177
0.9
133422960
52442521
0.9
135467072
52441721
0.9
138185480
52442025
0.9
135119520
52441713
0.9
134654208
52442465
0.9
133226416
52441721
0.9
137521248
52442505
0.9
135712872
52441737
0.9
132669024
52442521
0.9
136247104
52441737
0.9
135113896
52441729
0.9
137081320
52441713
0.9
137639880
52441977
0.9
136443240
52441729
0.9
133637136
52442521
0.9
132725040
52442625
0.9
134684736
52442577
0.9
131979328
52442633
0.9
138208576
52442233
0.9
136844664
52441737
0.9
138058848
52442497
0.9
135377208
52441745
0.9
136115608
52441721
0.9
137810032
52442521
0.9
133801568
52442505
0.9
135509232
52441889
0.9
134446104
52441737
0.9
136659824
52442409
0.9
136192624
52442593
0.9
135865968
52441721
0.9
136833528
52442185
0.9
134276328
52441721
0.9
136537416
52441721
0.9
137425800
52441705
0.9
136176312
52441713
0.9
135613744
52441729
0.9
134858128
52442561
0.9
136910616
52441713
0.9
135825336
52441953
0.9
135069352
52441721
0.9
136105352
52441969
0.9
134870512
52441721
0.9
135827160
52441769
0.9
136817496
52441937
0.9
136702552
52442025
0.9
136105056
52441737
0.9
134593888
52442561
0.9
133911896
52441729
0.9
137555528
52441745
0.9
135792440
52441721
0.9
136146368
52441745
0.9
135290992
52442545
0.9
132533232
52441713
0.9
134517096
52441833
0.9
136282536
52441737
0.9
138753944
52442281
0.9
135656472
52442113
0.9
133433928
52442505
0.9
137537112
52442457
0.9
137786216
52442225
0.9
136557440
52442017
0.9
135661248
52441737
0.9
134192880
52442401
0.9
135055776
52442593
0.9
133610288
52442497
0.9
136207432
52442625
0.9
134635888
52442305
0.9
133344560
52442617
0.9
134341552
52441937
0.9
135644360
52442153
0.9
134676808
52441745
0.9
137955512
52442337
0.9
135322032
52442545
0.9
135684816
52442473
0.9
136719744
52442369
0.9
137353368
52441729
0.9
134938680
52441745
0.9
134744112
52442649
0.9
133888000
52442473
0.9
135096992
52441737
0.9
136936432
52442233
0.9
134808640
52442305
0.9
134939912
52441729
0.9
135376240
52441721
0.9
137141456
52442049
0.9
134948176
52441721
0.9
134920208
52442537
0.9
134266648
52442601
0.9
135612160
52442465
0.9
133911528
52442617
0.9
138194984
52441721
0.9
134202952
52441705
0.9
135368256
52441745
0.9
136184496
52442225
0.9
136467632
52441729
0.9
136710672
52441737
0.9
133870968
52442545
0.9
138380296
52442529
0.9
136193688
52442593
0.9
135878216
52441737
0.9
135668568
52442465
0.9
133452000
52442577
0.9
135898112
52441721
0.9
135628312
52441737
0.9
134240464
52442481
0.9
137060224
52441729
0.9
135080592
52442537
0.9
133802688
52442617
0.9
129817344
52442433
0.9
139033816
52442049
0.9
136098032
52441993
0.9
138921616
52442481
0.9
136725576
52441737
0.9
136501944
52441713
0.9
135678880
52441729
0.9
137755192
52441929
0.9
136950400
52442441
0.9
134288432
52442585
0.9
134598960
52441825
0.9
132570688
52441737
0.9
136964912
52442305
0.9
133075880
52441705
0.9
136991632
52441729
0.9
134113408
52441721
0.9
136962096
52442457
0.9
133172128
52442313
0.9
136675016
52441745
0.9
134204744
52442529
0.9
136026056
52441793
0.9
135429112
52442209
0.9
136957264
52442113
0.9
135910280
52441737
0.9
133231088
52441705
0.9
133572264
52441721
0.9
135886000
52441705
0.9
132799728
52442361
0.9
135847536
52441729
0.9
137607832
52441825
0.9
136025072
52441729
0.9
135438520
52441737
0.9
132781432
52441729
0.9
132100272
52441713
0.9
132170568
52442617
0.9
135958448
52441849
0.9
131725216
52442449
0.9
133701632
52441721
0.9
136788152
52442377
0.9
137338560
52442409
0.9
135345040
52442553
0.9
138013912
52441721
0.9
133769120
52442529
0.9
137414992
52441737
0.9
135564240
52441737
0.9
135603952
52441737
0.9
133799000
52441737
0.9
135982856
52441737
0.9
135438512
52441721
0.9
135937480
52441713
0.9
135986456
52441721
0.9
132309664
52442561
0.9
132490944
52442609
0.9
133512000
52442529
0.9
133540160
52441737
0.9
136277744
52442625
0.9
133533648
52441729
0.9
137815336
52441969
0.9
132122288
52442657
0.9
136353024
52441729
0.9
138646040
52442465
0.9
136496024
52441721
0.9
132737704
52441721
0.9
134687832
52441769
0.9
137884912
52441729
0.9
136146512
52441713
0.9
133546336
52442049
0.9
134970096
52441737
0.9
136898760
52441889
0.9
136262440
52441705
0.9
137232696
52441745
0.9
133209744
52442553
0.9
137368192
52441721
0.9
135886216
52441729
0.9
136474840
52442417
0.9
136786368
52441729
0.9
135146544
52441737
0.9
134093952
52442497
0.9
131131240
52441737
0.9
136599384
52441729
0.9
137469376
52441729
0.9
133859480
52441737
0.9
136641848
52441745
0.9
131295184
52442609
0.9
135844296
52441729
0.9
136779744
52442193
0.9
132921040
52442593
0.9
132460104
52442553
0.9
135357112
52441889
0.9
133748432
52441737
0.9
133607160
52441705
0.9
133718640
52442529
0.9
131975392
52442569
0.9
134297488
52442225
0.9
135769816
52441737
0.9
137523352
52442185
0.9
133367912
52442577
0.9
138285704
52441729
0.9
133503136
52441713
0.9
134760952
52441721
0.9
134062736
52441729
0.9
135874896
52442441
0.9
136565784
52442465
0.9
130906032
52442609
0.9
137495320
52441729
0.9
133970488
52441721
0.9
136187104
52441721
0.9
133234080
52442521
0.9
134328968
52442185
0.9
136595992
52441721
0.9
136173896
52441713
0.9
134077656
52441809
0.9
135445624
52442617
0.9
133317896
52442385
0.9
135044032
52441793
0.9
132256344
52441745
0.9
136560512
52442537
0.9
134855512
52441697
0.9
134040584
52441761
0.9
133926992
52441721
0.9
136494456
52441913
0.9
133279312
52441705
0.9
135450272
52441737
0.9
133368456
52442569
0.9
133120160
52442489
0.9
136647392
52442305
0.9
137164520
52441729
0.9
135920592
52442121
0.9
134763024
52441737
0.9
136131296
52442473
0.9
137580768
52442545
0.9
136181376
52441737
0.9
134817664
52441713
0.9
134892872
52441737
0.9
135865416
52441737
0.9
135354520
52441729
0.9
131510048
52441737
0.9
137521904
52441729
0.9
137412728
52442273
0.9
136656896
52441993
0.9
137897760
52442161
0.9
135606976
52441721
0.9
135596688
52442537
0.9
135644720
52441737
0.9
135546496
52441785
0.9
137438224
52442177
0.9
136993320
52441745
0.9
135203168
52441713
0.9
135116176
52441729
0.9
134594760
52442249
0.9
136218448
52441993
0.9
137122256
52442161
0.9
134684832
52442513
0.9
135670720
52441721
0.9
134769272
52441809
0.9
136060160
52442521
0.9
134763200
52441721
0.9
135705960
52442497
0.9
133880144
52442489
0.9
133287456
52442577
0.9
135124032
52441713
0.9
133166712
52441793
0.9
135415584
52442577
0.9
130861008
52441745
0.9
136441832
52442209
0.9
137553632
52441729
0.9
136641368
52441705
0.9
135243160
52441737
0.9
133675824
52442145
0.9
133703856
52442881
0.9
135204168
52441745
0.9
137443152
52442473
0.9
137322704
52441737
0.9
132671336
52441745
0.9
136095496
52441737
0.9
133625184
52442561
0.9
136032104
52441721
0.9
136319336
52441721
0.9
135368672
52442561
0.9
134330400
52442609
0.9
138159056
52442121
0.9
136853040
52441977
0.9
133562480
52441721
0.9
136945056
52442129
0.9
134723408
52441737
0.9
134010528
52442617
0.9
138619592
52441913
0.9
134514504
52441729
0.9
133744464
52442617
0.9
136521616
52442465
0.9
134455840
52441713
0.9
135341904
52441713
0.9
138271744
52442249
0.9
132204544
52441737
0.9
138137888
52442017
0.9
133889616
52441713
0.9
132456408
52441721
0.9
136599312
52442401
0.9
130748688
52442649
0.9
135466608
52441865
0.9
134709912
52441721
0.9
137110488
52441721
0.9
135948104
52441721
0.9
136147016
52441737
0.9
132585184
52442633
0.9
134615600
52441729
0.9
133776344
52441721
0.9
137592688
52441729
0.9
136913448
52441721
0.9
138920368
52442569
0.9
136882672
52441721
0.9
136094448
52442481
0.9
135424064
52441737
0.9
136772048
52442401
0.9
136016072
52441737
0.9
136545976
52442273
0.9
133441712
52441713
0.9
137936552
52442001
0.9
132154808
52441721
0.9
133783448
52442345
0.9
136623424
52441705
0.9
133819872
52442377
0.9
133489312
52441705
0.9
136101928
52442481
0.9
136372464
52442513
0.9
135421104
52442609
0.9
137151904
52441825
0.9
132312240
52442649
0.9
137739768
52441889
0.9
133633328
52442417
0.9
133650912
52441713
0.9
136974272
52441737
0.9
134397632
52442473
0.9
138202112
52441881
0.9
135470056
52441721
0.9
137189128
52442065
0.9
132607008
52442593
0.9
135399656
52441721
0.9
137383840
52441761
0.9
134557064
52441721
0.9
135111480
52441729
0.9
134869440
52442601
0.9
133887072
52442673
0.9
133141176
52441729
0.9
136674616
52442545
0.9
135032440
52441745
0.9
136112376
52441737
0.9
135489776
52441737
0.9
126720696
52441697
0.9
137557584
52442081
0.9
133187472
52442593
0.9
138920776
52441817
0.9
133291584
52441737
0.9
133251952
52441713
0.9
134916224
52442617
0.9
132928720
52441705
0.9
135568320
52441721
0.9
138163496
52442201
0.9
135656672
52441737
0.9
135502848
52442473
0.9
135089280
52442689
0.9
137607136
52442081
0.9
135339952
52441713
0.9
135362064
52442049
0.9
137133360
52441737
0.9
135274816
52442609
0.9
135201904
52442593
0.9
135312192
52441729
0.9
133379208
52441721
0.9
136690184
52441801
0.9
132906776
52441705
0.9
134020952
52442353
0.9
138783776
52441921
0.9
136329896
52441721
0.9
133365936
52442537
0.9
135723856
52442577
0.9
135819512
52441713
0.9
135384576
52442617
0.9
137788416
52441905
0.9
135059904
52442841
0.9
133152688
52442473
0.9
137968432
52441713
0.9
138297816
52442225
0.9
137074816
52441721
0.9
135945072
52442545
0.9
134777056
52441721
0.9
137188880
52442217
0.9
134946432
52442425
0.9
134167560
52442481
0.9
133361672
52441769
0.9
133649416
52442593
0.9
135398408
52441729
0.9
136569704
52442073
0.9
136301440
52441713
0.9
134570800
52442417
0.9
136519256
52441761
0.9
136233952
52441721
0.9
134169128
52441721
0.9
133182104
52441721
0.9
133683040
52442425
0.9
135067992
52441713
0.9
138826512
52442209
0.9
133729992
52442617
0.9
138233968
52442265
0.9
134402208
52441729
0.9
136822480
52441729
0.9
136595520
52442345
0.9
138264464
52442369
0.9
135847536
52442561
0.9
131216736
52442721
0.9
133453968
52441817
0.9
135334928
52442497
0.9
135530016
52441721
0.9
134810640
52442537
0.9
137135048
52441913
0.9
135083312
52441745
0.9
136269952
52442153
0.9
134542464
52442409
0.9
135062600
52442537
0.9
135437408
52441737
0.9
135872680
52441721
0.9
132610576
52441705
0.9
135324288
52442233
0.9
136799848
52441969
0.9
133632448
52441737
0.9
133447152
52442545
0.9
136875656
52441721
0.9
135737432
52441729
0.9
133760560
52442577
0.9
136593312
52441745
0.9
132907536
52442641
0.9
136044448
52441713
0.9
134805504
52441745
0.9
134999432
52441729
0.9
134193200
52441705
0.9
134258472
52441729
0.9
136095992
52441737
0.9
136028928
52442585
0.9
132497176
52441705
0.9
132319296
52442625
0.9
134930488
52441721
0.9
136968928
52441721
0.9
134910584
52442561
0.9
135927920
52441721
0.9
133270464
52442617
0.9
134702768
52441713
0.9
136761864
52441985
0.9
133329376
52441729
0.9
138268184
52442025
0.9
136352992
52441721
0.9
135364368
52441721
0.9
137656432
52441841
0.9
132937824
52442537
0.9
136395968
52441825
0.9
134555904
52441713
0.9
136475456
52442441
0.9
137565648
52441889
0.9
135901328
52442241
0.9
135735296
52441889
0.9
134471352
52441737
0.9
137049560
52441761
0.9
136773328
52441737
0.9
135289488
52442649
0.9
130810920
52442121
0.9
134408648
52441721
0.9
136245576
52441721
0.9
139425024
52442057
0.9
135745152
52442649
0.9
137309592
52442297
0.9
134220240
52441729
0.9
135881816
52441721
0.9
134484480
52442409
0.9
136661168
52441729
0.9
134162944
52441737
0.9
137714080
52441737
0.9
135433424
52441721
0.9
136064424
52441729
0.9
136559976
52442385
0.9
132890560
52441721
0.9
136142816
52442201
0.9
135193720
52441729
0.9
137352720
52442185
0.9
136111816
52441729
0.9
135329936
52442497
0.9
138749224
52441905
0.9
135383584
52441729
0.9
135354504
52442489
0.9
135363104
52442473
0.9
131934336
52442585
0.9
137575224
52442241
0.9
137178400
52441729
0.9
130838360
52441889
0.9
132185888
52441737
0.9
135771168
52442537
0.9
131905648
52442489
0.9
135944680
52441945
0.9
133304200
52441729
0.9
134106624
52442601
0.9
135137472
52442633
0.9
138251088
52442129
0.9
133838720
52442649
0.9
132033160
52442569
0.9
132009584
52442161
0.9
135945152
52441737
0.9
136105744
52441721
0.9
137364688
52442233
0.9
135309552
52441745
0.9
135625440
52442569
0.9
137328928
52441737
0.9
135929488
52442473
0.9
137659472
52441809
0.9
137228400
52441737
0.9
134260224
52442633
0.9
137491320
52441729
0.9
133436600
52441721
0.9
131235888
52442617
0.9
134882216
52441737
0.9
136572984
52441737
0.9
136430000
52442273
0.9
133293152
52442481
0.9
135270760
52442233
0.9
137793360
52441721
0.9
136232360
52441721
0.9
133395816
52441721
0.9
128817336
52441881
0.9
132800672
52442529
0.9
133327416
52441721
0.9
138247632
52441737
0.9
135650824
52441745
0.9
137168672
52442009
0.9
137118832
52441833
0.9
137256976
52441921
0.9
136721488
52442209
0.9
135638584
52442465
0.9
132601672
52441713
0.9
133992464
52441713
0.9
137018048
52441705
0.9
136000560
52442609
0.9
134016976
52441729
0.9
135731000
52442225
0.9
135261920
52441721
0.9
134108016
52442601
0.9
137246528
52441713
0.9
135687792
52442537
0.9
135919200
52442585
0.9
138980336
52442081
0.9
135734528
52442417
0.9
135019232
52441721
0.9
135627504
52442881
0.9
134657984
52442577
0.9
134906144
52441793
0.9
138254552
52442489
0.9
135258192
52441737
0.9
135997376
52441721
0.9
136161336
52441737
0.9
135636048
52442265
0.9
137519728
52442049
0.9
131469648
52441705
0.9
136970160
52441713
0.9
131149400
52441737
0.9
134234728
52441729
0.9
132518296
52441737
0.9
136585360
52441721
0.9
136201808
52441737
0.9
133639208
52441737
0.9
134176344
52441721
0.9
134051344
52441705
0.9
130638624
52442625
0.9
133435384
52441737
0.9
136132056
52442489
0.9
133745328
52442569
0.9
136423368
52441737
0.9
135506192
52442345
0.9
135126512
52441721
0.9
132599072
52441737
0.9
137004896
52441721
0.9
131395616
52441721
0.9
133076584
52441721
0.9
135565296
52442577
0.9
137380256
52442265
0.9
128070120
52441913
0.9
135858528
52442465
0.9
136541624
52441745
0.9
134819312
52441729
0.9
133854384
52442457
0.9
134976656
52442425
0.9
136081984
52441737
0.9
139020752
52441881
0.9
133609304
52441721
0.9
134820520
52441729
0.9
131603616
52442553
0.9
133552448
52442513
0.9
135044592
52442521
0.9
135170864
52441737
0.9
132406800
52442545
0.9
137222000
52441729
0.9
137857520
52442489
0.9
137298200
52441737
0.9
130924552
52441737
0.9
135776896
52442169
0.9
134462128
52441705
0.9
135248224
52441721
0.9
135476592
52442489
0.9
135641808
52442377
0.9
133771632
52442585
0.9
137227952
52442369
0.9
134790936
52441713
0.9
136619040
52441729
0.9
136586208
52442281
0.9
136114240
52442457
0.9
136894320
52442545
0.9
135290608
52442385
0.9
138407120
52442025
0.9
134119200
52441729
0.9
135087624
52441713
0.9
134351592
52441721
0.9
133780296
52442409
0.9
135809752
52441705
0.9
135288712
52441737
0.9
136481520
52441737
0.9
136137104
52442425
0.9
135564416
52441737
0.9
135495088
52441721
0.9
136909128
52442105
0.9
133656592
52441721
0.9
136200472
52441721
0.9
135600112
52441737
0.9
136992648
52442081
0.9
134785232
52442273
0.9
137195704
52442401
0.9
133984560
52442553
0.9
134209680
52442489
0.9
136699568
52442329
0.9
136714976
52441721
0.9
128352280
52441737
0.9
134873520
52442401
0.9
133024968
52441721
0.9
133117712
52441721
0.9
136392568
52441721
0.9
134260136
52441705
0.9
136857528
52442313
0.9
133767840
52442601
0.9
132103816
52442569
0.9
138540232
52442329
0.9
133003296
52442577
0.9
137545208
52442425
0.9
135562440
52441737
0.9
134692512
52442481
0.9
132137760
52442601
0.9
134096832
52442593
0.9
135882744
52441729
0.9
137223888
52442313
0.9
137449472
52441721
0.9
134133136
52442417
0.9
136870368
52441745
0.9
138146088
52441729
0.9
132241416
52441737
0.9
136532200
52442513
0.9
133414664
52442497
0.9
137318352
52441721
0.9
134527104
52441737
0.9
136674896
52441737
0.9
132799544
52441705
0.9
135892752
52442441
0.9
137658112
52442345
0.9
132683960
52441721
0.9
134135640
52441721
0.9
132157296
52442545
0.9
136651560
52442089
0.9
136989408
52442337
0.9
134849072
52441737
0.9
136976912
52441713
0.9
128841000
52442745
0.9
136328832
52442433
0.9
132751440
52442577
0.9
138041344
52441705
0.9
133923104
52441729
0.9
136820624
52441849
0.9
136617880
52441721
0.9
133200728
52442593
0.9
133103824
52442529
0.9
133743072
52442497
0.9
136828592
52441729
0.9
134755816
52441713
0.9
135161280
52441921
0.9
134917424
52441897
0.9
133588400
52441705
0.9
133498240
52442529
0.9
135159888
52442601
0.9
136659624
52441737
0.9
133851936
52441729
