im-aes128-gcm-512
1000
08/28/18
0.3
129054704
52441681
0.3
132878005
52441681
0.3
121046439
52443177
0.3
133053680
52441721
0.3
130075732
52441681
0.3
133733290
52441681
0.3
132252000
52441681
0.3
129132400
52441713
0.3
133831962
52441681
0.3
129526685
52441689
0.3
132575618
52441681
0.3
101737465
52446697
0.3
130468796
52441681
0.3
133057769
52441681
0.3
131887746
52441681
0.3
129632592
52441681
0.3
131674415
52441681
0.3
134097811
52441681
0.3
132837046
52441681
0.3
129092452
52441745
0.3
132685472
52441681
0.3
131611979
52442009
0.3
134061791
52441681
0.3
133937323
52441681
0.3
134069109
52441681
0.3
134168507
52441681
0.3
133328191
52441681
0.3
130859654
52441681
0.3
132099999
52441681
0.3
133155183
52441681
0.3
131894880
52441889
0.3
134889908
52441681
0.3
130477489
52441761
0.3
130030772
52441681
0.3
130344279
52441681
0.3
128029035
52441681
0.3
132909194
52441681
0.3
128395735
52441793
0.3
133628850
52441681
0.3
131873193
52441681
0.3
133340614
52441681
0.3
133025742
52441681
0.3
131936450
52441681
0.3
133032999
52441681
0.3
133072838
52441681
0.3
132806013
52441681
0.3
132202943
52441681
0.3
129059486
52441713
0.3
131934337
52441681
0.3
131012464
52441681
0.3
132292714
52441681
0.3
133624184
52441681
0.3
129806290
52441809
0.3
133917798
52441681
0.3
132276884
52441681
0.3
132883086
52441681
0.3
134233504
52441681
0.3
130646987
52441713
0.3
132660994
52441681
0.3
128730519
52441721
0.3
133612944
52441681
0.3
133031146
52441681
0.3
131625769
52441681
0.3
130467868
52441705
0.3
132676220
52441681
0.3
132989736
52441737
0.3
132943504
52441681
0.3
134018044
52441681
0.3
131524930
52441681
0.3
132038332
52441681
0.3
130865165
52441681
0.3
133530238
52441681
0.3
130715189
52441697
0.3
133167369
52441681
0.3
132627625
52441681
0.3
132155362
52441681
0.3
132835805
52441681
0.3
135154907
52441681
0.3
132560978
52441681
0.3
127146065
52441801
0.3
132329463
52441681
0.3
133532149
52441681
0.3
132642030
52441681
0.3
130542184
52441681
0.3
133525561
52441681
0.3
131768190
52441681
0.3
130284752
52441681
0.3
129672649
52441737
0.3
133326663
52441681
0.3
133115507
52441681
0.3
133093391
52441681
0.3
132487395
52441681
0.3
133458155
52441681
0.3
133716024
52441681
0.3
132625200
52441681
0.3
133003930
52441681
0.3
130657635
52441681
0.3
132104626
52441681
0.3
129214107
52441681
0.3
131155691
52441753
0.3
133329331
52441681
0.3
134199300
52441681
0.3
127344987
52441721
0.3
132623768
52441681
0.3
129983300
52441681
0.3
132013883
52441705
0.3
132557992
52441681
0.3
133862941
52441681
0.3
131578760
52441681
0.3
133122485
52441681
0.3
130136033
52442009
0.3
134314603
52441681
0.3
132307566
52441681
0.3
133543840
52441681
0.3
68256091
52451865
0.3
132537634
52441681
0.3
132826726
52441681
0.3
130127148
52441913
0.3
132204266
52441681
0.3
133743134
52441681
0.3
131630748
52441681
0.3
132885800
52441681
0.3
131062283
52441681
0.3
131019844
52441681
0.3
132109485
52441681
0.3
132110193
52441681
0.3
133188108
52441681
0.3
130758209
52441705
0.3
131666306
52441681
0.3
131623167
52441681
0.3
134213748
52441681
0.3
134028573
52441681
0.3
133354831
52441681
0.3
134042721
52441681
0.3
132128388
52441681
0.3
133177798
52441681
0.3
133727375
52441681
0.3
132972114
52441681
0.3
133244317
52441681
0.3
130354308
52441689
0.3
134072861
52441681
0.3
133874499
52441681
0.3
132086057
52441681
0.3
132367511
52441681
0.3
133648346
52441681
0.3
133126511
52441681
0.3
132830439
52441681
0.3
133562610
52441681
0.3
133411460
52441681
0.3
133614381
52441681
0.3
133264878
52441681
0.3
130203326
52441745
0.3
133145816
52441681
0.3
130297378
52441681
0.3
133495949
52441681
0.3
132336095
52441681
0.3
130674398
52441849
0.3
133356174
52441681
0.3
130863060
52442033
0.3
131292896
52441705
0.3
131507939
52441681
0.3
133891175
52441681
0.3
130623404
52441713
0.3
134071799
52441681
0.3
133018493
52441681
0.3
133837310
52441681
0.3
133633625
52441681
0.3
133820543
52441681
0.3
130948832
52441681
0.3
133517893
52441681
0.3
133557684
52441681
0.3
133053118
52441681
0.3
132179019
52441681
0.3
131791939
52441681
0.3
133431872
52441681
0.3
130712290
52441681
0.3
132707352
52441681
0.3
132919675
52441681
0.3
134032730
52441681
0.3
131351919
52441737
0.3
132021433
52441681
0.3
130637049
52441681
0.3
132376197
52441681
0.3
133771597
52441681
0.3
132559035
52441681
0.3
130512742
52441729
0.3
128448214
52441841
0.3
132737244
52441681
0.3
132193246
52441681
0.3
132614356
52441681
0.3
131240789
52441681
0.3
132254126
52441681
0.3
132719419
52441681
0.3
132448595
52441681
0.3
128752971
52441777
0.3
134211442
52441681
0.3
132675908
52441681
0.3
130442545
52441793
0.3
132831123
52441681
0.3
132738490
52441681
0.3
129008202
52441745
0.3
131962937
52441681
0.3
130406894
52441913
0.3
132884024
52441681
0.3
132460564
52441681
0.3
131721266
52441697
0.3
133049457
52441681
0.3
132185580
52441753
0.3
132169056
52441881
0.3
133136722
52441681
0.3
130640544
52441777
0.3
127976435
52441681
0.3
134274433
52441681
0.3
131494452
52441681
0.3
133932126
52441681
0.3
132940215
52441681
0.3
132546371
52441681
0.3
131466152
52441681
0.3
133860304
52441681
0.3
129654267
52441681
0.3
134518139
52441681
0.3
129822778
52441681
0.3
134481631
52441681
0.3
132677923
52441713
0.3
132811599
52441681
0.3
132329690
52441681
0.3
134057986
52441681
0.3
133018862
52441681
0.3
133027506
52441681
0.3
133609098
52441681
0.3
128058573
52441769
0.3
132752290
52441681
0.3
134117742
52441681
0.3
133528478
52441681
0.3
131161728
52441681
0.3
132894004
52441681
0.3
132544605
52441681
0.3
131214856
52441681
0.3
133427204
52441681
0.3
133207596
52441681
0.3
134248148
52441681
0.3
133200115
52441681
0.3
131523199
52441705
0.3
131492019
52441681
0.3
132603791
52441681
0.3
133502687
52441681
0.3
133637945
52441681
0.3
130271250
52441713
0.3
132428329
52441681
0.3
133215974
52441681
0.3
131176168
52441681
0.3
132680973
52441681
0.3
133293075
52441681
0.3
133641105
52441681
0.3
131561485
52441681
0.3
131382617
52441681
0.3
132661351
52441681
0.3
134346104
52441681
0.3
132406795
52441681
0.3
131840440
52441681
0.3
133938961
52441681
0.3
131165431
52441969
0.3
131947209
52441681
0.3
131830137
52441681
0.3
130262592
52441977
0.3
133660829
52441681
0.3
133295997
52441681
0.3
132126907
52441681
0.3
130540193
52441681
0.3
133246769
52441681
0.3
130598065
52441689
0.3
130101208
52441681
0.3
128745811
52441921
0.3
131109120
52441681
0.3
133698187
52441681
0.3
131553470
52441681
0.3
132354494
52441681
0.3
131600763
52441681
0.3
131280143
52441729
0.3
133880359
52441681
0.3
131330782
52441681
0.3
131535986
52441817
0.3
130595325
52441721
0.3
133068748
52441681
0.3
131012751
52441681
0.3
132711564
52441857
0.3
130157834
52441681
0.3
132426607
52441681
0.3
130703765
52441681
0.3
133567481
52441681
0.3
132194674
52441681
0.3
132343942
52441681
0.3
134584391
52441681
0.3
134152732
52441793
0.3
132951838
52441681
0.3
115191502
52442761
0.3
133517399
52441681
0.3
132158632
52441681
0.3
131403080
52441681
0.3
131846746
52441681
0.3
133488324
52441681
0.3
131075472
52441681
0.3
131212855
52441681
0.3
133676065
52441681
0.3
132124200
52441681
0.3
133438870
52441681
0.3
133674525
52441681
0.3
130597964
52441729
0.3
132896849
52441681
0.3
132383274
52441681
0.3
132272335
52441681
0.3
129575373
52441721
0.3
132247202
52441681
0.3
131414411
52441681
0.3
132322746
52441681
0.3
130226337
52441769
0.3
132503935
52441681
0.3
132998924
52441681
0.3
132194856
52441681
0.3
132608413
52441681
0.3
134786058
52441681
0.3
131325558
52441681
0.3
133867095
52441681
0.3
133334730
52441681
0.3
131951832
52441681
0.3
131170890
52441681
0.3
132643878
52441681
0.3
133877674
52441681
0.3
130363391
52441681
0.3
129637239
52441777
0.3
132091713
52441681
0.3
132810990
52441681
0.3
131853797
52441729
0.3
130716401
52441713
0.3
133378842
52441681
0.3
132096528
52441681
0.3
129487293
52441753
0.3
133638617
52441681
0.3
132158994
52441681
0.3
130883776
52441681
0.3
132684047
52441681
0.3
131010231
52441737
0.3
132211665
52441681
0.3
129969982
52441737
0.3
133181160
52441681
0.3
134850633
52441729
0.3
133972616
52441681
0.3
131897760
52441681
0.3
133270877
52441681
0.3
131162070
52441825
0.3
133602220
52441681
0.3
129920821
52441721
0.3
134311513
52441681
0.3
133889504
52441681
0.3
131839485
52441681
0.3
133886625
52441681
0.3
133674230
52441681
0.3
131882244
52441681
0.3
133772997
52441681
0.3
134068676
52441681
0.3
129459245
52442241
0.3
134334495
52441681
0.3
132560386
52441681
0.3
132156312
52441681
0.3
132247394
52441681
0.3
133467793
52441681
0.3
128109756
52441873
0.3
131024288
52441713
0.3
131319947
52441681
0.3
133697709
52441681
0.3
133106417
52441681
0.3
129282901
52442081
0.3
132780656
52441681
0.3
131567892
52441681
0.3
132448079
52441681
0.3
132938402
52441681
0.3
132219147
52441681
0.3
131420052
52441689
0.3
133810062
52441681
0.3
131154569
52441681
0.3
131733123
52441681
0.3
130084411
52441745
0.3
133487212
52441681
0.3
129549430
52441681
0.3
132913348
52441681
0.3
133509169
52441681
0.3
132067709
52441681
0.3
142997403
52443081
0.3
132921006
52441681
0.3
133330292
52441681
0.3
130952992
52441801
0.3
131884173
52441681
0.3
131622112
52441681
0.3
131463089
52441769
0.3
132096473
52441681
0.3
134049609
52441681
0.3
131686754
52441753
0.3
130175288
52441905
0.3
132889339
52441681
0.3
133463006
52441681
0.3
130892908
52441681
0.3
132348695
52441681
0.3
131734205
52441681
0.3
133947971
52441681
0.3
133367574
52441681
0.3
131469010
52441681
0.3
130818024
52441681
0.3
131439318
52441681
0.3
132821161
52441681
0.3
133533105
52441681
0.3
133235104
52441681
0.3
129475292
52441921
0.3
129319135
52441681
0.3
132704555
52441681
0.3
130645363
52441681
0.3
129363939
52441721
0.3
126270956
52441697
0.3
133281625
52441681
0.3
131484498
52441729
0.3
132969539
52441681
0.3
133275567
52441681
0.3
133186478
52441681
0.3
133326363
52441681
0.3
132489731
52441681
0.3
132833519
52441681
0.3
131131726
52441681
0.3
133471642
52441681
0.3
133377068
52441681
0.3
132271200
52441681
0.3
132151883
52441681
0.3
132690303
52441681
0.3
132331723
52441681
0.3
132271116
52441681
0.3
133057198
52441681
0.3
131589100
52441681
0.3
130225522
52442041
0.3
133487122
52441681
0.3
133507385
52441681
0.3
129407612
52441729
0.3
131536443
52441705
0.3
132720428
52441681
0.3
132389991
52441681
0.3
133250839
52441681
0.3
133168533
52441681
0.3
133026270
52441697
0.3
133767584
52441681
0.3
131424061
52441681
0.3
132854737
52441681
0.3
130666632
52441681
0.3
132146681
52441737
0.3
132922396
52441681
0.3
134339680
52441681
0.3
131129934
52441681
0.3
133290991
52441681
0.3
132030182
52441721
0.3
132109962
52441681
0.3
134855706
52441681
0.3
131231727
52441865
0.3
133757979
52441681
0.3
133072980
52441681
0.3
130744454
52441873
0.3
130952912
52441705
0.3
134001833
52441681
0.3
131915156
52441681
0.3
133771597
52441681
0.3
132113712
52441681
0.3
132370955
52441681
0.3
134225802
52441681
0.3
132717961
52441681
0.3
133319562
52441681
0.3
131747885
52441681
0.3
134199283
52441681
0.3
133258161
52441681
0.3
130921157
52441681
0.3
132991939
52441681
0.3
133096940
52441681
0.3
133157098
52441681
0.3
132470535
52441681
0.3
133516285
52441681
0.3
133962636
52441681
0.3
132302760
52441681
0.3
132655033
52441681
0.3
130261705
52441681
0.3
133468148
52441705
0.3
133322502
52441681
0.3
132924728
52441681
0.3
133092242
52441681
0.3
130691114
52441713
0.3
132999885
52441681
0.3
132666534
52441681
0.3
132562671
52441681
0.3
134546981
52441681
0.3
132249161
52441721
0.3
132336191
52441681
0.3
127636939
52441849
0.3
134127526
52441681
0.3
132533307
52441681
0.3
132908278
52441681
0.3
132270894
52441681
0.3
133881945
52441681
0.3
112074489
52444985
0.3
131718728
52441681
0.3
132481010
52441681
0.3
133896452
52441681
0.3
130957030
52441681
0.3
133816501
52441681
0.3
132381808
52441697
0.3
132147123
52441681
0.3
131270196
52441681
0.3
129919063
52441681
0.3
132942609
52441681
0.3
130462710
52441729
0.3
133623128
52441681
0.3
130189684
52441681
0.3
133751964
52441681
0.3
131831208
52441681
0.3
133093804
52441681
0.3
131200785
52441729
0.3
132831415
52441681
0.3
132398011
52441681
0.3
132039709
52441681
0.3
133593483
52441681
0.3
131239682
52441681
0.3
134313302
52441681
0.3
133171541
52441681
0.3
133288721
52441681
0.3
126857286
52441977
0.3
132617464
52441681
0.3
128963113
52441929
0.3
130455184
52441697
0.3
134369065
52441681
0.3
133211228
52441681
0.3
131137161
52441681
0.3
132787451
52441681
0.3
132590541
52441681
0.3
129874763
52441681
0.3
129563342
52441681
0.3
130395435
52441681
0.3
132483447
52441681
0.3
133384657
52441681
0.3
133072052
52441681
0.3
133870344
52441681
0.3
132741564
52441681
0.3
133587652
52441681
0.3
133726233
52441681
0.3
134486543
52441681
0.3
129775959
52441713
0.3
131697609
52441681
0.3
133233950
52441681
0.3
133370707
52441681
0.3
131945515
52441681
0.3
132627664
52441681
0.3
130362734
52441681
0.3
131377820
52441681
0.3
133578779
52441681
0.3
132990359
52441681
0.3
132900186
52441681
0.3
135066280
52441681
0.3
133096968
52441681
0.3
133218218
52441681
0.3
131624917
52441737
0.3
132322519
52441681
0.3
134615329
52441681
0.3
132327212
52441681
0.3
132573876
52441681
0.3
133091826
52441681
0.3
133896857
52441681
0.3
133469293
52441681
0.3
128168802
52441689
0.3
132096629
52441681
0.3
131545238
52441681
0.3
133779910
52441681
0.3
132942881
52441681
0.3
132395569
52441681
0.3
132257307
52441681
0.3
132245783
52441681
0.3
132481240
52441681
0.3
133311034
52441681
0.3
131531091
52441681
0.3
132362654
52441681
0.3
132628453
52441681
0.3
133576939
52441681
0.3
133027011
52441681
0.3
132889300
52441681
0.3
131223871
52441681
0.3
131437613
52441681
0.3
131814297
52441681
0.3
132238829
52441681
0.3
132273949
52441681
0.3
132561655
52441681
0.3
131077050
52441801
0.3
132377717
52441681
0.3
132116438
52441681
0.3
131049194
52441681
0.3
130902334
52441681
0.3
134546760
52441681
0.3
133340551
52441681
0.3
132301675
52441681
0.3
132263506
52441681
0.3
130501154
52442145
0.3
130629650
52441873
0.3
131853560
52441745
0.3
133239498
52441681
0.3
132388678
52441681
0.3
131398277
52441777
0.3
134801339
52441681
0.3
130601719
52441713
0.3
133027662
52441777
0.3
131286903
52441681
0.3
131225268
52441713
0.3
129579428
52441681
0.3
132775030
52441681
0.3
134643890
52441681
0.3
132663687
52441681
0.3
132530297
52441681
0.3
134019186
52441681
0.3
133184852
52441681
0.3
132603685
52441681
0.3
132801926
52441681
0.3
134346142
52441681
0.3
131742707
52441713
0.3
133438196
52441681
0.3
133994156
52441681
0.3
131299022
52441681
0.3
132099915
52441681
0.3
132315439
52441713
0.3
132629529
52441681
0.3
130903539
52441681
0.3
130100864
52441681
0.3
133865513
52441681
0.3
133312782
52441681
0.3
134678420
52441681
0.3
133388341
52441681
0.3
133420794
52441681
0.3
128514627
52441681
0.3
130698795
52441697
0.3
134343800
52441681
0.3
132058410
52441681
0.3
130992030
52441841
0.3
132527255
52441681
0.3
132811121
52441681
0.3
134452387
52441681
0.3
132475219
52441681
0.3
130598526
52441681
0.3
134092340
52441681
0.3
133369675
52441681
0.3
131816972
52441681
0.3
129722413
52441681
0.3
133159242
52441681
0.3
132648683
52441681
0.3
132962124
52441681
0.3
130815726
52441681
0.3
133385961
52441681
0.3
131844795
52441769
0.3
132521917
52441729
0.3
133375128
52441681
0.3
131248876
52441681
0.3
133024162
52441681
0.3
132673246
52441681
0.3
133559689
52441681
0.3
133176873
52441681
0.3
127249327
52442033
0.3
132636046
52441681
0.3
134412170
52441681
0.3
133100717
52441681
0.3
133025421
52441681
0.3
133823687
52441681
0.3
134228345
52441681
0.3
131183443
52442273
0.3
133569116
52441681
0.3
133691318
52441681
0.3
130965828
52441681
0.3
132721337
52441681
0.3
133409094
52441681
0.3
132089954
52441681
0.3
133057227
52441681
0.3
132787435
52441681
0.3
132511661
52441681
0.3
131869494
52441849
0.3
132466233
52441681
0.3
132381521
52441681
0.3
132770228
52441681
0.3
133684392
52441681
0.3
133036792
52441881
0.3
134784931
52441681
0.3
133947224
52441681
0.3
133196147
52441681
0.3
132777239
52441681
0.3
133150199
52441681
0.3
131654698
52441681
0.3
132155835
52441681
0.3
132577290
52441681
0.3
133720659
52441681
0.3
132839554
52441681
0.3
69652876
52452025
0.3
129792519
52441825
0.3
131968525
52441681
0.3
133275861
52441681
0.3
131057167
52441681
0.3
131227468
52441681
0.3
133129670
52441681
0.3
132185136
52441681
0.3
131996102
52441681
0.3
132039485
52441681
0.3
132161446
52441681
0.3
131291598
52441681
0.3
132713583
52441681
0.3
133763757
52441681
0.3
133013286
52441681
0.3
130531449
52441761
0.3
133053262
52441681
0.3
133500288
52441681
0.3
131819892
52441681
0.3
132362913
52441681
0.3
131803022
52441681
0.3
131715811
52441761
0.3
130835722
52441681
0.3
131124861
52441745
0.3
132054631
52441681
0.3
129971279
52441697
0.3
132906142
52441681
0.3
130208709
52441681
0.3
132285361
52441681
0.3
130919688
52441681
0.3
132207278
52441817
0.3
133703439
52441681
0.3
132698031
52441681
0.3
132651632
52441681
0.3
131992070
52441681
0.3
135741238
52441681
0.3
133374141
52441681
0.3
133987513
52441681
0.3
131997701
52441681
0.3
133505110
52441681
0.3
133190239
52441681
0.3
132812071
52441681
0.3
132815339
52441745
0.3
130037781
52441761
0.3
133193662
52441681
0.3
132115337
52441681
0.3
132032826
52441737
0.3
132055052
52441681
0.3
129352222
52441777
0.3
133385013
52441681
0.3
131148005
52441681
0.3
131994555
52441681
0.3
133408828
52441681
0.3
133534373
52441681
0.3
133162211
52441681
0.3
133065574
52441681
0.3
133980674
52441681
0.3
129469369
52441889
0.3
133129851
52441681
0.3
132949851
52441681
0.3
130100147
52441681
0.3
131554177
52441777
0.3
133553788
52441681
0.3
132413180
52441681
0.3
131409744
52441681
0.3
133133401
52441681
0.3
132292075
52441681
0.3
132793136
52441865
0.3
133091328
52441681
0.3
132695768
52441681
0.3
133295440
52441681
0.3
130770752
52441801
0.3
132518745
52441681
0.3
129187737
52441681
0.3
129684210
52442105
0.3
133887851
52441681
0.3
133061012
52441721
0.3
134381903
52441681
0.3
131855073
52441681
0.3
132398722
52441681
0.4
131038317
52441681
0.3
132798367
52441681
0.3
132690571
52441681
0.3
131947266
52441713
0.3
134780546
52441681
0.3
132563152
52441681
0.3
132929497
52441681
0.3
132038061
52441745
0.3
134064702
52441681
0.3
132373783
52441681
0.3
131051340
52441809
0.3
133146830
52441681
0.3
132274038
52441681
0.3
133243496
52441681
0.3
133195805
52441681
0.3
132806579
52441681
0.3
133051898
52441681
0.3
132927986
52441681
0.3
129713127
52441841
0.3
130248865
52442025
0.3
132774177
52441681
0.3
131538444
52441681
0.3
131792763
52441681
0.3
130303343
52441681
0.3
133288148
52441681
0.3
133241831
52441777
0.3
130929692
52441681
0.3
129756881
52441681
0.3
131271796
52441681
0.3
133030809
52441681
0.3
130762132
52441681
0.3
133075008
52441681
0.3
133137394
52441681
0.3
132960601
52441681
0.3
133362528
52441681
0.3
132632799
52441681
0.3
129529055
52441681
0.3
132995784
52441681
0.3
132481264
52441681
0.3
133309087
52441681
0.3
133333505
52441681
0.3
130870530
52441681
0.3
126419625
52442969
0.3
133275381
52441681
0.3
132096611
52441681
0.3
133352538
52441681
0.3
131155136
52441681
0.3
133282331
52441681
0.3
131043445
52441681
0.3
131888758
52441681
0.3
129059475
52441681
0.3
132514157
52441681
0.3
131121616
52441681
0.3
133169833
52441681
0.3
130469823
52441681
0.3
131772552
52441737
0.3
129920065
52441721
0.3
132419715
52441681
0.3
133444831
52441681
0.3
131575630
52441681
0.3
130849535
52441769
0.3
131025382
52441681
0.3
133465477
52441681
0.3
132752126
52441681
0.3
124361442
52442897
0.3
133987855
52441681
0.3
132063708
52441681
0.3
129773570
52441681
0.3
130852932
52441841
0.3
131456932
52441681
0.3
133375910
52441681
0.3
131716463
52441681
0.3
132943931
52441681
0.3
131313202
52441681
0.3
130807467
52441689
0.3
132835681
52441681
0.3
132256687
52441681
0.3
130834203
52441681
0.3
132871556
52441681
0.3
132465206
52441681
0.3
133041913
52441681
0.3
131354540
52441681
0.3
133636741
52441681
0.3
134439840
52441681
0.3
132239613
52441993
0.3
131823732
52441681
0.3
133545271
52441681
0.3
133198620
52441985
0.3
134028358
52441681
0.3
133370223
52441681
0.3
132696053
52441681
0.3
132488602
52441681
0.3
133632297
52441681
0.3
131145086
52441681
0.3
130043957
52441697
0.3
132220060
52441681
0.3
132786144
52441681
0.3
133825823
52441681
0.3
130618825
52441681
0.3
132099924
52441681
0.3
130553583
52441681
0.3
130951067
52441681
0.3
132155146
52441681
0.3
132310338
52441681
0.3
133724587
52441681
0.3
131157305
52441681
0.3
133130923
52441681
0.3
132644317
52441681
0.3
133344651
52441681
0.3
132873984
52441681
0.3
132537113
52441681
0.3
133076983
52441681
0.3
133203610
52441681
0.3
132913214
52441681
0.3
131804460
52441681
0.3
132430888
52441681
0.3
133606837
52441681
0.3
134026503
52441681
0.3
130906134
52441681
0.3
133197331
52441681
0.3
133160175
52441681
0.3
131211812
52441769
0.3
133769318
52441681
0.3
133817119
52441681
0.3
131106915
52441681
0.3
132881157
52441681
0.3
131791024
52441681
0.3
133831055
52441681
0.3
133813681
52441681
0.3
133425681
52441681
0.3
133039787
52441681
0.3
130900189
52441681
0.3
132289979
52441681
0.3
133350417
52441681
0.3
133257084
52441681
0.3
131841458
52441681
0.3
133551617
52441681
0.3
128666769
52441681
0.3
133527621
52441681
0.3
129500106
52441689
0.3
131800139
52441681
0.3
130200905
52441681
0.3
131256580
52441921
0.3
128957653
52441841
0.3
132674463
52441681
0.3
132009722
52441681
0.3
134622299
52441681
0.3
130053964
52441681
0.3
130207769
52441721
0.3
131672843
52441681
0.3
132383637
52441681
0.3
130420881
52441681
0.3
132105296
52441681
0.3
132280658
52441681
0.3
133560413
52441681
0.3
131807221
52441737
0.3
133020609
52441681
0.3
133599206
52441681
0.3
131815645
52441705
0.3
134192240
52441681
0.3
133982245
52441681
0.3
134285294
52441681
0.3
130603377
52441913
0.3
132325763
52441681
0.3
133375052
52441681
0.3
131587500
52441681
0.3
132234672
52441681
0.3
134436623
52441681
0.3
133419718
52441681
0.3
133534895
52441681
0.3
129306746
52441897
0.3
132452135
52441681
0.3
134045357
52441681
0.3
131173224
52441993
0.3
130032217
52442033
0.3
132794165
52441825
0.3
132639956
52441681
0.3
133611896
52441681
0.3
134722463
52441681
0.3
132688795
52441681
0.3
131683207
52441769
0.3
130142544
52441729
0.3
133917974
52441681
0.3
132012340
52441737
0.3
131510022
52441681
0.3
132446372
52441681
0.3
133105141
52441681
0.3
131649557
52441825
0.3
131851684
52441681
0.3
132857212
52441705
0.3
132899969
52441681
0.3
131431962
52441769
0.3
129096877
52441681
0.3
133347780
52441681
0.3
132079403
52441681
0.3
130456373
52441705
0.3
133708548
52441681
0.3
133474895
52441681
0.3
132539887
52441681
0.3
131512529
52441681
0.3
132070894
52441681
0.3
134000112
52441681
0.3
133283900
52441681
0.3
128680306
52441681
0.3
132277453
52441681
0.3
131817356
52441681
0.3
132311134
52441681
0.3
132939927
52441681
0.3
132507790
52441681
0.3
132236292
52441681
0.3
132753515
52441681
0.3
129954631
52441681
0.3
130950661
52441713
0.3
132296183
52441681
0.3
132290003
52441681
0.3
130766671
52441681
0.3
132322145
52441681
0.3
131170286
52441697
0.3
131767825
52441681
0.3
129238432
52441681
0.3
133274068
52441681
0.3
134043398
52441681
0.3
128677620
52441737
0.3
132722577
52441737
0.3
133431719
52441681
0.3
133325040
52441681
