im-aes128-gcm-511
1000
08/28/18
0.3
133133520
52441681
0.3
133446688
52441681
0.3
131419760
52441681
0.3
132176024
52441681
0.3
130318888
52441681
0.3
132973584
52441681
0.3
127773936
52441681
0.3
133653832
52441793
0.3
134154152
52441681
0.3
131854384
52441681
0.3
132049680
52441681
0.3
131909560
52441681
0.3
133582936
52441681
0.3
129437264
52441681
0.3
130692968
52441921
0.3
128043704
52441985
0.3
132655200
52441681
0.3
128572072
52441681
0.3
130024248
52441833
0.3
131797480
52441681
0.3
132180592
52441681
0.3
132391992
52441785
0.3
128008224
52441681
0.3
133573272
52441681
0.3
131409536
52441729
0.3
132983560
52441681
0.3
132382320
52441681
0.3
126589616
52441729
0.3
132099992
52441681
0.3
133042976
52441681
0.3
133248464
52441681
0.3
130975200
52441681
0.3
132292456
52441681
0.3
132493320
52441681
0.3
131807736
52441681
0.3
125232336
52441857
0.3
132861744
52441681
0.3
130192712
52441681
0.3
132449296
52441681
0.3
132224224
52441681
0.3
130677928
52441681
0.3
132837848
52441681
0.3
133253312
52441681
0.3
132213560
52441681
0.3
131562800
52441681
0.3
132396752
52441681
0.3
128648568
52441681
0.3
132321424
52441681
0.3
131383584
52441681
0.3
133564008
52441681
0.3
132310792
52441681
0.3
129411744
52442009
0.3
132006144
52441681
0.3
133085344
52441681
0.4
130909176
52441681
0.3
131163360
52441873
0.3
132133760
52441681
0.3
133488760
52441681
0.3
133076144
52441681
0.3
131120544
52441681
0.3
131121984
52441689
0.3
132343216
52441681
0.3
129031904
52441681
0.3
133651768
52441681
0.3
131775800
52441769
0.3
130719896
52441681
0.3
134517264
52441681
0.3
133309384
52441681
0.3
129662408
52441705
0.3
131472352
52441681
0.3
131339976
52441705
0.3
134124120
52441681
0.3
130487640
52441681
0.3
130964200
52441689
0.3
131828448
52441681
0.3
132064488
52441713
0.3
132774664
52441681
0.3
133043648
52441681
0.3
112679024
52444897
0.3
129725480
52441705
0.3
133566096
52441681
0.3
133629296
52441681
0.3
131205744
52441681
0.3
130202816
52441745
0.3
132514160
52441681
0.3
134073352
52441681
0.3
131059816
52441721
0.3
132326760
52441681
0.3
131981736
52441681
0.3
132021760
52441681
0.3
132619464
52441681
0.3
131904720
52441681
0.3
130513648
52441697
0.3
140992192
52442769
0.3
131526504
52441681
0.3
132205304
52441681
0.3
133165016
52441681
0.3
133243664
52441681
0.3
132835456
52441681
0.3
131909560
52441681
0.3
132779928
52441681
0.3
133135752
52441729
0.3
134380328
52441681
0.3
130518112
52441681
0.3
132714464
52441681
0.3
133000728
52441681
0.3
130562784
52441681
0.3
134166912
52441681
0.3
131613936
52441681
0.3
130574632
52441753
0.3
132879152
52441737
0.3
129750824
52441705
0.3
133031856
52441681
0.3
132034064
52441681
0.3
132387416
52441681
0.3
134261608
52441681
0.3
132106128
52441681
0.3
131710544
52441681
0.3
133901000
52441681
0.3
132974552
52441681
0.3
130649816
52441737
0.3
132563800
52441681
0.3
132136800
52441681
0.3
130510608
52441681
0.3
132227840
52441681
0.3
130564344
52441761
0.3
132673168
52441681
0.3
131254696
52441689
0.3
132689680
52441681
0.3
128767816
52441745
0.3
132347824
52441681
0.3
131332968
52441689
0.3
131592424
52441681
0.3
131545992
52441681
0.3
133333040
52441681
0.3
131566648
52441681
0.3
131951456
52441681
0.3
131041800
52441681
0.3
131264400
52441681
0.3
131680632
52441681
0.3
132063192
52441681
0.3
132763288
52441681
0.3
131607504
52441681
0.3
131767440
52441681
0.3
132987152
52441681
0.3
131293832
52441681
0.3
134178264
52441681
0.3
133415856
52441681
0.3
131915360
52441681
0.3
128087280
52441681
0.3
133103904
52441681
0.3
132390448
52441681
0.3
133163936
52441681
0.3
132720376
52441681
0.3
130525000
52441897
0.3
130941056
52441689
0.3
131368336
52441681
0.3
128528704
52441681
0.3
130149256
52442017
0.3
132361128
52441681
0.3
131922616
52441681
0.3
133602136
52441681
0.3
133424568
52441921
0.3
132221096
52441681
0.3
131283208
52441681
0.3
132974096
52441737
0.3
132479424
52441681
0.3
129912624
52441681
0.3
130212848
52441681
0.3
130671416
52441785
0.3
130625064
52441681
0.3
132290200
52441681
0.3
133280192
52441681
0.3
130663064
52441681
0.3
131574344
52441681
0.3
127630448
52441689
0.3
132227856
52441681
0.3
130431600
52441801
0.3
133775384
52441681
0.3
133906688
52441681
0.3
132748480
52441681
0.3
130927392
52442009
0.3
131753120
52441681
0.3
132678336
52441681
0.3
133026048
52441681
0.3
131993304
52441681
0.3
132613656
52441681
0.3
131476160
52441681
0.3
132370064
52441681
0.3
134347920
52441681
0.3
132598960
52441681
0.3
131681376
52441681
0.3
132556536
52441681
0.3
132847224
52441681
0.3
131067464
52441681
0.3
133504528
52441681
0.3
130527704
52441681
0.3
132299864
52441729
0.3
132868920
52441681
0.3
132398936
52441681
0.3
130874296
52441681
0.3
132887696
52441681
0.3
133638040
52441681
0.3
130124840
52441681
0.3
132166176
52441729
0.3
133344016
52441681
0.3
132468776
52441681
0.3
130798160
52441681
0.3
132472704
52441681
0.3
131944072
52441681
0.3
132848856
52441681
0.3
131497584
52441825
0.3
133395240
52441681
0.3
132200680
52441681
0.3
134075256
52441681
0.3
131167352
52441681
0.3
132990912
52441681
0.3
129845456
52441689
0.3
130859096
52441681
0.3
130302000
52441785
0.3
132524640
52441681
0.3
132841512
52441681
0.3
129709368
52441713
0.3
132851216
52441681
0.3
131822136
52441681
0.3
131625824
52441681
0.3
133544696
52441681
0.3
131648312
52441681
0.3
131885176
52441681
0.3
128855728
52441921
0.3
132108320
52441681
0.3
126215376
52442073
0.3
131422448
52441681
0.3
132960000
52441681
0.3
131963688
52441681
0.3
132488152
52441681
0.3
132329728
52441681
0.3
129835088
52441681
0.3
132612256
52441681
0.3
133799864
52441681
0.3
132481296
52441681
0.3
130218680
52441857
0.3
132923792
52441681
0.3
132701504
52441681
0.3
133752120
52441681
0.3
132175584
52441681
0.3
126819008
52441713
0.3
131554248
52441681
0.3
132886872
52441681
0.3
132114784
52441681
0.3
131485800
52441681
0.3
130015104
52441681
0.3
133297864
52441681
0.3
131388016
52441681
0.3
130109480
52441681
0.3
131744248
52441737
0.3
128477272
52441841
0.3
132649072
52441681
0.3
132305944
52441681
0.3
133044048
52441681
0.3
132975088
52441681
0.3
130542008
52441849
0.3
131593384
52441681
0.3
132018360
52441681
0.3
131990600
52441681
0.3
131667672
52441681
0.3
132943408
52441681
0.3
130979400
52441681
0.3
127606096
52441689
0.3
132202640
52441681
0.3
133007456
52441681
0.3
131201296
52441761
0.3
132678496
52441681
0.3
132689680
52441681
0.3
132757608
52441681
0.3
131667088
52441681
0.3
131335600
52441681
0.3
132539208
52441681
0.3
131058280
52441777
0.3
131931512
52441681
0.3
129444224
52441689
0.3
131058240
52441681
0.3
131809656
52441681
0.3
132010840
52441681
0.3
132832752
52441681
0.3
131201992
52441681
0.3
131971056
52441681
0.3
132875184
52441681
0.3
132749120
52441681
0.3
133272712
52441681
0.3
133722880
52441681
0.3
132516480
52441681
0.3
132055448
52441681
0.3
133388760
52441681
0.3
132863440
52441681
0.3
131258592
52441681
0.3
133516872
52441681
0.3
133039648
52441681
0.3
132110752
52441681
0.3
133713616
52441681
0.3
131633616
52441681
0.3
132005744
52441681
0.3
131294784
52441681
0.3
132467960
52441681
0.3
134432592
52441681
0.3
132648848
52441681
0.3
132425080
52441681
0.3
130819200
52441681
0.3
130161440
52441681
0.3
133438256
52441681
0.3
133687528
52441681
0.3
130825792
52441681
0.3
129451632
52441737
0.3
130224928
52441681
0.3
132062320
52441681
0.3
131288328
52441681
0.3
130915616
52441681
0.3
133890656
52441681
0.3
130647824
52441681
0.3
132248000
52441681
0.3
132685328
52441681
0.3
129200624
52441737
0.3
128347216
52441681
0.3
131110520
52441681
0.3
133081832
52441681
0.3
132449432
52441681
0.3
132280496
52441681
0.3
128974088
52441737
0.3
129256032
52441681
0.3
131829792
52441681
0.3
131422888
52441681
0.3
127040280
52441681
0.3
130365688
52441937
0.3
130653048
52442001
0.3
133071912
52441681
0.3
132379528
52441681
0.3
132602880
52441681
0.3
132394512
52441681
0.3
131582072
52441681
0.3
132374752
52441681
0.3
133220728
52441681
0.3
132978984
52441681
0.3
135223528
52441681
0.3
132704888
52441681
0.3
131140912
52441737
0.3
132664168
52441681
0.3
132247288
52441681
0.3
131629272
52441681
0.3
129865600
52441705
0.3
132402400
52441681
0.3
131274784
52441729
0.3
131528088
52441681
0.3
133107456
52441681
0.3
133030128
52441681
0.3
134180672
52441681
0.3
133198816
52441681
0.3
155538952
52443729
0.3
132539664
52441681
0.3
132336536
52441681
0.3
133181008
52441681
0.3
131842256
52441681
0.3
129808488
52441705
0.3
132575056
52441681
0.3
131217520
52441745
0.3
132223656
52441681
0.3
124817744
52442393
0.3
133251688
52441681
0.3
131201464
52441681
0.3
133997056
52441681
0.3
132667400
52441681
0.3
129745120
52441681
0.3
132351600
52441681
0.3
133672280
52441681
0.3
130947096
52441681
0.3
132771208
52441681
0.3
128931760
52441953
0.3
131503672
52441681
0.3
131369416
52441681
0.3
130568472
52441681
0.3
132966600
52441681
0.3
132606656
52441681
0.3
133586504
52441681
0.3
130870008
52441681
0.3
131183360
52441681
0.3
133014104
52441681
0.3
131019344
52441681
0.3
132670000
52441681
0.3
129813600
52441689
0.3
132529416
52441681
0.3
131956024
52441681
0.3
129919032
52441681
0.3
131634352
52441681
0.3
134605424
52441681
0.3
132132112
52441681
0.3
132911640
52441681
0.3
131768568
52441681
0.3
132073928
52441681
0.3
129228960
52441681
0.3
132191656
52441681
0.3
132912088
52441681
0.3
133437576
52441681
0.3
128983000
52441681
0.3
133201792
52441681
0.3
129551464
52442081
0.3
132502504
52441681
0.3
130009984
52441745
0.3
132128416
52441681
0.3
132517408
52441681
0.3
131466536
52441681
0.3
131117200
52441681
0.3
129509360
52441681
0.3
133604856
52441681
0.3
131906744
52441681
0.3
133171408
52441681
0.3
128903736
52441721
0.3
132820192
52441681
0.3
132103536
52441681
0.3
131424680
52441681
0.3
133614952
52441681
0.3
135125288
52441681
0.3
130453712
52441681
0.3
130464576
52441681
0.3
131929816
52441681
0.3
132598960
52441681
0.3
131863864
52441681
0.3
131030080
52441681
0.3
130752016
52441681
0.3
129927384
52441753
0.3
131218264
52441681
0.3
129323312
52441681
0.3
133201568
52441681
0.3
133016864
52441681
0.3
132545696
52441681
0.3
132127824
52441681
0.3
133920920
52441681
0.3
131601528
52441689
0.3
131396808
52441681
0.3
129604272
52441681
0.3
130770792
52441801
0.3
131210760
52441681
0.3
131633432
52441681
0.3
132248048
52441681
0.3
133588936
52441681
0.3
132940056
52441681
0.3
132749368
52441681
0.3
128811120
52442089
0.3
129583912
52441681
0.3
130990584
52441865
0.3
133128752
52441681
0.3
132932904
52441681
0.3
132648968
52441681
0.3
132709464
52441681
0.3
134148560
52441681
0.3
134471504
52441681
0.3
132346336
52441681
0.3
131761504
52441681
0.3
132741392
52441681
0.3
133304672
52441681
0.3
129443232
52441729
0.3
132350376
52441681
0.3
130543944
52441681
0.3
131661192
52441681
0.3
129924880
52441713
0.3
132320048
52441681
0.3
131560368
52441681
0.3
131133376
52441681
0.3
132859008
52441681
0.3
131880520
52441681
0.3
131343264
52441681
0.3
132585888
52441681
0.3
130421264
52441761
0.3
128877864
52441921
0.3
130769016
52441681
0.3
130035912
52441681
0.3
130336416
52441681
0.3
133534016
52441681
0.3
130178904
52441825
0.3
132115864
52441681
0.3
132508088
52441681
0.3
131852104
52441681
0.3
133383552
52441681
0.3
130707112
52441793
0.3
133785592
52441681
0.3
132586984
52441681
0.3
132292784
52441681
0.3
130367216
52441681
0.3
129581160
52441681
0.3
129344016
52441681
0.3
131758304
52441681
0.3
133437456
52441681
0.3
131776088
52442097
0.3
133668528
52441681
0.3
133982200
52441681
0.3
127681784
52441681
0.3
133013832
52441681
0.3
130016208
52441681
0.3
127863080
52441681
0.3
132558096
52441681
0.3
129271448
52441769
0.3
128940808
52441705
0.3
132896272
52441681
0.3
132987352
52441681
0.3
131383136
52441785
0.3
133484896
52441681
0.3
131904408
52441681
0.3
131890208
52441721
0.3
133156528
52441681
0.3
133191240
52441681
0.3
127975280
52441697
0.3
132192272
52442025
0.3
131181264
52441681
0.3
132094848
52441681
0.3
133151504
52442001
0.3
132698480
52441681
0.3
131930848
52441681
0.3
132754592
52441681
0.3
132074552
52441681
0.3
132735016
52441681
0.3
131423064
52441681
0.3
131951152
52441681
0.3
131656264
52441713
0.3
132961144
52441681
0.3
131904856
52441681
0.3
132532448
52441681
0.3
132972544
52441681
0.3
133008192
52441681
0.3
133523176
52441681
0.3
132758384
52441681
0.3
133725744
52441681
0.3
128824288
52441721
0.3
133375400
52441681
0.3
131135264
52441681
0.3
129667912
52441737
0.3
133198400
52441681
0.3
132488024
52441681
0.3
130827104
52441681
0.3
132997736
52441681
0.3
132935680
52441681
0.3
132114984
52441681
0.3
128980016
52441681
0.3
132807040
52441681
0.3
131892520
52441681
0.3
132635920
52441681
0.3
130680832
52441833
0.3
128588712
52442345
0.3
132520432
52441681
0.3
132562232
52441681
0.3
132908392
52441681
0.3
132484504
52441681
0.3
129673464
52441681
0.3
130551832
52441729
0.3
130834920
52442137
0.3
132508720
52441681
0.3
129840784
52441681
0.3
132027992
52441681
0.3
133793192
52441681
0.3
128459312
52441713
0.3
130637208
52441681
0.3
87728080
52448545
0.3
131000864
52441745
0.3
133211408
52441681
0.3
131422272
52441681
0.3
128155056
52441681
0.3
133006752
52441681
0.3
130667728
52441681
0.3
133034440
52441681
0.3
128041184
52441729
0.3
131815232
52441681
0.3
131126712
52441769
0.3
132761672
52441681
0.3
134426904
52441681
0.3
132674784
52441681
0.3
133204376
52441681
0.3
131433896
52441753
0.3
129128592
52441937
0.3
129642688
52441681
0.3
134268736
52441681
0.3
133116720
52441681
0.3
133280520
52441681
0.3
132935888
52441681
0.3
131650352
52441681
0.3
127878488
52441809
0.3
132764752
52441681
0.3
130593512
52441681
0.3
130368248
52441745
0.3
133018456
52441681
0.3
131680808
52441681
0.3
133248416
52441681
0.3
132301032
52441681
0.3
133068776
52441681
0.3
132307448
52441681
0.3
133991464
52441681
0.3
133196216
52441681
0.3
132757520
52441681
0.3
133115024
52441681
0.3
131947440
52441681
0.3
132145336
52441681
0.3
129952536
52441681
0.3
133294952
52441681
0.3
133133848
52441681
0.3
132942408
52441681
0.3
133334992
52441681
0.3
131576376
52441681
0.3
132363976
52441681
0.3
129362400
52441729
0.3
133355728
52441681
0.3
133608368
52441681
0.3
130690328
52441721
0.3
131414400
52441681
0.3
133364192
52441681
0.3
132031104
52441681
0.3
130529624
52441681
0.3
131601872
52441681
0.3
133059272
52441681
0.3
130050568
52441713
0.3
129785144
52441681
0.3
132827600
52441681
0.3
133226480
52441681
0.3
132951496
52441681
0.3
128759344
52441793
0.3
129640520
52441681
0.3
151592424
52443833
0.3
129000272
52441761
0.3
129243896
52442153
0.4
124045200
52442521
0.3
133300928
52441681
0.3
130058088
52441681
0.3
130175824
52441697
0.3
133543288
52441681
0.3
132941600
52441681
0.3
130184208
52441801
0.3
132621944
52441681
0.3
130509728
52441801
0.3
131438352
52441865
0.3
132623856
52441681
0.3
132749576
52441681
0.3
133757456
52441681
0.3
132706320
52441681
0.3
133519336
52441681
0.3
132234352
52441681
0.3
132671184
52441681
0.3
130844056
52441705
0.3
132698416
52441681
0.3
133627336
52441681
0.3
133264072
52441681
0.3
132073224
52441681
0.3
132751848
52441681
0.3
130802856
52441681
0.3
131890576
52441713
0.3
131232776
52441697
0.3
130446864
52441713
0.3
129123520
52441721
0.3
133049072
52441681
0.3
133056760
52441681
0.3
134384168
52441681
0.3
132163720
52441681
0.3
133456528
52441681
0.3
130877384
52441689
0.3
131806072
52441681
0.3
130612344
52441729
0.3
132588800
52441681
0.3
133242976
52441681
0.3
131580992
52441865
0.3
128843744
52441825
0.3
134023520
52441681
0.3
131378512
52441681
0.3
132706048
52441681
0.3
132402064
52441681
0.3
133661232
52441681
0.3
132030008
52441681
0.3
133544872
52441681
0.3
130318400
52441681
0.3
132165976
52441681
0.3
129228504
52441721
0.3
131030696
52441785
0.3
131760928
52441681
0.3
131821064
52441681
0.3
131569464
52441737
0.3
131222112
52441681
0.3
132613432
52441681
0.3
133299856
52441681
0.3
132034936
52441681
0.3
128878496
52441793
0.3
130604504
52441793
0.3
129930304
52441681
0.3
131749848
52441681
0.3
130662784
52441745
0.3
131789064
52441681
0.3
130580304
52441689
0.3
131454224
52441681
0.3
131975336
52441681
0.3
131958312
52441681
0.3
133525104
52441681
0.3
130837224
52441681
0.3
130243376
52441713
0.3
133868088
52441681
0.3
132877096
52441681
0.3
130957888
52441681
0.3
132131264
52441849
0.3
130451904
52441681
0.3
133577344
52441681
0.3
131967448
52441681
0.3
132849656
52441681
0.3
132742584
52441681
0.3
131673864
52441681
0.3
132037056
52441681
0.3
131649168
52441681
0.3
131961848
52441681
0.3
133216080
52441681
0.3
133001776
52441681
0.3
129551200
52441889
0.3
132821072
52441681
0.3
134021168
52441681
0.3
130543968
52441697
0.3
131981736
52441737
0.3
133278184
52441681
0.3
130201616
52441681
0.3
134402584
52441681
0.3
132059168
52441681
0.3
133517400
52441681
0.3
131986584
52441681
0.3
129660032
52441681
0.3
130289280
52441801
0.3
131339176
52441681
0.3
132529232
52441681
0.3
131720744
52441681
0.3
132308776
52441681
0.3
129205208
52441689
0.3
131893312
52442001
0.3
131433832
52441681
0.3
134027688
52441681
0.3
131656576
52441681
0.3
132833048
52441681
0.3
133286456
52441681
0.3
131073592
52441681
0.3
131907768
52441681
0.3
130723888
52441681
0.3
132817656
52441681
0.3
133456656
52441681
0.3
128670904
52441785
0.3
119863904
52443809
0.3
133016976
52441681
0.3
132897168
52441681
0.3
132187112
52441681
0.3
130697656
52441681
0.3
132775464
52441681
0.3
129595768
52441681
0.3
133105784
52441681
0.3
132255856
52441681
0.3
130707320
52441681
0.3
131846944
52441681
0.3
131038800
52442009
0.3
132895112
52441681
0.3
132696200
52441681
0.3
130177936
52441721
0.3
131645960
52441681
0.3
130151976
52441681
0.3
131469840
52441681
0.3
133969680
52441681
0.3
131132568
52441681
0.3
127923528
52441841
0.3
129655264
52441681
0.3
131626512
52441681
0.3
131146184
52441681
0.3
131302728
52441681
0.3
133064632
52441681
0.3
131411920
52441681
0.3
131954864
52441681
0.3
132044320
52441681
0.3
127227576
52441681
0.3
130589096
52441681
0.3
132557024
52441681
0.3
128816264
52442073
0.3
133440384
52441681
0.3
131230472
52441713
0.3
131305536
52441721
0.3
133165672
52441681
0.3
134340840
52441681
0.3
132397568
52441681
0.3
131837168
52441681
0.3
131734776
52441689
0.3
126933464
52441689
0.3
130961080
52441713
0.3
133022336
52441681
0.3
131854664
52441857
0.3
133068112
52441681
0.3
132560720
52441681
0.3
131151280
52441681
0.3
131961360
52441681
0.3
134255392
52441681
0.3
132761392
52441681
0.3
131323512
52441681
0.3
132310760
52441681
0.3
133049040
52441681
0.3
132708776
52441681
0.3
131725360
52441681
0.3
131216952
52441689
0.3
133964016
52441681
0.3
131929864
52441681
0.3
132530568
52441681
0.3
129269920
52441729
0.3
133118184
52441681
0.3
132297256
52441681
0.3
133686768
52441681
0.3
131687424
52441681
0.3
133906640
52441681
0.3
131967656
52441681
0.3
133399656
52441681
0.3
130407304
52441705
0.3
131428680
52441681
0.3
131705088
52441681
0.3
130105784
52441745
0.3
133436352
52441681
0.3
132975904
52441681
0.3
133267272
52441681
0.3
132244624
52441681
0.3
133119928
52441681
0.3
131844176
52441681
0.3
128863936
52441737
0.3
134244816
52441681
0.3
132175328
52441681
0.3
132198840
52441681
0.3
132566920
52441681
0.3
131234056
52441681
0.3
129816440
52441849
0.3
132814632
52441681
0.3
133043840
52441681
0.3
129826888
52441681
0.3
133867392
52441681
0.3
131742856
52441681
0.3
132886312
52441681
0.3
128869952
52441969
0.3
132299088
52441697
0.3
133537824
52441681
0.3
130639000
52441681
0.3
133653480
52441713
0.3
134029128
52441681
0.3
129839944
52441681
0.3
133376072
52441681
0.3
132812160
52441681
0.3
131735928
52442209
0.3
130875384
52441681
0.3
129810896
52441689
0.3
131898232
52441681
0.3
131651136
52441681
0.3
132272024
52441681
0.3
132367272
52441681
0.3
131875320
52441681
0.3
130072240
52441681
0.3
130082680
52441681
0.3
134040688
52441681
0.3
129410224
52442233
0.3
132968448
52441681
0.3
134002088
52441681
0.3
131517496
52441681
0.3
130613856
52441713
0.3
131656392
52441681
0.3
128738424
52441769
0.3
132356160
52441681
0.3
132603456
52441681
0.3
130380520
52441753
0.3
132978016
52441681
0.3
131586680
52441681
0.3
131413328
52441681
0.3
131705608
52441681
0.3
131906816
52441681
0.3
129488616
52441713
0.3
131923592
52441681
0.3
130723624
52441713
0.3
133954088
52441681
0.3
132970968
52441681
0.3
132047488
52441681
0.3
131960600
52441745
0.3
132440648
52441681
0.3
132676688
52441681
0.3
132432384
52441681
0.3
132176096
52441681
0.3
132579312
52441681
0.3
131109632
52441705
0.3
132081632
52441681
0.3
128234952
52441769
0.3
128049592
52442705
0.3
132611512
52441681
0.3
133088104
52441681
0.3
130233336
52441881
0.3
132200240
52441681
0.3
131490176
52441681
0.3
132009232
52441681
0.3
133063296
52441681
0.3
130132848
52441737
0.3
133107880
52441681
0.3
132167184
52441681
0.3
133634072
52441681
0.3
131219720
52441681
0.3
132044608
52441681
0.3
133537992
52441681
0.3
133235192
52441681
0.3
128158960
52441681
0.3
134481408
52441681
0.3
133395848
52441681
0.3
129517352
52441681
0.3
132062008
52441681
0.3
131318648
52441681
0.3
133034760
52441681
0.3
133844992
52441681
0.3
133024184
52441681
0.3
130494656
52441681
0.3
132190200
52441681
0.3
131419880
52441681
0.3
133576872
52441681
0.3
131231096
52441969
0.3
130609432
52441681
0.3
132603560
52441681
0.3
129250656
52441681
0.3
132062472
52441681
0.3
133098328
52441681
0.3
131360224
52441681
0.3
127376000
52441745
0.3
132983376
52441681
0.3
132609344
52441681
0.3
131782216
52441913
0.3
131680240
52441681
0.3
132785272
52441681
0.3
132145224
52441681
0.3
131352264
52441681
0.3
133386944
52441681
0.3
133057696
52441681
0.3
132625976
52441681
0.3
132660080
52441681
0.3
131678952
52441681
0.3
128132944
52441801
0.3
130323232
52441681
0.3
132711320
52441681
0.3
130999480
52441681
0.3
133470336
52441681
0.3
131920472
52441769
0.3
128753256
52442121
0.3
132735744
52441681
0.3
132637840
52441681
0.3
132292584
52441681
0.3
132070440
52441681
0.3
132341736
52441713
0.3
131933728
52441681
0.3
128221136
52441681
0.3
129134712
52441681
0.3
132574896
52441681
0.3
133498888
52441681
0.3
133191240
52441681
0.3
133120576
52441681
0.3
132419392
52441681
0.3
130147560
52441681
0.3
130623168
52441777
0.3
120148904
52443553
0.3
131918272
52441681
0.3
132194872
52441681
0.3
132959128
52441681
0.3
129453688
52442273
0.3
130962176
52441681
0.3
132574832
52441681
0.3
133172944
52441681
0.3
132404368
52441681
0.3
129546608
52441681
0.3
130201280
52442073
0.3
132428024
52441801
0.3
133573016
52441745
0.3
176217928
52448857
0.3
131691464
52441681
0.3
133354312
52441681
0.3
129400080
52441705
0.3
131920000
52441681
0.3
131996720
52441681
0.3
132836432
52441681
0.3
131696928
52441681
0.3
133104832
52441681
0.3
122695360
52442649
0.3
128078536
52441793
0.3
129594648
52441785
0.3
131356920
52441681
0.3
131050448
52441681
0.3
134040824
52441681
0.3
133952424
52441681
0.3
132186488
52441681
0.3
133316872
52441681
0.3
132143736
52441681
0.3
133544320
52441681
0.3
133469792
52441681
0.3
65383744
52452729
0.3
126480248
52442049
0.3
128279096
52441745
0.3
129813864
52441745
0.3
132115760
52441681
0.3
129811752
52441833
0.3
132823176
52441681
0.3
131730728
52441681
0.3
132099832
52441681
0.3
130723376
52441681
0.3
132464704
52441681
0.3
129485120
52441777
0.3
131048544
52441681
0.3
131127904
52441793
