aes128-ctr+hmac-md5
1000
08/28/18
0.4
119617728
52442425
0.2
116905152
52443121
0.2
101827936
52450689
0.3
60277872
52452561
0.2
84096328
52449665
0.3
63358816
52452409
0.3
62840384
52452369
0.3
62767944
52452361
0.2
112537208
52447217
0.2
118804664
52448137
0.2
116490480
52451929
0.3
72763960
52450585
0.2
60938640
52452409
0.2
117920864
52448145
0.2
100706816
52446065
0.3
62076904
52452297
0.2
66211488
52452089
0.3
100547392
52445841
0.3
63204904
52452273
0.3
61428080
52452577
0.3
59820064
52452585
0.3
63530624
52452361
0.2
60856616
52452633
0.3
61726216
52452577
0.2
119638072
52442769
0.2
62832736
52452289
0.3
68050016
52451433
0.3
61683720
52452625
0.3
105135680
52443473
0.3
122905880
52443617
0.2
62220512
52452393
0.3
90057128
52449633
0.2
124341568
52445537
0.3
62960536
52452313
0.2
126693064
52443233
0.3
104463960
52443945
0.2
99382240
52445825
0.2
105000696
52445577
0.2
119580992
52442569
0.2
115752552
52443545
0.3
119952056
52442825
0.2
133109464
52446097
0.2
62614160
52452057
0.3
74321184
52451937
0.3
72717040
52450985
0.2
115072672
52442537
0.3
61267376
52452649
0.3
63524776
52452385
0.2
104721848
52446297
0.2
119496632
52442465
0.2
79867528
52450249
0.3
61749824
52452553
0.2
121464432
52446305
0.2
121083920
52442041
0.3
60655752
52452521
0.2
108004448
52445265
0.2
120332800
52442313
0.2
95563896
52449001
0.2
89004808
52449233
0.2
63416280
52452393
0.2
79763160
52450433
0.3
63338016
52452337
0.2
68115824
52451345
0.3
60814152
52452617
0.3
60096048
52452553
0.3
63669816
52452377
0.2
117396184
52445497
0.3
63110864
52452393
0.2
113571288
52446257
0.2
98600200
52448049
0.2
76340048
52450953
0.2
76127464
52451169
0.2
87066680
52448457
0.2
63548240
52452369
0.3
63519440
52452353
0.3
118589520
52444169
0.3
91793888
52447257
0.3
67611304
52451841
0.2
122453448
52442321
0.3
116095816
52442929
0.2
83893904
52448985
0.3
63104608
52452385
0.3
99331400
52446961
0.2
63650304
52452377
0.3
62603656
52452569
0.2
113476720
52449417
0.2
119643992
52444689
0.2
62390816
52452593
0.3
63202128
52452353
0.2
79999768
52449521
0.2
107864728
52449321
0.2
110959016
52452401
0.2
108277968
52449137
0.3
61348144
52452409
0.3
60566688
52452665
0.2
122785632
52447841
0.2
123771688
52442417
0.2
102743464
52446009
0.3
61345504
52452601
0.3
120118936
52445649
0.2
132483168
52444865
0.3
73642208
52450177
0.2
112479424
52443321
0.2
114394328
52446713
0.2
113194600
52448241
0.3
71925992
52451273
0.3
60086008
52452593
0.2
115907928
52442809
0.2
118425184
52443369
0.2
165914504
52448753
0.3
66814216
52452057
0.2
118894320
52442601
0.2
62254296
52452425
0.3
64329400
52452273
0.2
62179384
52452529
0.2
61151448
52452561
0.3
74091328
52450145
0.3
60819056
52452585
0.3
61820504
52452585
0.2
61141984
52452417
0.3
61822320
52452553
0.2
62114480
52452353
0.2
114052200
52445521
0.3
100222504
52445601
0.2
114306760
52444657
0.2
122104528
52444857
0.2
93788232
52447329
0.3
62312280
52452337
0.2
85310752
52448849
0.2
62061280
52452353
0.2
118670304
52443201
0.3
123351344
52441681
0.2
92947136
52447361
0.3
61839616
52452569
0.3
63507296
52452297
0.2
96120208
52447489
0.2
95574656
52446977
0.2
113107600
52447209
0.3
62508856
52452425
0.2
111202600
52445473
0.2
63318808
52452233
0.3
63648240
52451961
0.2
149506088
52451073
0.3
60474240
52452553
0.2
65516000
52452105
0.3
62855032
52452273
0.3
61024032
52452433
0.2
61563544
52452353
0.3
71776496
52450273
0.3
63770880
52452385
0.3
61413696
52452529
0.3
68232784
52451473
0.2
117032176
52445969
0.3
126793848
52443041
0.2
121072312
52445393
0.2
117908856
52442489
0.2
110687984
52444081
0.3
115962864
52442985
0.3
61765224
52452513
0.3
60192448
52452553
0.2
114623232
52442881
0.3
62689344
52452257
0.2
63085184
52452321
0.3
61444760
52452473
0.2
119924720
52445361
0.2
112484144
52447057
0.3
61468392
52452569
0.2
123606160
52445361
0.3
142355792
52450713
0.2
62816544
52452313
0.3
113004720
52443681
0.3
123006880
52441681
0.2
88523656
52447689
0.3
90589488
52447809
0.2
99688696
52445881
0.3
78536000
52450737
0.3
61462576
52452593
0.2
113300776
52444953
0.2
80778656
52450289
0.2
116491808
52442993
0.2
61209296
52452401
0.3
60908440
52452449
0.2
62323728
52452337
0.3
87665856
52448001
0.2
61530936
52452385
0.3
63036448
52452617
0.2
67153992
52452329
0.3
62904160
52452345
0.2
62995096
52452409
0.2
88255400
52448689
0.2
74446624
52451145
0.3
61208800
52452617
0.2
120468608
52451105
0.2
90617184
52447825
0.2
94269816
52446769
0.3
90080984
52451481
0.3
109249008
52446569
0.2
95387336
52452241
0.3
89036880
52448257
0.2
104276872
52445753
0.2
63174832
52452257
0.3
125697096
52444881
0.2
62002384
52452481
0.2
80149728
52449849
0.2
60884328
52452409
0.3
111201904
52446369
0.2
62065888
52452465
0.3
73475208
52450089
0.2
119629616
52443625
0.3
62388488
52452569
0.2
136737008
52451345
0.3
61284232
52452361
0.2
61714592
52452425
0.2
108143064
52446617
0.2
60938016
52452513
0.3
62135352
52452417
0.3
62017496
52452281
0.2
102617296
52445313
0.2
84823016
52450329
0.2
78581872
52450785
0.3
63616448
52451961
0.2
62212568
52452401
0.3
74283160
52450225
0.3
62632632
52452345
0.3
92925320
52446577
0.2
129469216
52443393
0.2
78985112
52449713
0.3
74167168
52449993
0.2
118375344
52442417
0.2
91527584
52447209
0.3
127883096
52448873
0.3
63094144
52452497
0.3
62045112
52452593
0.3
61629344
52452425
0.3
62574960
52452497
0.3
61304360
52452561
0.3
60304256
52452569
0.3
61417976
52452593
0.2
139752368
52451593
0.2
62534448
52452433
0.2
113967176
52443137
0.2
90233088
52449921
0.2
79415080
52449753
0.2
61346336
52452569
0.3
60191184
52452601
0.3
61365120
52452529
0.2
115175552
52445297
0.3
61550824
52452481
0.2
103974200
52447969
0.2
63105784
52452329
0.2
61617480
52452465
0.3
60700648
52452529
0.2
84590424
52449609
0.2
90916000
52446289
0.3
60927376
52452585
0.2
61527824
52452409
0.3
94934472
52446825
0.3
61650520
52452409
0.2
98452008
52447281
0.3
60636888
52452609
0.2
65368184
52451409
0.3
61375800
52452585
0.3
60556208
52452633
0.3
61523416
52452473
0.3
61729920
52452545
0.2
63015464
52452385
0.2
89849144
52447689
0.2
117848744
52442241
0.2
61767112
52452329
0.2
77872528
52450785
0.2
90984720
52448113
0.2
94700144
52448185
0.3
115352880
52443617
0.3
124645248
52449201
0.2
119941168
52442641
0.3
122565888
52441681
0.2
124911952
52450705
0.2
62357728
52452377
0.2
116977736
52451985
0.2
79794816
52452001
0.2
118205544
52442537
0.3
63863336
52452233
0.3
117310536
52442577
0.3
92086376
52449553
0.2
73939864
52450473
0.3
62571976
52452401
0.3
64099504
52452297
0.2
105285808
52446281
0.2
89177256
52447705
0.2
126545344
52443105
0.2
111640120
52445577
0.3
62212848
52452497
0.2
62754600
52452425
0.3
60937456
52452537
0.3
63558624
52452673
0.2
93668200
52447057
0.2
92253560
52446705
0.3
119791600
52443897
0.2
77547648
52450321
0.3
69292928
52451209
0.2
110625824
52446593
0.2
139841184
52445657
0.3
61129936
52452505
0.3
124423240
52441681
0.2
121831352
52442577
0.3
61199560
52452369
0.2
66835456
52451777
0.2
60770912
52452649
0.2
97432288
52447033
0.3
90559000
52449497
0.2
74405584
52451257
0.3
61768128
52452433
0.2
139975672
52446289
0.3
61729464
52452521
0.2
80987624
52450401
0.3
61072288
52452489
0.2
61959344
52452385
0.2
100918656
52446241
0.2
101615752
52447097
0.2
114487184
52451297
0.3
61967456
52452481
0.3
115975112
52443937
0.2
119910656
52443585
0.3
61989888
52452305
0.2
94885824
52448737
0.3
59795536
52452617
0.2
61466416
52452505
0.3
60890008
52452585
0.3
88249232
52447665
0.3
119827392
52441681
0.2
127626552
52450617
0.2
72919400
52450705
0.2
62243344
52452369
0.2
112527504
52446289
0.2
62531168
52452369
0.3
68698336
52451393
0.2
64869056
52452225
0.3
86314120
52449745
0.2
92719536
52447481
0.3
61412616
52452481
0.2
78143312
52449753
0.3
61452032
52452569
0.2
119176256
52441729
0.2
117377056
52443529
0.3
61608256
52452633
0.3
61462824
52452465
0.3
60686520
52452625
0.3
66873840
52451505
0.3
60498064
52452609
0.2
91323008
52447801
0.3
61453808
52452409
0.2
62470488
52452417
0.3
61967264
52452569
0.3
120319680
52441681
0.3
61048008
52452561
0.3
120065288
52441681
0.2
62614216
52452369
0.3
67256792
52452401
0.3
69605168
52451497
0.3
124038656
52446065
0.4
123928112
52441681
0.2
101705936
52445785
0.2
115998728
52442297
0.2
118185560
52444577
0.3
61783248
52452641
0.2
115645040
52444241
0.2
120518024
52442249
0.3
61722448
52452481
0.2
116188776
52446249
0.3
64212336
52452409
0.3
61509672
52452545
0.3
61778080
52452409
0.3
61385320
52452569
0.2
99430336
52446321
0.2
122388536
52442897
0.3
69281184
52451705
0.2
62867552
52452385
0.2
88439616
52448033
0.2
128833744
52445681
0.3
60693672
52452569
0.2
150280120
52447497
0.2
114570776
52447465
0.2
122128064
52442257
0.2
95257576
52446713
0.2
108091848
52447521
0.2
102740496
52445457
0.2
116996432
52442073
0.2
62258288
52452385
0.3
60482144
52452505
0.3
61301552
52452609
0.3
62743320
52452209
0.3
121276952
52441681
0.2
117821192
52442161
0.2
102583224
52445249
0.3
65526512
52452353
0.2
109593224
52451889
0.2
109214288
52445705
0.3
61336856
52452537
0.3
62174320
52452329
0.2
130380632
52444585
0.2
102825904
52445209
0.3
81594568
52449353
0.3
85703736
52450273
0.2
100663584
52446777
0.3
73525344
52450001
0.2
109712432
52444217
0.2
109258616
52444233
0.3
62463040
52452489
0.2
111848992
52445905
0.3
74105960
52450921
0.2
62282976
52452369
0.2
117730248
52443145
0.2
106733712
52445649
0.3
124655872
52451441
0.3
62430768
52452385
0.2
102284152
52445609
0.2
119612808
52441681
0.3
60618256
52452609
0.3
62289800
52452457
0.3
61153512
52452033
0.3
62999776
52452257
0.3
97478144
52445937
0.3
65365640
52452105
0.3
124010568
52441681
0.2
62367720
52452361
0.3
60982672
52452633
0.3
121453408
52441681
0.2
84696760
52448105
0.2
91726568
52446961
0.2
95495312
52446657
0.3
63098584
52452305
0.3
61382064
52452617
0.2
61427840
52452593
0.2
63246936
52452337
0.3
65586728
52452089
0.2
119435728
52441841
0.2
61828016
52452385
0.2
71832912
52451233
0.3
72987056
52450049
0.2
112745480
52444417
0.3
62462088
52452665
0.3
65178960
52452545
0.2
61674952
52451921
0.3
61838168
52452345
0.3
166558440
52449993
0.3
82334944
52448809
0.3
61144456
52452649
0.3
61486624
52452577
0.2
121521760
52443129
0.3
65104024
52451929
0.2
61317800
52452457
0.2
60398664
52452561
0.2
118604808
52446385
0.3
60945384
52452529
0.3
63672752
52452337
0.2
96603400
52446585
0.2
119645168
52445665
0.2
103885408
52446633
0.2
62694312
52452369
0.2
114433952
52443841
0.3
60500008
52452545
0.3
62789920
52452409
0.2
105537184
52444329
0.2
119909688
52443817
0.3
61402664
52452441
0.2
97422208
52446609
0.2
78378784
52449705
0.3
64113200
52452401
0.3
61018824
52452529
0.2
131629632
52446201
0.3
69813496
52452009
0.2
75195152
52450497
0.3
80393048
52448801
0.3
89733720
52448033
0.2
110264144
52451505
0.3
81637136
52449937
0.2
118466544
52446849
0.2
118894672
52442761
0.3
61933656
52452505
0.3
62232592
52452321
0.3
94175656
52446753
0.3
63094248
52452073
0.3
62740656
52452377
0.2
62994104
52452393
0.2
63240272
52451985
0.3
72514344
52450417
0.2
110023816
52451569
0.3
61995336
52452393
0.2
121256152
52447625
0.2
100405976
52445833
0.3
104886144
52443745
0.3
60620368
52452393
0.3
60045328
52452601
0.2
99839696
52446873
0.2
117489088
52442489
0.2
90870528
52452233
0.3
84129512
52449473
0.2
62883976
52452209
0.3
63981184
52452385
0.2
113724064
52444465
0.2
99096544
52445585
0.3
62104376
52452473
0.2
165287720
52449233
0.3
61587184
52452585
0.2
62982856
52452361
0.2
79186928
52449345
0.2
61524456
52452553
0.3
113351288
52445465
0.3
114735456
52443289
0.3
60969904
52452585
0.3
62393688
52452361
0.2
60519304
52452553
0.3
93573376
52446409
0.2
116351992
52443033
0.3
60979880
52452417
0.3
97579104
52446537
0.2
102227792
52446249
0.3
115432240
52442657
0.3
60545992
52452513
0.3
125572248
52448569
0.3
62920704
52452329
0.2
62656552
52451865
0.3
63145464
52452361
0.2
97091528
52446521
0.3
62236456
52452393
0.2
118461088
52442937
0.3
65191160
52452153
0.3
136164176
52444497
0.2
120492472
52442905
0.2
63214816
52452369
0.2
86210056
52448625
0.2
78224288
52449265
0.2
61204000
52452553
0.2
118093440
52446761
0.3
61725248
52452401
0.2
80990912
52449377
0.3
62309232
52451937
0.2
75102352
52451289
0.3
63449032
52452313
0.2
94940552
52448441
0.2
78809936
52449881
0.3
62528552
52452377
0.2
67935120
52451689
0.2
62313920
52452401
0.3
61098480
52452569
0.2
98407024
52447473
0.2
119678744
52442393
0.2
72997848
52452425
0.2
136999600
52444321
0.3
70002520
52451209
0.3
60577672
52452521
0.3
62933024
52452385
0.3
62825888
52452385
0.3
61609376
52452401
0.3
85019600
52448929
0.3
61884400
52452521
0.2
100828096
52446689
0.2
86635808
52449825
0.3
62621560
52452361
0.2
100951064
52447473
0.3
63421944
52452329
0.2
116657384
52443057
0.2
107897544
52443521
0.2
113286936
52442897
0.2
128831592
52443433
0.3
61666360
52452513
0.2
78387424
52450097
0.3
124095232
52441681
0.3
64524624
52452305
0.2
62048000
52452433
0.3
61276024
52452593
0.3
62075472
52452593
0.2
87071752
52448145
0.2
117887680
52442113
0.2
95358288
52447937
0.2
78144520
52451161
0.3
60575920
52452489
0.3
59576832
52452585
0.2
144250376
52451537
0.2
63458816
52452033
0.3
60474536
52452505
0.2
96833120
52446385
0.3
60948168
52452553
0.2
118748160
52443641
0.3
73647784
52450241
0.2
62272664
52452489
0.3
109528648
52443329
0.2
109034240
52444945
0.3
60589736
52452417
0.2
118744328
52447161
0.2
126816688
52444985
0.2
98167832
52446273
0.3
63284288
52452217
0.2
119055792
52447489
0.3
62782856
52452473
0.3
69753712
52451369
0.2
96655320
52446801
0.2
114734600
52442953
0.2
62831128
52452385
0.3
60416768
52452553
0.3
61850496
52452473
0.3
77249368
52450713
0.3
116274744
52441681
0.2
90703424
52448777
0.3
142666416
52446265
0.2
117802400
52445097
0.2
122555048
52442017
0.2
80725216
52450201
0.2
96928104
52448241
0.2
61127408
52452569
0.2
113527608
52448969
0.3
119662120
52444761
0.3
74191336
52449657
0.2
156438120
52449169
0.3
60603552
52452497
0.3
62592128
52452561
0.3
78008320
52451145
0.2
137098056
52448625
0.2
61907856
52452401
0.3
61856976
52452577
0.3
61185848
52452577
0.2
63099344
52452441
0.2
157912080
52449657
0.2
63019744
52452393
0.3
62284344
52452417
0.2
61316240
52452329
0.3
62930472
52452385
0.3
62333488
52452625
0.2
77964248
52449729
0.2
116207504
52442593
0.2
76355600
52450617
0.2
127385224
52443785
0.3
59799736
52452649
0.2
106628096
52446201
0.3
61087040
52452569
0.3
115426152
52443649
0.3
71899216
52451601
0.3
61037264
52452617
0.3
75916416
52449577
0.2
60566816
52452513
0.3
75075152
52449777
0.2
118514016
52442361
0.3
63243432
52452385
0.2
121046456
52442161
0.2
121637712
52442193
0.3
61370008
52452577
0.2
63405896
52452401
0.3
77589008
52449257
0.2
122160864
52443825
0.3
61285104
52452473
0.2
61768320
52452025
0.2
84981560
52448865
0.3
64253272
52452145
0.2
102014096
52446009
0.3
74857232
52450937
0.2
61212864
52452449
0.2
116462416
52443105
0.2
116727864
52445153
0.3
108943856
52445961
0.2
86894784
52448193
0.3
62874152
52452289
0.3
61292184
52452521
0.3
62516496
52452249
0.2
118481056
52442233
0.3
62526480
52452361
0.2
60953824
52452537
0.3
63977152
52452273
0.3
71735784
52452009
0.3
60319696
52452585
0.2
142978088
52447681
0.2
61922304
52452441
0.3
109844520
52443601
0.2
61929360
52452385
0.3
92923904
52447833
0.3
113443488
52443313
0.3
62221872
52452553
0.2
119085056
52445505
0.2
77200808
52452561
0.2
62326360
52452441
0.3
61876480
52452513
0.3
107989984
52447153
0.3
61406912
52452529
0.2
127435488
52451665
0.3
114550912
52442753
0.2
127566464
52445049
0.2
61799400
52452409
0.2
96404968
52446665
0.2
100052008
52446641
0.2
62695712
52452385
0.3
119820848
52441897
0.3
98215856
52445545
0.2
97331944
52449505
0.2
113484832
52446657
0.3
74462336
52450097
0.2
95345392
52447337
0.3
60538976
52452601
0.2
98950496
52449233
0.2
62866624
52452401
0.2
148225464
52449225
0.2
144905176
52449097
0.3
61636712
52452441
0.2
78166736
52449657
0.3
64088960
52452369
0.2
121359592
52448945
0.3
59797664
52452609
0.3
73806976
52450097
0.2
100342416
52446657
0.2
157571448
52451041
0.3
63356192
52452217
0.2
96030536
52447609
0.2
118735832
52448185
0.2
74040096
52450377
0.3
62654416
52452513
0.2
63084080
52452337
0.2
108803264
52445665
0.2
117552704
52442313
0.2
78127384
52449585
0.2
117662104
52442201
0.2
69291360
52451961
0.2
86371880
52448641
0.2
61629200
52452521
0.2
78482896
52451753
0.3
63655640
52452209
0.3
61289448
52452673
0.3
62837208
52452241
0.2
118947216
52441681
0.2
125621272
52445617
0.2
115077528
52446073
0.2
78361336
52449793
0.2
96268256
52446177
0.3
62858480
52452185
0.3
62763480
52452401
0.2
63187360
52452329
0.2
72186096
52451417
0.3
72950856
52450433
0.2
90502224
52447457
0.2
77766848
52450337
0.2
62679024
52452329
0.3
89506072
52449425
0.3
60857280
52452457
0.2
62823504
52452297
0.2
62353400
52452425
0.3
60595720
52452569
0.2
61931936
52452425
0.3
121829496
52441681
0.2
88336720
52448649
0.3
61074728
52452665
0.3
62129832
52452489
0.3
61309832
52452529
0.3
61857904
52452289
0.2
117096040
52443129
0.3
83600488
52449001
0.2
118383512
52442729
0.3
61483224
52452561
0.3
63427296
52452425
0.3
61606288
52452321
0.3
61572248
52452673
0.2
118457392
52443697
0.2
98410184
52446769
0.2
61445384
52452337
0.3
62001360
52452505
0.2
62322384
52452409
0.2
63058544
52452289
0.2
117943936
52450217
0.2
81849840
52449529
0.3
61128488
52452585
0.3
62286952
52451889
0.3
61456176
52452313
0.3
61308184
52452433
0.3
73477024
52450353
0.2
91148912
52450745
0.2
79000392
52449297
0.3
60088488
52452617
0.2
133134152
52444121
0.2
105012400
52444353
0.2
61161944
52452537
0.2
117713184
52443577
0.3
61135624
52452617
0.3
60598024
52452569
0.2
111313792
52447529
0.3
61275400
52452473
0.2
104190096
52447105
0.3
61618848
52452345
0.2
63578096
52452593
0.3
60941616
52452457
0.2
60401760
52452609
0.2
96097736
52447017
0.2
115369800
52443929
0.2
61886984
52452425
0.3
61477248
52452593
0.3
61153712
52452505
0.3
71144640
52450833
0.2
60626768
52452561
0.3
61138096
52452497
0.2
112813776
52446649
0.3
64243960
52452337
0.2
75453320
52450281
0.2
84716808
52449825
0.2
105278520
52445497
0.3
61191352
52452529
0.3
60756920
52452521
0.2
93164240
52447329
0.3
60887912
52452577
0.3
62421904
52452337
0.3
61107752
52452601
0.2
62968504
52452369
0.3
63028376
52452393
0.3
60129928
52452553
0.2
73915760
52451201
0.2
75567792
52450121
0.2
61645456
52452385
0.3
61947576
52452433
0.3
61497528
52452601
0.2
115418560
52443561
0.2
95284336
52446753
0.2
84275504
52450089
0.3
61486912
52452393
0.2
62620080
52452441
0.3
61198920
52452609
0.2
88901624
52447777
0.3
62694944
52452321
0.2
117371888
52442273
0.3
61531048
52452521
0.2
119411136
52442001
0.3
63749168
52452249
0.2
61861992
52452497
0.2
118891928
52443185
0.2
97515776
52446225
0.2
63197424
52452417
0.3
60881984
52452665
0.2
121125600
52442361
0.2
62042016
52452401
0.2
60148192
52452649
0.2
61448808
52452401
0.2
63209256
52452353
0.3
66789224
52451961
0.2
85783520
52452265
0.3
82614096
52448937
0.2
99847696
52445929
0.2
120463440
52441729
0.3
61629208
52452553
0.2
119574816
52443545
0.2
73320272
52450777
0.3
112567008
52443809
0.3
61612584
52452553
0.3
60635488
52452617
0.2
73762224
52450809
0.2
88928248
52448617
0.2
124845520
52442273
0.2
153973968
52451369
0.3
119948312
52442065
0.3
73256960
52451873
0.3
61643384
52452513
0.3
67529328
52451737
0.2
102600056
52449817
0.3
61651144
52452385
0.2
60748280
52452481
0.3
126253672
52441681
0.2
99650480
52445721
0.3
61386096
52452273
0.2
61718328
52452457
0.3
60761600
52452665
0.2
118435536
52441745
0.3
61748840
52452553
0.2
62463968
52452465
0.3
97674536
52446057
0.3
60634048
52452521
0.2
119444672
52442905
0.3
123791512
52441681
0.2
62390944
52451825
0.3
103868576
52443329
0.3
123305376
52441681
0.2
61345056
52452537
0.2
99176504
52446049
0.3
61620120
52452593
0.2
131807544
52443481
0.3
60868480
52452585
0.2
63855576
52452169
0.2
121145192
52451265
0.2
114900824
52447241
0.2
155129376
52447713
0.2
122529576
52445337
0.2
62470320
52452337
0.3
61189856
52452465
0.2
106391568
52446945
0.3
62444568
52452569
0.2
107953920
52446929
0.2
62022832
52452585
0.3
60947808
52452633
0.2
100832400
52449489
0.3
118543784
52446073
0.3
124725752
52441681
0.3
77774000
52449593
0.3
62027584
52452521
0.3
61811928
52452641
0.3
114862744
52442849
0.3
60174488
52452657
0.2
64781592
52452097
0.2
116345056
52449801
0.2
105484096
52446897
0.2
109379976
52446425
0.3
111171312
52443121
0.3
67327600
52451777
0.3
63443816
52452337
0.2
119280968
52443001
0.3
61231728
52452649
0.3
65157560
52452529
0.3
62478464
52452297
0.2
101683856
52446513
0.2
62501400
52452473
0.2
93533984
52448129
0.2
91673352
52447817
0.2
116317416
52444449
0.2
155954312
52450465
0.2
105223592
52445249
0.3
62212864
52452449
0.3
73059192
52449521
0.3
75474816
52449809
0.3
62712656
52452337
0.2
121017656
52443449
0.3
115469136
52444441
0.3
61823472
52452505
0.3
62850152
52452433
0.2
127690968
52451097
0.2
61885064
52452337
0.3
60420040
52452601
0.2
94759728
52447025
0.3
61603600
52452529
0.2
107631224
52445137
0.3
61215200
52452569
0.2
74203392
52450489
0.3
125845120
52442641
0.3
62246448
52452337
0.2
90085280
52447153
0.3
131038424
52450233
0.2
147585648
52450889
0.2
130860456
52443529
0.2
62914912
52452361
0.2
104242216
52444849
0.2
106220112
52447609
0.3
61710776
52452657
0.2
77611304
52450665
0.3
60632280
52452601
0.2
93020504
52447081
0.3
59918608
52452665
0.2
96820504
52446081
0.3
61803776
52452537
0.2
115172656
52451737
0.2
61958072
52452361
0.2
102893424
52447129
0.2
111209056
52445697
0.2
110923128
52446521
0.3
62460424
52451777
0.3
73138720
52450617
0.3
61675080
52452489
0.2
132037536
52444457
0.2
90486680
52447401
0.2
95665472
52446289
0.3
76491904
52450177
0.3
62319792
52452345
0.2
114123616
52446857
0.2
96524064
52446633
0.2
118142840
52449505
0.3
64376528
52452321
0.3
107043808
52446417
0.3
61139240
52452505
0.2
115450992
52443337
0.3
122893792
52441681
0.3
60835488
52452553
0.3
123621712
52441953
0.3
62772232
52452337
0.2
60567024
52452505
0.3
63371600
52452345
0.3
61522600
52452521
0.3
60980448
52452673
0.3
61051488
52452505
0.2
112702824
52446945
0.3
62133928
52452513
0.2
86791632
52448353
0.2
110603024
52446657
0.3
61178272
52452521
0.3
61364544
52452609
0.2
94989920
52447561
0.2
104193872
52446281
0.2
94991128
52446401
0.2
87473008
52449585
0.2
132338848
52447953
0.2
111029520
52443969
0.3
61143440
52452601
0.2
65090120
52452337
0.2
119622992
52446113
0.3
118823896
52442265
0.3
68448464
52450929
0.2
64780992
52452041
0.3
61815536
52452385
0.3
61207432
52452569
0.3
83828984
52452585
0.3
121031360
52443449
0.2
141700424
52446209
0.3
62493208
52452401
