aes256-ctr+hmac-sha2-512
1000
08/28/18
0.3
72916080
52451497
0.3
62009800
52452513
0.3
62779344
52452497
0.3
119974544
52446665
0.3
61237960
52452553
0.3
62314320
52452489
0.3
70447640
52451113
0.3
61210248
52452609
0.3
62696744
52452553
0.3
115571136
52448249
0.3
61699832
52452505
0.3
78960744
52451457
0.3
128710592
52451073
0.3
61652568
52452561
0.3
60753584
52452585
0.3
65954040
52452625
0.3
61113104
52452489
0.3
60271384
52452721
0.3
61537184
52452617
0.3
61639840
52452641
0.3
61192312
52452417
0.3
60935200
52452609
0.3
61285176
52452593
0.3
63023160
52452585
0.3
60937648
52452545
0.3
68501640
52452505
0.3
70379536
52451537
0.3
60974656
52452585
0.3
62882192
52452417
0.3
61606776
52452673
0.3
73292144
52451913
0.3
60879168
52452553
0.3
61662432
52452537
0.3
61172760
52452649
0.3
61933240
52452585
0.3
60657576
52452617
0.3
94081952
52450249
0.3
60284200
52452705
0.3
80799968
52451641
0.3
61859112
52452577
0.3
61919200
52452633
0.3
61394680
52452513
0.3
68109976
52452289
0.3
61652456
52452577
0.3
83873856
52449937
0.3
61534280
52452617
0.3
113541576
52443617
0.3
60568576
52452761
0.3
60691696
52452649
0.3
60945896
52452665
0.3
60238672
52452649
0.3
61443888
52452537
0.3
62698352
52452505
0.3
67912576
52451489
0.3
60983392
52452753
0.3
60192792
52452497
0.3
61399944
52452553
0.3
60992848
52452601
0.3
60671600
52452761
0.3
98863064
52449041
0.3
61508064
52452473
0.3
60827128
52452721
0.3
125845688
52445921
0.3
61696080
52452553
0.3
60737072
52452641
0.3
61232248
52452585
0.3
92780728
52448265
0.3
60555624
52452609
0.3
60635656
52452705
0.3
98915504
52449409
0.3
60869784
52452545
0.3
88130000
52451225
0.3
62066424
52452521
0.3
74296600
52450273
0.3
61819720
52452617
0.3
61227792
52452617
0.3
61219552
52452641
0.3
60872288
52452617
0.3
109448664
52451657
0.3
84042144
52449497
0.3
65774328
52451801
0.3
72932640
52450345
0.3
80423592
52450009
0.3
62342224
52452505
0.3
62880952
52452649
0.3
62100568
52452593
0.3
73695960
52450201
0.3
75814000
52449537
0.3
79126256
52448969
0.3
62186144
52452601
0.3
61092888
52452609
0.3
72467120
52451713
0.3
61504080
52452529
0.3
62300944
52452545
0.3
62065888
52452481
0.3
60678464
52452449
0.3
61655512
52452545
0.3
60729936
52452649
0.3
69447536
52452273
0.3
114440816
52451633
0.3
61828304
52452481
0.3
60628144
52452649
0.3
59988256
52452625
0.3
77619336
52450249
0.3
60401264
52452673
0.3
60743208
52452641
0.3
67482800
52452057
0.3
72823056
52449921
0.3
67351536
52451753
0.3
61475760
52452553
0.3
67112336
52451809
0.3
61677336
52452537
0.3
62562016
52452441
0.3
93314248
52449601
0.3
63188520
52452177
0.3
117435792
52450225
0.3
60940360
52452601
0.3
60343784
52452681
0.3
60557248
52452681
0.3
107717080
52448329
0.3
60991104
52452633
0.3
61449456
52452593
0.3
61068768
52452609
0.3
61552040
52452473
0.3
115982400
52443713
0.3
61521328
52452433
0.3
60658328
52452529
0.3
59976448
52452617
0.3
60279440
52452665
0.3
61499088
52452609
0.3
75725552
52450017
0.3
104833200
52447041
0.3
61529464
52452649
0.3
85587920
52450025
0.3
60661856
52452545
0.3
72615888
52451705
0.3
60445384
52452553
0.3
75859568
52450209
0.3
61694624
52452537
0.3
60903032
52452681
0.3
63317928
52452265
0.3
109983120
52444953
0.3
60565432
52452593
0.3
62690744
52452489
0.3
73669880
52451209
0.3
61312640
52452465
0.3
60844576
52452665
0.3
63561816
52452297
0.3
81401368
52449761
0.3
97585544
52450321
0.3
60536608
52452641
0.3
116960888
52448553
0.3
61619096
52452393
0.3
60626056
52452609
0.3
60510760
52452665
0.3
69070048
52452641
0.3
62401040
52452561
0.3
61298904
52452657
0.3
62121256
52452521
0.3
91557576
52449297
0.3
91335888
52449009
0.3
61278936
52452657
0.3
73366968
52450561
0.3
61360160
52452449
0.3
86971344
52451281
0.3
61262552
52452601
0.3
60711656
52452665
0.3
72254056
52451969
0.3
61243232
52452609
0.3
61788112
52452489
0.3
60055552
52452617
0.3
118774688
52444993
0.3
61102440
52452521
0.3
62651424
52452465
0.3
61352360
52452585
0.3
60902608
52452585
0.3
72951648
52450169
0.3
114620072
52446497
0.3
61049136
52452473
0.3
85091264
52448121
0.3
61953160
52452441
0.3
61406256
52452633
0.3
62235152
52452561
0.3
60792736
52452673
0.3
79287016
52450369
0.3
60874720
52452665
0.3
61450072
52452601
0.3
62320528
52452569
0.3
64344264
52452601
0.3
61418744
52452561
0.3
60666400
52452633
0.3
62208840
52452169
0.3
102435072
52450081
0.3
86289904
52447025
0.3
61114360
52452641
0.3
62973736
52452481
0.3
67406112
52452377
0.3
61593304
52452641
0.3
62485584
52452465
0.3
61474368
52452641
0.3
61876208
52452673
0.3
61004088
52452633
0.3
60891344
52452537
0.3
63270456
52452449
0.3
60870992
52452777
0.3
60630864
52452537
0.3
61849504
52452481
0.3
61647448
52452489
0.3
60095192
52452649
0.3
63634200
52452409
0.3
61462416
52452545
0.3
63658712
52452473
0.3
60471744
52452561
0.3
62462912
52452489
0.3
85363160
52449089
0.3
91518312
52447905
0.3
79195856
52451001
0.3
60866224
52452673
0.3
78270600
52451537
0.3
61203672
52452641
0.3
60585584
52452665
0.3
77152504
52451217
0.3
97238080
52447905
0.3
60849136
52452625
0.3
63143656
52452033
0.3
65397264
52451881
0.3
88137136
52448209
0.3
61677296
52452553
0.3
92628112
52447377
0.3
60831352
52452577
0.3
60531304
52452777
0.3
61578376
52452625
0.3
62614816
52452441
0.3
60798440
52452641
0.3
75552216
52451969
0.3
62424232
52452609
0.3
61960848
52452513
0.3
123281656
52441681
0.3
120850592
52441937
0.3
60910488
52452649
0.3
62808760
52452441
0.3
111526600
52450409
0.3
98725528
52445281
0.3
60244104
52452737
0.3
72544096
52451057
0.3
61549032
52452545
0.3
79499864
52449881
0.3
61328088
52452609
0.3
60013856
52452649
0.3
62119720
52452369
0.3
67466096
52452169
0.3
60232864
52452577
0.3
62487176
52452713
0.3
60310944
52452553
0.3
100764696
52445873
0.3
61924112
52452601
0.3
71533896
52451737
0.3
73143112
52452041
0.3
110007208
52447817
0.3
93701584
52450153
0.3
77905544
52450753
0.3
60976768
52452593
0.3
61377240
52452673
0.3
79665464
52450105
0.3
62077752
52452529
0.3
60520904
52452657
0.3
63212128
52452449
0.3
71551704
52450209
0.3
70032008
52451633
0.3
94767272
52445417
0.3
60722344
52452689
0.3
61076432
52452585
0.3
60554328
52452769
0.3
61598408
52452649
0.3
88223464
52447961
0.3
89739664
52451081
0.3
69173232
52451449
0.3
61296912
52452633
0.3
61258192
52452585
0.3
90971856
52448473
0.3
86255056
52450785
0.3
62006544
52452625
0.3
61711848
52452529
0.3
107243144
52446553
0.3
60920624
52452561
0.3
61269032
52452521
0.3
61987336
52452585
0.3
61894248
52452553
0.3
62633056
52452529
0.3
61249576
52452569
0.3
61389352
52452745
0.3
109786920
52449209
0.3
60433744
52452569
0.3
61375056
52452617
0.3
61152512
52452641
0.3
61929200
52452561
0.3
127262536
52445425
0.3
77000576
52451617
0.3
70944656
52450593
0.3
73807336
52450441
0.3
60787472
52452609
0.3
76339784
52449689
0.3
121396152
52452521
0.3
61600320
52452545
0.3
72406376
52451833
0.3
62556376
52452449
0.3
62111528
52452457
0.3
61589504
52452657
0.3
64113976
52452553
0.3
61843928
52452385
0.3
61369520
52452601
0.3
61960856
52452529
0.3
62758648
52452353
0.3
61368344
52452585
0.3
67466664
52451833
0.3
62939824
52452521
0.3
85391248
52450761
0.3
62542656
52452481
0.3
61531824
52452641
0.3
75444824
52449273
0.3
71082488
52450681
0.3
61138264
52452489
0.3
78305792
52450441
0.3
70762624
52451889
0.3
101289040
52449113
0.3
71902648
52451041
0.3
62393592
52452457
0.3
61281280
52452561
0.3
61570880
52452641
0.3
106642568
52448273
0.3
61452896
52452649
0.3
61146168
52452601
0.3
85757320
52450137
0.3
87915016
52448801
0.3
60797744
52452561
0.3
62665128
52452513
0.3
119954392
52441681
0.3
61061800
52452617
0.3
68981056
52451953
0.3
62350920
52452441
0.3
61707584
52452537
0.3
60644024
52452753
0.3
61182048
52452657
0.3
61965560
52452753
0.3
62176824
52452593
0.3
69629216
52452409
0.3
62387784
52452593
0.3
63007096
52452553
0.3
65587104
52452281
0.3
60826784
52452585
0.3
62666424
52452513
0.3
74240920
52450129
0.3
60998920
52452721
0.3
60850944
52452545
0.3
60940400
52452649
0.3
94627896
52446129
0.3
61125144
52452505
0.3
105389464
52447977
0.3
60896424
52452585
0.3
61879696
52452553
0.3
62977056
52452345
0.3
62255832
52452513
0.3
60269528
52452505
0.3
61066928
52452513
0.3
63361480
52452129
0.3
60956704
52452513
0.3
66304648
52452505
0.3
60575728
52452601
0.3
61441432
52452689
0.3
62326952
52452457
0.3
92166192
52451049
0.3
81017184
52450433
0.3
101909176
52446961
0.3
61574224
52452617
0.3
60666944
52452649
0.3
112771592
52443729
0.3
60562400
52452649
0.3
102224472
52449481
0.3
66728376
52451977
0.3
70208272
52451753
0.3
61546568
52452553
0.3
60525664
52452609
0.3
61098760
52452577
0.3
103671696
52446185
0.3
61742448
52452521
0.3
61495560
52452649
0.3
111435752
52447177
0.3
60748832
52452577
0.3
62320944
52452625
0.3
60317216
52452617
0.3
61738968
52452593
0.3
61009376
52452721
0.3
61694400
52452585
0.3
62346968
52452425
0.3
64100560
52452441
0.3
60197320
52452641
0.3
60920008
52452745
0.3
60874032
52452649
0.3
78729296
52449337
0.3
61592440
52452561
0.3
61013336
52452601
0.3
60958640
52452553
0.3
86806784
52450977
0.3
63191288
52452561
0.3
75472008
52451353
0.3
61513344
52452617
0.3
98535064
52450297
0.3
61775728
52452409
0.3
125087504
52445897
0.3
86189920
52450169
0.3
59748376
52452593
0.3
61605432
52452609
0.3
60913872
52452777
0.3
61525024
52452561
0.3
71673248
52450465
0.3
61555264
52452673
0.3
74628032
52451241
0.3
88338528
52450761
0.3
68222472
52452065
0.3
62035592
52452545
0.3
92234888
52448145
0.3
63026792
52452529
0.3
60791560
52452553
0.3
80716200
52449849
0.3
62367280
52452577
0.3
112748032
52448881
0.3
95378912
52446897
0.3
59882896
52452657
0.3
62719208
52452473
0.3
65275192
52452537
0.3
61508104
52452017
0.3
86701616
52450209
0.3
62211328
52452561
0.3
62138144
52452593
0.3
61042744
52452537
0.3
119815744
52442441
0.3
88818664
52449569
0.3
86956544
52447505
0.3
61103736
52452513
0.3
124155240
52441681
0.3
70383200
52450185
0.3
61779360
52452545
0.3
81106176
52451145
0.3
73797360
52450417
0.3
61596808
52452769
0.3
61307136
52452649
0.3
100850624
52445673
0.3
60944736
52452561
0.3
61506408
52452601
0.3
62066200
52452577
0.3
70764912
52451641
0.3
61216936
52452409
0.4
126202088
52441681
0.3
60469640
52452729
0.3
60517112
52452529
0.3
71909888
52450545
0.3
89179560
52450657
0.3
71792744
52451617
0.3
62113568
52452457
0.3
60214520
52452609
0.3
62254352
52452625
0.3
61147664
52452545
0.3
119209328
52447937
0.3
62097808
52452689
0.3
72133168
52450577
0.3
62268904
52452337
0.3
60994352
52452497
0.3
62687344
52452473
0.3
122782192
52448353
0.3
60480024
52452713
0.3
61619128
52452537
0.3
81986048
52452489
0.3
60768816
52452641
0.3
84845984
52448513
0.3
60653744
52452809
0.3
60973712
52452673
0.3
60936832
52452641
0.3
62230248
52452401
0.3
61740304
52452601
0.3
74370336
52450033
0.3
60449576
52452553
0.3
60105760
52452577
0.3
123464000
52446489
0.3
101637296
52450705
0.3
62984224
52452577
0.3
60183200
52452657
0.3
61248640
52452561
0.3
60172592
52452641
0.3
62458632
52452513
0.3
74932592
52450121
0.3
62291976
52452593
0.3
61227848
52452625
0.3
60855968
52452705
0.3
111892328
52447089
0.3
72939440
52450393
0.3
62437632
52452481
0.3
61824056
52452625
0.3
62517184
52452513
0.3
61204056
52452641
0.3
62089720
52452537
0.3
60433528
52452705
0.3
62262432
52452489
0.3
62062392
52452481
0.3
74404440
52450529
0.3
118141056
52442761
0.3
61976072
52452521
0.3
61032288
52452569
0.3
62660720
52452393
0.3
68116032
52452169
0.3
60705760
52452649
0.3
61417904
52452561
0.3
70630040
52451729
0.3
89423152
52449337
0.3
63527296
52452177
0.3
62058784
52452593
0.3
89284952
52449049
0.3
63018792
52452401
0.3
61268288
52452633
0.3
60575952
52452609
0.3
62718192
52452057
0.3
73449440
52451081
0.3
61791272
52452625
0.3
61815616
52452473
0.3
62042008
52452553
0.3
60980328
52452585
0.3
59928032
52452793
0.3
73304472
52452065
0.3
60501232
52452633
0.3
66551040
52451977
0.3
116612808
52451689
0.3
61252488
52452585
0.3
72292320
52451713
0.3
60625184
52452521
0.3
84219888
52450321
0.3
62893440
52451865
0.3
91800816
52450713
0.2
61593288
52452673
0.3
66805672
52452545
0.3
60630256
52452665
0.3
62213856
52452577
0.3
60912536
52452513
0.3
61575976
52452649
0.3
121213696
52445081
0.3
73314200
52450433
0.3
61986144
52452569
0.3
60678680
52452521
0.3
71537048
52450553
0.3
126269496
52446657
0.3
60976432
52452633
0.3
60673256
52452577
0.3
61103760
52452505
0.3
61755152
52452481
0.3
61307064
52452657
0.3
61962560
52452489
0.3
60426200
52452649
0.3
60793352
52452537
0.3
88182984
52451825
0.3
64363288
52452217
0.3
59992824
52452617
0.3
86027944
52447593
0.3
61496096
52452449
0.3
61325552
52452641
0.3
60322112
52452657
0.3
60639856
52452761
0.3
71940752
52450441
0.3
101736736
52446241
0.3
76804344
52451809
0.3
91569008
52448401
0.3
61790000
52452489
0.3
61175784
52452625
0.3
69130512
52451817
0.3
88118688
52451481
0.3
113777720
52446217
0.3
61076872
52452513
0.3
60991968
52452729
0.3
61148200
52452537
0.3
59856000
52452673
0.3
61258088
52452553
0.3
61610120
52452673
0.3
61795224
52452521
0.3
61347728
52452657
0.3
61605928
52452497
0.3
71911216
52450337
0.3
62972736
52452177
0.3
114878504
52447361
0.3
62334664
52452529
0.3
61488560
52452665
0.3
61150472
52452593
0.3
61499896
52452609
0.3
60458400
52452529
0.3
60689088
52452625
0.3
79985976
52451385
0.3
61141968
52452673
0.3
61089896
52452545
0.3
61459552
52452545
0.3
60888864
52452601
0.3
61293344
52452689
0.2
104372736
52448897
0.3
60173384
52452609
0.3
62153704
52452657
0.3
99975576
52450049
0.3
79593280
52451713
0.3
62178528
52452473
0.3
106953280
52447393
0.3
60038752
52452633
0.3
102895304
52449321
0.3
115702688
52447177
0.3
103641352
52447697
0.3
74201976
52450241
0.3
60904600
52452649
0.3
61774248
52452625
0.3
62727720
52452361
0.3
123470336
52446393
0.3
61140728
52452633
0.3
61707064
52452537
0.3
127060480
52446401
0.3
62819928
52452537
0.3
101081048
52449505
0.3
61539840
52452521
0.3
62127872
52452577
0.3
62445464
52452353
0.3
113022288
52443713
0.3
61375160
52452465
0.3
111629544
52451217
0.3
62378096
52452441
0.3
74591096
52450385
0.3
62011512
52452585
0.3
61483080
52452537
0.3
80939920
52450617
0.3
72702080
52450505
0.3
67149032
52452521
0.3
62515544
52452545
0.3
109864528
52443137
0.3
61111712
52452561
0.3
100214168
52445809
0.3
61316168
52452641
0.3
61576496
52452681
0.3
106777896
52448969
0.3
88193728
52447513
0.3
61626000
52452505
0.3
70718952
52450689
0.3
61191048
52452673
0.3
124643960
52450369
0.3
103676888
52448273
0.3
59646600
52452665
0.3
61715976
52452545
0.3
108704288
52444449
0.3
61424512
52452705
0.3
112895968
52450017
0.3
60347544
52452641
0.3
60631872
52452561
0.3
93833688
52451593
0.3
62725384
52452617
0.3
61461760
52452577
0.3
109244944
52448593
0.3
118775200
52443937
0.3
61111712
52452665
0.3
62423584
52452529
0.3
89984312
52449889
0.3
61582456
52452649
0.3
61820472
52452705
0.3
61557312
52452553
0.3
61588784
52452481
0.3
70405552
52451777
0.3
77797920
52449937
0.3
60621696
52452697
0.3
61356696
52452521
0.3
61682144
52452609
0.3
62355248
52452513
0.3
61069672
52452625
0.3
61835760
52452713
0.3
61976304
52452353
0.3
61122016
52452681
0.3
61410496
52452697
0.3
61200248
52452617
0.3
61013400
52452465
0.3
60450048
52452585
0.3
60399608
52452577
0.3
69951040
52451297
0.3
62171584
52452529
0.3
80526240
52451241
0.3
62112272
52452577
0.3
61376224
52452577
0.3
60826624
52452633
0.3
60788168
52452529
0.3
96729504
52446801
0.3
61035976
52452529
0.3
75217248
52451977
0.3
62039960
52452561
0.3
119241080
52446865
0.3
62111832
52452585
0.3
120723504
52446417
0.3
60556736
52452665
0.3
63164808
52452225
0.3
66222176
52452601
0.3
60536584
52452609
0.3
61378800
52452625
0.3
61015184
52452497
0.3
103406960
52449617
0.3
60847208
52452601
0.3
60807552
52452577
0.3
73759960
52450105
0.3
131427400
52448841
0.3
62363208
52452561
0.3
72600872
52451065
0.3
60648360
52452585
0.3
88995272
52447793
0.3
61237432
52452569
0.3
60866784
52452729
0.3
61389536
52452521
0.3
61606856
52452545
0.3
83747952
52447489
0.3
61867512
52452513
0.3
61686776
52452649
0.3
60374768
52452633
0.3
60838008
52452673
0.3
120689976
52441681
0.3
86135664
52449193
0.3
113858216
52446385
0.3
61114712
52452577
0.3
67162632
52451369
0.3
61908568
52452609
0.3
64592376
52452249
0.3
69076880
52452097
0.3
61075168
52452529
0.3
100111768
52448705
0.3
60639872
52452641
0.3
61617248
52452537
0.3
60386344
52452665
0.3
61577816
52452449
0.3
60239320
52452649
0.3
61196632
52452673
0.3
84469800
52451337
0.3
61178792
52452585
0.3
61293792
52452593
0.3
85457432
52451097
0.3
60775656
52452545
0.3
73899928
52451777
0.3
59474256
52452905
0.3
60949632
52452633
0.3
60660624
52452689
0.3
77978152
52450681
0.3
77282552
52449801
0.3
60399456
52452585
0.3
60537168
52452729
0.3
61714352
52452593
0.3
124295112
52447953
0.3
62882584
52452497
0.3
61476448
52452617
0.3
84019152
52449969
0.3
61602936
52452601
0.3
60613232
52452641
0.3
60760920
52452777
0.3
64011328
52452001
0.3
60581800
52452617
0.3
61657640
52452497
0.3
60773912
52452569
0.3
61629648
52452601
0.3
71851584
52451425
0.3
62022968
52452577
0.3
62088872
52452601
0.3
60630792
52452641
0.3
60786616
52452537
0.3
61703344
52452553
0.3
114795896
52445649
0.3
67364376
52452369
0.3
82398520
52449377
0.3
62150592
52452425
0.3
61475840
52452537
0.3
60377440
52452641
0.3
61223936
52452689
0.3
60974192
52452609
0.3
97031656
52448713
0.3
61228512
52452665
0.3
75431528
52451985
0.3
82964296
52452249
0.3
61345720
52452513
0.3
60790072
52452497
0.3
66188112
52451193
0.3
61929552
52452497
0.3
75155672
52452025
0.3
60964176
52452553
0.3
60403912
52452649
0.3
61104960
52452489
0.3
61494872
52452609
0.3
61303728
52452625
0.3
62485952
52452545
0.3
61497944
52452633
0.3
107084056
52449969
0.3
61053760
52452601
0.3
76672296
52451649
0.3
61235352
52452553
0.3
61594368
52452689
0.3
104162936
52447481
0.3
61877928
52452625
0.3
61714080
52452433
0.3
61267368
52452601
0.3
61110216
52452553
0.3
60434760
52452617
0.3
62896736
52452385
0.3
60342104
52452705
0.3
81341584
52449353
0.3
62692864
52452561
0.3
72012200
52452129
0.3
106204824
52447569
0.3
60897272
52452537
0.3
60624368
52452561
0.3
78314264
52449729
0.3
64335888
52452577
0.3
61079768
52452521
0.3
112505480
52447985
0.3
60871360
52452585
0.3
72367464
52450753
0.3
60253976
52452609
0.3
60705648
52452601
0.3
61008648
52452617
0.3
60703400
52452609
0.3
60751400
52452609
0.3
61229784
52452529
0.3
60185944
52452737
0.3
98530952
52446425
0.3
82353000
52451145
0.3
61516264
52452521
0.3
60829976
52452513
0.3
66234480
52452609
0.3
108613720
52449009
0.3
61202192
52452593
0.3
60213952
52452673
0.3
60053328
52452617
0.3
61441360
52452609
0.3
70910168
52452361
0.3
101651160
52448945
0.3
66375232
52452657
0.3
103385936
52448961
0.3
60705392
52452665
0.3
62350512
52452537
0.3
61770336
52452513
0.3
78304336
52451761
0.3
60826200
52452689
0.3
61961776
52452289
0.3
72843168
52451489
0.3
71833080
52450489
0.3
62391272
52452401
0.3
91480360
52446145
0.3
98934232
52449865
0.3
109805448
52445721
0.3
60661920
52452729
0.3
60593576
52452609
0.3
60858048
52452721
0.3
101124008
52448801
0.3
96433608
52448201
0.3
62064600
52452521
0.3
61564696
52452601
0.3
78104496
52451089
0.3
60332800
52452657
0.3
60534264
52452697
0.3
79893008
52450185
0.3
61098312
52452561
0.3
71784352
52452121
0.3
62141280
52452585
0.3
104188528
52447337
0.3
62318472
52452553
0.3
61673888
52452609
0.3
65996904
52452329
0.3
90095144
52449081
0.3
70682072
52451041
0.3
117976768
52444665
0.3
61253008
52452529
0.3
61382984
52452561
0.3
95934432
52449577
0.3
60400968
52452705
0.3
69528536
52452297
0.3
63461336
52452617
0.3
62565200
52452553
0.3
60623048
52452641
0.3
63678392
52452529
0.3
62140376
52452521
0.3
60131528
52452617
0.3
61634928
52452601
0.3
61434536
52452577
0.3
61051704
52452577
0.3
60592704
52452617
0.3
115398920
52446689
0.3
61052240
52452617
0.3
60743256
52452617
0.3
62807296
52452529
0.3
90865032
52447577
0.3
82131464
52450769
0.3
76260824
52451137
0.3
110278288
52452209
0.3
62369512
52452649
0.3
62335368
52452529
0.3
68734496
52451753
0.3
60997864
52452529
0.3
115137384
52447353
0.3
88761536
52448689
0.3
60933160
52452433
0.3
61578368
52452705
0.3
60867960
52452489
0.3
61843440
52452449
0.3
60874632
52452697
0.3
89013448
52450625
0.3
73336296
52451353
0.3
61768184
52452465
0.3
60788960
52452577
0.3
62195728
52452545
0.3
101293248
52449769
0.3
117420056
52448425
0.3
61467960
52452569
0.3
75055384
52451697
0.3
60575808
52452673
0.3
147182944
52450945
0.3
124347240
52445825
0.3
62052800
52452561
0.3
69607336
52451137
0.3
60469144
52452617
0.3
60487104
52452625
0.3
60570400
52452649
0.3
60403048
52452641
0.3
62470416
52452681
0.3
66300808
52451513
0.3
61046200
52452753
0.3
71867240
52451041
0.3
68974536
52452057
0.3
60365264
52452049
0.3
60946840
52452609
0.3
61294856
52452585
0.3
60968864
52452641
0.3
62486696
52452537
0.3
59678912
52452729
0.3
59978584
52452649
0.3
62409296
52452369
0.3
60743024
52452641
0.3
60925992
52452505
0.3
71792072
52451561
0.3
62175536
52452545
0.3
62961704
52452401
0.3
61098136
52452561
0.3
106557256
52446929
0.3
117406496
52446489
0.3
60996976
52452505
0.3
77789168
52451137
0.3
60986096
52452665
0.3
60259016
52452665
0.3
61939320
52452633
0.3
99826584
52449921
0.3
62592192
52452465
0.3
61336608
52452425
0.3
60076944
52452593
0.3
59893680
52452705
0.3
69188816
52451881
0.3
61230344
52452601
0.3
103320080
52448145
0.3
73489848
52450545
0.3
61022288
52452649
0.3
110231320
52448897
0.3
61607664
52452521
0.3
61626768
52452737
0.3
66572160
52452321
0.3
61239992
52452617
0.3
61172144
52452689
0.3
60432520
52452609
0.3
60928688
52452561
0.3
61506896
52452617
0.3
69268584
52452105
0.3
61727656
52452617
0.3
63238496
52452481
0.3
61118560
52452665
0.3
60524832
52452665
0.3
60681680
52452625
0.3
60872280
52452553
0.3
60387912
52452553
0.3
71836992
52450681
0.3
60124536
52452649
0.3
81092912
52451481
0.3
60198728
52452601
0.3
62155424
52452489
0.3
62593416
52452569
0.3
60432512
52452673
0.3
60694760
52452681
0.3
60802896
52452673
0.3
63990360
52452537
0.3
67092536
52451537
0.3
109878656
52449073
0.3
60979400
52452537
0.3
63935976
52452073
0.3
60204392
52452769
0.3
72268296
52451417
0.3
61276712
52452177
0.3
60783768
52452561
0.3
60210352
52452729
0.3
65237696
52452577
0.3
125467672
52441681
0.3
60725104
52452601
0.3
60855696
52452521
0.3
61301144
52452529
0.3
88083584
52449161
0.3
60377256
52452793
0.3
97143912
52448593
0.3
62738728
52452113
