im-aes128-gcm-127
1000
08/28/18
0.4
143144896
52441681
0.4
144253144
52441681
0.4
140660256
52441681
0.4
141685496
52441705
0.4
143011152
52441681
0.4
139183912
52441681
0.4
143910776
52441681
0.4
142859368
52441681
0.4
144048280
52441681
0.4
144639096
52441681
0.4
142883904
52441681
0.4
141826472
52441681
0.4
140232784
52441681
0.4
142001832
52441681
0.4
142294536
52441681
0.4
144313112
52441681
0.4
141627712
52441681
0.4
143375712
52441681
0.4
143385520
52441681
0.4
142614416
52441681
0.4
144753048
52441681
0.4
141997496
52441681
0.4
143872240
52441681
0.4
142211384
52441681
0.4
141413552
52441681
0.4
140734176
52441681
0.4
142263600
52441681
0.4
141894568
52441697
0.4
141375192
52441681
0.4
141995008
52441681
0.4
144006312
52441681
0.4
143064176
52441681
0.4
143295128
52441681
0.4
142633312
52441681
0.4
142426320
52441681
0.4
143347536
52441681
0.4
142509584
52441681
0.4
143013128
52441681
0.4
144364360
52441681
0.4
140101776
52441681
0.4
144675640
52441681
0.4
141849224
52441681
0.4
143134688
52441681
0.4
140550136
52441681
0.4
145272456
52441681
0.4
142918792
52441681
0.4
143736056
52441681
0.4
140394456
52441681
0.4
144788960
52441681
0.4
143672752
52441681
0.4
143033840
52441681
0.4
143447208
52441681
0.4
136337464
52441681
0.4
143087856
52441681
0.4
142224448
52441681
0.4
139948816
52441681
0.4
137750232
52441681
0.4
146086144
52441681
0.4
140291984
52441681
0.4
142405040
52441681
0.4
137548304
52441705
0.4
140775792
52441681
0.4
139432200
52441681
0.4
142558120
52441681
0.4
142683488
52441681
0.4
142757096
52441681
0.4
143033880
52441681
0.4
145052088
52441681
0.4
143184680
52441681
0.4
193202096
52446601
0.4
145094840
52441681
0.4
139899712
52441681
0.4
143540880
52441681
0.4
142798400
52441681
0.4
143903048
52441681
0.4
142608104
52441681
0.4
142536024
52441681
0.4
143379344
52441681
0.4
142914448
52441681
0.4
140674032
52441681
0.4
80758568
52450937
0.4
141548144
52441681
0.4
142805096
52441681
0.4
145321632
52441681
0.4
145757144
52441681
0.4
143639008
52441681
0.4
140951680
52441681
0.4
141372536
52441681
0.4
137704808
52441681
0.4
142887176
52441681
0.4
143417136
52441681
0.4
143549128
52441681
0.4
143727200
52441681
0.4
140956584
52441681
0.4
141621952
52441681
0.4
143292992
52441681
0.4
140773856
52441761
0.4
144235000
52441681
0.4
140755856
52441681
0.4
144961872
52441681
0.4
143881656
52441681
0.4
141059632
52441681
0.4
142256200
52441681
0.4
145135680
52441681
0.4
141368536
52441681
0.4
143715768
52441681
0.4
140652496
52441681
0.4
141246304
52441681
0.4
143884344
52441681
0.4
143281752
52441681
0.4
141699424
52441681
0.4
144070688
52441681
0.4
140856472
52441681
0.4
141856232
52441681
0.4
143605416
52441681
0.4
142759216
52441681
0.4
144286512
52441681
0.4
143393368
52441681
0.4
141529200
52441681
0.4
140136072
52441681
0.4
142547672
52441681
0.4
143104624
52441681
0.4
143609352
52441681
0.4
144695504
52441681
0.4
142735608
52441681
0.4
141823968
52441681
0.4
143706216
52441681
0.4
142819472
52441681
0.4
141814496
52441681
0.4
144121704
52441681
0.4
144684136
52441681
0.4
144060128
52441681
0.4
144874944
52441681
0.4
141638864
52441681
0.4
143523832
52441681
0.4
141414624
52441681
0.4
143004936
52441681
0.4
140662408
52441681
0.4
143768352
52441681
0.4
142150528
52441681
0.4
143074632
52441681
0.4
141216600
52441681
0.4
143887840
52441681
0.4
142541496
52441681
0.4
142418928
52441681
0.4
145055072
52441681
0.4
141991936
52441681
0.4
142161544
52441681
0.4
143234424
52441681
0.4
140843624
52441681
0.4
143953984
52441681
0.4
133622840
52442497
0.4
143756184
52441681
0.4
143497896
52441681
0.4
143959280
52441681
0.4
142714360
52441681
0.4
144161024
52441681
0.4
144405384
52441681
0.4
141267648
52441681
0.4
140881248
52441681
0.4
142219208
52441681
0.4
144857448
52441681
0.4
141763472
52441681
0.4
142296568
52441681
0.4
141291072
52441681
0.4
144973968
52441681
0.4
139113576
52441681
0.4
143456808
52441681
0.4
140488968
52441681
0.4
140217080
52441681
0.4
142853896
52441681
0.4
143210840
52441681
0.4
139862768
52441681
0.4
143497224
52441681
0.4
143758208
52441681
0.4
141642128
52441681
0.4
142039200
52441681
0.4
141751648
52441681
0.4
144216344
52441681
0.4
140717592
52441681
0.4
142043560
52441681
0.4
140305344
52441681
0.4
142677104
52441681
0.4
144584736
52441681
0.4
141103528
52441681
0.4
141702296
52441681
0.4
142937520
52441681
0.4
139614656
52441681
0.4
139883880
52441681
0.4
143222488
52441681
0.4
141159712
52441681
0.4
143511408
52441681
0.4
140763560
52441681
0.4
143831920
52441681
0.4
142536688
52441681
0.4
141386744
52441681
0.4
142264632
52441681
0.4
145282992
52441681
0.4
143221760
52441681
0.4
140937048
52441681
0.4
143692336
52441681
0.4
145740968
52441681
0.4
143691568
52441681
0.4
140980152
52441681
0.4
140463544
52441681
0.4
141659248
52441681
0.4
142600056
52441681
0.4
138990864
52441681
0.4
140808160
52441681
0.4
142921712
52441681
0.4
141698280
52441681
0.4
141572936
52441681
0.4
142383000
52441681
0.4
140660160
52441681
0.4
144785088
52441681
0.4
142734448
52441681
0.4
142429688
52441681
0.4
141890768
52441705
0.4
141569784
52441681
0.4
142146032
52441681
0.4
141386200
52441681
0.4
143608312
52441681
0.4
143566120
52441681
0.4
145135912
52441681
0.4
144501904
52441681
0.4
143563880
52441681
0.4
143485752
52441681
0.4
143972256
52441681
0.4
143677576
52441681
0.4
141748448
52441681
0.4
137376728
52441857
0.4
142184456
52441681
0.4
143193504
52441681
0.5
144903272
52441681
0.4
142309968
52441681
0.4
139262024
52441681
0.4
141860488
52441681
0.4
143049016
52441681
0.4
144341712
52441681
0.4
141504736
52441681
0.4
141202096
52441681
0.4
145196624
52441681
0.4
142406168
52441681
0.4
144436424
52441681
0.4
143438736
52441681
0.4
143062256
52441681
0.4
142657608
52441681
0.4
139594280
52441681
0.4
142960536
52441681
0.4
144694208
52441681
0.4
143882200
52441681
0.4
143309008
52441681
0.4
143956016
52441681
0.4
145077368
52441681
0.4
140958112
52441681
0.4
143864632
52441681
0.4
144236064
52441681
0.4
140520464
52441681
0.4
142292168
52441681
0.4
144876600
52441681
0.4
143018080
52441681
0.4
143834480
52441681
0.4
142209856
52441681
0.4
143856688
52441681
0.4
144248176
52441681
0.4
144391992
52441681
0.4
140434688
52441681
0.4
144122864
52441681
0.4
143143496
52441681
0.4
143757696
52441681
0.4
140479200
52441681
0.4
144232712
52441681
0.4
143517048
52441681
0.4
141851112
52441681
0.4
141877632
52441681
0.4
141971888
52441681
0.4
142719736
52441681
0.4
139465608
52441681
0.4
144411888
52441681
0.4
144630504
52441681
0.4
143325392
52441681
0.4
143622168
52441681
0.4
142255296
52441681
0.4
142921344
52441681
0.4
144035736
52441681
0.4
142063048
52441681
0.4
139372624
52441681
0.4
143292232
52441681
0.4
141222392
52441681
0.4
143619992
52441681
0.4
142692568
52441681
0.4
141763976
52441681
0.4
144735744
52441681
0.4
138676608
52441681
0.4
145218416
52441681
0.4
141894448
52441681
0.4
145988368
52441681
0.4
145093808
52441681
0.4
141211104
52441681
0.4
143183360
52441681
0.4
142172536
52441681
0.4
141469336
52441681
0.4
144309536
52441681
0.4
144279280
52441681
0.4
141076880
52441681
0.4
144103056
52441681
0.4
142723000
52441681
0.4
141093488
52441681
0.4
143518960
52441681
0.4
143002216
52441681
0.4
144397360
52441681
0.4
144653944
52441681
0.4
144889864
52441681
0.4
142140896
52441681
0.4
143108000
52441681
0.4
142652344
52441681
0.4
141017736
52441681
0.4
140024160
52441681
0.4
141424312
52441841
0.4
143656144
52441681
0.4
142129416
52441681
0.4
143875560
52441681
0.4
143106152
52441681
0.4
142293256
52441681
0.4
142599336
52441681
0.4
143425672
52441681
0.4
142762632
52441681
0.4
141148400
52441681
0.4
142529008
52441681
0.4
140990720
52441681
0.4
143485032
52441681
0.4
144002232
52441681
0.4
142689216
52441681
0.4
140181768
52441681
0.4
144926448
52441681
0.4
143953568
52441681
0.4
141752928
52441681
0.4
141272512
52441681
0.4
142230480
52441681
0.4
142254128
52441681
0.4
142739296
52441681
0.4
143502880
52441681
0.4
141410344
52441681
0.4
145417024
52441681
0.4
141827288
52441681
0.4
142944760
52441681
0.4
144043640
52441681
0.4
141844808
52441681
0.4
141962072
52441681
0.4
140519816
52441681
0.4
141165400
52441681
0.4
142688200
52441681
0.4
141708552
52441681
0.4
142667880
52441681
0.4
140756448
52441681
0.4
142444648
52441681
0.4
139604352
52441689
0.4
143510952
52441681
0.4
75708936
52451465
0.4
143261352
52441681
0.4
144805288
52441681
0.4
140505056
52441681
0.4
140798920
52441681
0.4
142549368
52441681
0.4
142449760
52441681
0.4
146227240
52441681
0.4
141425744
52441681
0.4
142392680
52441681
0.4
142307528
52441681
0.4
140606528
52441681
0.4
144493360
52441681
0.4
143714440
52441681
0.4
142638480
52441681
0.4
144058656
52441681
0.4
142376656
52441681
0.4
144460616
52441681
0.4
144108040
52441681
0.4
144799504
52441681
0.4
144758112
52441681
0.4
143640200
52441681
0.4
143415696
52441681
0.4
141381168
52441681
0.4
143246720
52441681
0.4
139576848
52441681
0.4
143249584
52441681
0.4
142935000
52441681
0.4
143688960
52441681
0.4
142413912
52441681
0.4
142776296
52441681
0.4
145170528
52441681
0.4
142237384
52441681
0.4
145255880
52441681
0.4
143445624
52441681
0.4
144671176
52441681
0.4
142361512
52441681
0.4
141977200
52441681
0.4
144159992
52441681
0.4
142764976
52441681
0.4
141983584
52441681
0.4
142634088
52441681
0.4
143311192
52441681
0.4
141443656
52441681
0.4
143875432
52441681
0.4
142579088
52441681
0.4
143391808
52441681
0.4
143987232
52441681
0.4
140910408
52441681
0.4
141698728
52441681
0.4
139876104
52441681
0.4
144303680
52441681
0.4
145311336
52441681
0.4
143456768
52441681
0.4
140976640
52441681
0.4
140416888
52441697
0.4
143570200
52441681
0.4
143643560
52441681
0.4
146261656
52441681
0.4
142260264
52441681
0.4
143130544
52441681
0.4
138902560
52441681
0.4
142144840
52441681
0.4
141951184
52441681
0.4
143766632
52441681
0.4
142325656
52441681
0.4
141285856
52441681
0.4
142966248
52441681
0.4
142660272
52441681
0.4
144667488
52441681
0.4
144305736
52441681
0.4
142039384
52441681
0.4
142677936
52441681
0.4
141604272
52441681
0.4
142396600
52441681
0.4
142440752
52441681
0.4
144022888
52441681
0.4
143734672
52441681
0.4
140944176
52441681
0.4
143187304
52441681
0.4
143877176
52441681
0.4
144648960
52441681
0.4
140834328
52441681
0.4
144455120
52441681
0.4
144021136
52441681
0.4
141849952
52441681
0.4
145199888
52441681
0.4
141216016
52441681
0.4
141362640
52441681
0.4
141752896
52441681
0.4
144877896
52441681
0.4
142559920
52441681
0.4
142878032
52441681
0.4
138843240
52441681
0.4
141884096
52441681
0.4
143616824
52441697
0.4
142311992
52441681
0.4
142742968
52441681
0.4
141471704
52441681
0.4
142659472
52441681
0.4
141620664
52441681
0.4
141996256
52441681
0.4
138885872
52441681
0.4
142435048
52441681
0.4
142097744
52441681
0.4
146746928
52441681
0.4
142544896
52441681
0.4
143252832
52441681
0.4
142597976
52441681
0.4
141354056
52441681
0.4
142548304
52441681
0.4
142940048
52441681
0.4
143056720
52441681
0.4
143445936
52441681
0.4
138712016
52441681
0.4
144791936
52441681
0.4
142532264
52441681
0.4
146246672
52441681
0.4
139547064
52441681
0.4
145472992
52441681
0.4
142900032
52441681
0.4
146091600
52441681
0.4
144587000
52441681
0.4
143438488
52441681
0.4
145011064
52441681
0.4
142746504
52441681
0.4
143504184
52441681
0.4
140628152
52441681
0.4
143935624
52441681
0.4
142844808
52441681
0.4
142008856
52441681
0.4
143779296
52441681
0.4
141607688
52441681
0.4
142625592
52441681
0.4
141758224
52441681
0.4
141154376
52441681
0.4
143669400
52441681
0.4
143480656
52441681
0.4
144993264
52441681
0.4
142293768
52441681
0.4
140214176
52441681
0.4
142362328
52441681
0.4
142671288
52441681
0.4
144366120
52441681
0.4
142465840
52441681
0.4
142824304
52441681
0.4
142851552
52441681
0.4
143070824
52441681
0.4
138819504
52441681
0.4
144459440
52441681
0.4
141817608
52441681
0.4
142462776
52441681
0.4
144374568
52441681
0.4
145008504
52441681
0.4
141263208
52441681
0.4
141205128
52441681
0.4
141540960
52441761
0.4
141257696
52441681
0.4
143490248
52441681
0.4
142008816
52441681
0.4
141920560
52441681
0.4
142791928
52441681
0.4
143721744
52441681
0.4
142145120
52441681
0.4
143688176
52441681
0.4
141768736
52441681
0.4
144473664
52441681
0.4
142873432
52441681
0.4
142903128
52441681
0.4
142716824
52441681
0.4
140540808
52441713
0.4
141430512
52441681
0.4
141541360
52441681
0.4
142907048
52441681
0.4
143075648
52441681
0.4
141720936
52441681
0.4
143462656
52441681
0.4
141851912
52441681
0.4
144282720
52441681
0.4
144323696
52441681
0.4
143869584
52441681
0.4
141665344
52441681
0.4
142981232
52441681
0.4
106108952
52446937
0.4
142308696
52441681
0.4
140628088
52441681
0.4
140983488
52441681
0.4
141848576
52441681
0.4
142985352
52441681
0.4
143497880
52441681
0.4
141532520
52441681
0.4
142986496
52441681
0.4
142798944
52441681
0.4
143628256
52441681
0.4
143552896
52441681
0.4
141227120
52441681
0.4
143011040
52441681
0.4
144513024
52441681
0.4
142396840
52441681
0.4
142392776
52441681
0.4
141446376
52441681
0.4
143282312
52441681
0.4
142538544
52441681
0.4
141975240
52441681
0.4
142943472
52441681
0.4
142482744
52441681
0.4
141172056
52441681
0.4
142768296
52441681
0.4
140814848
52441681
0.4
143265512
52441681
0.4
144016872
52441681
0.4
142911664
52441681
0.4
143401960
52441681
0.4
143801968
52441681
0.4
144915520
52441681
0.4
144290712
52441681
0.4
143156616
52441681
0.4
144223880
52441681
0.5
141271400
52441681
0.4
140622848
52441681
0.4
142371544
52441681
0.4
142446912
52441681
0.4
142221792
52441681
0.4
141067592
52441681
0.4
143659104
52441681
0.4
142950440
52441681
0.4
143757656
52441681
0.4
135287328
52442121
0.4
142224320
52441681
0.4
144097800
52441681
0.4
141030656
52441681
0.4
143789184
52441681
0.4
143423104
52441681
0.4
140722192
52441681
0.4
142078240
52441681
0.4
142762432
52441681
0.4
144462784
52441681
0.4
140540280
52441681
0.4
142197896
52441681
0.4
145671488
52441681
0.4
144671016
52441681
0.4
142027008
52441681
0.4
144766688
52441681
0.4
144409128
52441681
0.4
144596760
52441681
0.4
142021264
52441681
0.4
145039888
52441681
0.4
142141832
52441681
0.4
144074656
52441681
0.4
142816760
52441681
0.4
144510616
52441681
0.4
140702552
52441681
0.4
140839048
52441681
0.4
143168264
52441681
0.4
143603688
52441681
0.4
142883440
52441681
0.4
142184952
52441681
0.4
144594656
52441681
0.4
144282216
52441681
0.4
143830072
52441681
0.4
141570288
52441681
0.4
142390128
52441681
0.4
138893744
52441721
0.4
143330088
52441681
0.4
142557760
52441681
0.4
143130368
52441681
0.4
145461936
52441681
0.4
141636888
52441681
0.4
142031704
52441681
0.4
143069600
52441681
0.4
140630744
52441681
0.4
143252528
52441681
0.4
142174776
52441681
0.4
143772912
52441681
0.4
141163896
52441681
0.4
141301160
52441681
0.4
142369384
52441681
0.4
141971632
52441681
0.4
141763296
52441681
0.4
143234080
52441681
0.4
145776648
52441681
0.4
138908296
52441809
0.4
144732824
52441681
0.4
144560880
52441681
0.4
144352072
52441681
0.4
141710528
52441681
0.4
139104616
52441873
0.4
144405808
52441681
0.4
142153432
52441681
0.4
142050984
52441681
0.4
143531344
52441681
0.4
143430480
52441681
0.4
143475136
52441681
0.4
142575656
52441681
0.4
143094944
52441681
0.4
144145584
52441681
0.4
141733920
52441681
0.4
142282752
52441681
0.4
142410152
52441681
0.4
142090328
52441681
0.4
144527840
52441681
0.4
143207144
52441681
0.4
143911048
52441681
0.4
142399248
52441681
0.4
142446200
52441681
0.4
141825368
52441697
0.4
140030816
52441681
0.4
140628120
52441681
0.4
144214640
52441681
0.4
143037784
52441681
0.4
142114512
52441713
0.4
141944984
52441681
0.4
141858096
52441681
0.4
143026576
52441681
0.4
143850816
52441681
0.4
140856080
52441681
0.4
143718752
52441681
0.4
142037416
52441681
0.4
142200064
52441681
0.4
141732464
52441681
0.4
142333432
52441681
0.4
143674224
52441681
0.4
143129208
52441681
0.4
140941888
52441681
0.4
142475520
52441681
0.4
143400384
52441681
0.4
143218248
52441681
0.4
142738152
52441681
0.4
142727448
52441681
0.4
139938152
52441681
0.4
141208352
52441681
0.4
143137600
52441681
0.4
140443368
52441681
0.4
145505280
52441681
0.4
141660256
52441681
0.4
150901176
52442385
0.4
141222568
52441681
0.4
142621504
52441681
0.4
141716176
52441681
0.4
141288648
52441681
0.4
144390016
52441681
0.4
142256744
52441681
0.4
142545080
52441681
0.4
142570080
52441681
0.4
144699944
52441681
0.4
142906200
52441681
0.4
144702272
52441681
0.4
142581872
52441681
0.4
143673600
52441681
0.4
143892984
52441681
0.4
143666808
52441681
0.4
143521320
52441681
0.4
143405968
52441681
0.4
144103480
52441681
0.4
141254384
52441681
0.4
140482096
52441681
0.4
141128304
52441681
0.4
139873456
52441681
0.4
142297552
52441681
0.4
144593432
52441681
0.4
141431368
52441681
0.4
142547304
52441681
0.4
141665784
52441681
0.4
140611200
52441681
0.4
143506920
52441681
0.4
142474736
52441681
0.4
141046976
52441681
0.4
141026792
52441681
0.4
142099864
52441681
0.4
143949328
52441681
0.4
141136816
52441681
0.4
143740384
52441681
0.4
144139000
52441681
0.4
141242208
52441681
0.4
141633472
52441681
0.4
143621960
52441681
0.4
143036504
52441681
0.4
140628632
52441681
0.4
143684904
52441681
0.4
143141392
52441681
0.4
146020184
52441681
0.4
144443568
52441681
0.4
142951912
52441681
0.4
145271024
52441681
0.4
143142208
52441681
0.4
139643256
52441737
0.4
144222936
52441681
0.4
141025624
52441681
0.4
141590632
52441681
0.4
141661856
52441681
0.4
142364896
52441681
0.4
142705440
52441681
0.4
142568048
52441681
0.4
140541384
52441681
0.4
107500216
52446801
0.4
94608112
52450777
0.4
144977960
52441681
0.4
143852104
52441681
0.4
142776552
52441681
0.4
142725224
52441681
0.4
142380536
52441681
0.4
139818512
52441681
0.4
144434664
52441681
0.4
141431936
52441681
0.4
143645728
52441681
0.4
141902528
52441681
0.4
143011160
52441681
0.4
144493536
52441681
0.4
144485360
52441681
0.4
142634272
52441681
0.4
146214040
52441681
0.4
143292496
52441681
0.4
144374016
52441681
0.4
144045112
52441681
0.4
140462288
52441681
0.4
144628856
52441681
0.4
142157152
52441681
0.4
140621008
52441681
0.4
141904024
52441681
0.4
142952008
52441681
0.4
141042688
52441681
0.4
141429712
52441681
0.4
144017648
52441681
0.4
142157608
52441681
0.4
142885224
52441681
0.4
140733768
52441681
0.4
144387280
52441681
0.4
145113448
52441681
0.4
143257776
52441681
0.4
143214576
52441681
0.4
142060432
52441681
0.4
142897984
52441681
0.4
143529608
52441681
0.4
145853512
52441681
0.4
143147248
52441681
0.4
142365304
52441681
0.4
140086984
52441681
0.4
139766048
52441681
0.4
140819432
52441681
0.4
141008360
52441689
0.4
142193176
52441681
0.4
145109424
52441681
0.4
141664920
52441681
0.4
144326984
52441681
0.4
141817352
52441873
0.4
142124952
52441681
0.4
143818304
52441681
0.4
143001064
52441681
0.4
142797560
52441681
0.4
143058152
52441681
0.4
142932624
52441681
0.4
142067416
52441681
0.4
143764856
52441681
0.4
144703384
52441681
0.4
143481368
52441681
0.4
146047848
52441681
0.4
140340552
52441681
0.4
143600240
52441681
0.4
140212768
52441681
0.4
142897280
52441681
0.4
142490352
52441681
0.4
144127536
52441681
0.4
145608424
52441681
0.4
142925272
52441761
0.4
143133008
52441761
0.4
146212736
52441681
0.4
143846008
52441681
0.4
142369616
52441681
0.4
139344960
52441681
0.4
144541528
52441681
0.4
141441192
52441681
0.4
141669360
52441713
0.4
142445808
52441681
0.4
139167056
52441681
0.4
141918504
52441681
0.4
141376216
52441681
0.4
143748952
52441681
0.4
145530568
52441681
0.4
143509696
52441681
0.4
143872632
52441681
0.4
143340048
52441681
0.4
145761104
52441681
0.4
140951648
52441681
0.4
143465496
52441681
0.4
145473264
52441681
0.4
140729008
52441681
0.4
142601272
52441681
0.4
144053352
52441681
0.4
142336152
52441681
0.4
140929000
52441681
0.4
142418424
52441681
0.4
141331464
52441681
0.4
143834936
52441681
0.4
144460920
52441681
0.4
138549488
52441681
0.4
140717744
52441681
0.4
141710944
52441681
0.4
143591136
52441681
0.4
79624600
52450945
0.4
142802952
52441681
0.4
145067392
52441681
0.4
144549048
52441681
0.4
141084792
52441737
0.4
144667040
52441681
0.4
141737248
52441681
0.4
141918120
52441681
0.4
144261424
52441681
0.4
142459632
52441681
0.4
140275304
52441681
0.4
143890904
52441681
0.4
144735144
52441681
0.4
144342840
52441681
0.4
143280320
52441681
0.4
143835552
52441681
0.4
144605080
52441681
0.4
144167696
52441681
0.4
142521448
52441681
0.4
139469008
52441681
0.4
144633112
52441681
0.4
143562664
52441681
0.4
141954896
52441681
0.4
141365736
52441681
0.4
141488832
52441681
0.4
144325080
52441681
0.4
143435736
52441681
0.4
96154368
52448545
0.4
143936792
52441681
0.4
145112120
52441681
0.4
140025144
52441681
0.4
142986680
52441681
0.4
142744456
52441681
0.4
142352528
52441681
0.4
141951936
52441681
0.4
141956648
52441681
0.4
141419920
52441681
0.4
145396800
52441681
0.4
142091200
52441681
0.4
141631304
52441681
0.4
141151456
52441681
0.4
142885440
52441681
0.4
145517632
52441681
0.4
139794616
52441681
0.4
142635128
52441681
0.4
141085376
52441681
0.4
143725384
52441681
0.4
141517184
52441681
0.4
141907856
52441681
0.4
143543640
52441681
0.4
143048232
52441681
0.4
142003320
52441681
0.4
142807328
52441681
0.4
143038104
52441681
0.4
145007944
52441681
0.4
143090152
52441681
0.4
143210704
52441681
0.4
140317128
52441681
0.4
143122560
52441681
0.4
141646816
52441681
0.4
141406704
52441681
0.4
142406936
52441681
0.4
143529408
52441681
0.4
143464176
52441681
0.4
142856488
52441681
0.4
141930088
52441681
0.4
142796872
52441681
0.4
141150320
52441681
0.4
140212832
52441785
0.4
143147368
52441681
0.4
143749112
52441681
0.4
144228016
52441681
0.4
144818040
52441681
0.4
144390536
52441681
0.4
145357240
52441681
0.4
142683536
52441681
0.4
141720704
52441681
0.4
145011976
52441681
0.4
142698664
52441681
0.4
141764408
52441681
0.4
144898232
52441681
0.4
142987120
52441681
0.4
142189920
52441681
0.4
143843920
52441681
0.4
143232368
52441681
0.4
140923872
52441681
0.4
144306912
52441681
0.4
142229880
52441681
0.4
142097632
52441681
0.4
142393968
52441681
0.4
143070280
52441681
0.4
141004992
52441681
0.4
142004104
52441681
0.4
141037168
52441681
0.4
141210120
52441681
0.4
143155752
52441681
0.4
141110808
52441681
0.4
144872488
52441681
0.4
140382952
52441681
0.4
142535680
52441681
0.4
142920240
52441681
0.4
141881472
52441681
0.4
144300840
52441681
0.4
142963728
52441681
0.4
145664160
52441681
0.4
140674456
52441681
0.4
142919272
52441681
0.4
145288216
52441681
0.4
144506536
52441681
0.4
143284984
52441681
0.4
144832952
52441681
0.4
144267472
52441681
0.4
140633176
52441681
0.4
142957592
52441681
0.4
143213744
52441681
0.4
144534344
52441681
0.4
142990048
52441681
0.4
145535032
52441681
0.4
142693128
52441681
0.4
143623264
52441681
0.4
140969264
52441681
0.4
142466816
52441681
0.4
142321504
52441681
0.4
145466320
52441681
0.4
145137792
52441681
0.4
144983992
52441681
0.4
142452264
52441681
0.4
145184816
52441681
0.4
141970320
52441681
0.4
141389824
52441681
0.4
145930192
52441681
0.4
144335048
52441681
0.4
145510080
52441681
0.4
145146696
52441681
0.4
142201944
52441681
0.4
143503712
52441681
0.4
144021144
52441681
0.4
143263520
52441681
0.4
144863040
52441681
0.4
144085120
52441681
0.4
144975672
52441681
0.4
143973872
52441681
0.4
141575264
52441681
0.4
138564952
52441777
