im-chacha-poly-128
1000
08/28/18
1.5
134699659
52442721
1.5
134004070
52442841
1.5
138256453
52442833
1.5
137232387
52442857
1.5
135781054
52442857
1.5
134472534
52443057
1.5
139482810
52442585
1.5
139819399
52442649
1.5
138793603
52442921
1.5
118153601
52443257
1.5
141791926
52442705
1.5
134624151
52443025
1.5
139372278
52442689
1.5
129944210
52442745
1.5
142773927
52442657
1.5
133544149
52442649
1.5
137282820
52443001
1.5
130512964
52442697
1.5
120114810
52443793
1.5
121467029
52443233
1.5
138713395
52442953
1.5
142486235
52442521
1.7
140641832
52442617
1.5
137244610
52442737
1.5
133985285
52442873
1.5
118527972
52443289
1.5
118711628
52443673
1.5
119181423
52443281
1.5
137818946
52442633
1.5
137946593
52442657
1.5
135040695
52442681
1.5
136639720
52442641
1.5
135720814
52442897
1.5
140815185
52442633
1.5
135273864
52442865
1.5
130921515
52443289
1.5
135598872
52442873
1.5
138819873
52442865
1.5
142239170
52442705
1.5
111477691
52444785
1.5
132608255
52442873
1.5
141351800
52442785
1.5
103514963
52444305
1.5
136110610
52442969
1.5
136472600
52442761
1.5
131993970
52442737
1.5
139001469
52442729
1.5
119116376
52442873
1.5
113117059
52444233
1.5
138985824
52442745
1.5
141746601
52442801
1.5
109739004
52445401
1.5
139260299
52442721
1.5
121958195
52443857
1.5
138446744
52442801
1.5
103636430
52446561
1.5
138563723
52442673
1.5
129917395
52442993
1.5
125450476
52442849
1.5
117138121
52444881
1.5
127926882
52442993
1.5
134275455
52443025
1.5
100340435
52445897
1.5
139697435
52442865
1.5
125077053
52443497
1.5
137136560
52442865
1.5
135418255
52443033
1.5
120334904
52443649
1.5
131914526
52442233
1.5
129994820
52442977
1.5
133061847
52442937
1.5
141880059
52442697
1.5
136607695
52443009
1.5
134450537
52442609
1.5
139439740
52442705
1.5
119945591
52442937
1.5
124502739
52443209
1.5
129455679
52442825
1.5
140230975
52442537
1.5
137773839
52442785
1.5
136681165
52443057
1.5
126777726
52442681
1.5
141072744
52442673
1.5
135037050
52443249
1.5
137954315
52442825
1.5
138673741
52442705
1.5
128448540
52443009
1.5
141020693
52442657
1.5
141407845
52442721
1.5
137127620
52442649
1.5
138669515
52442497
1.5
139146916
52442489
1.5
127149775
52443121
1.5
134810899
52442721
1.5
143167070
52442641
1.5
133691666
52442665
1.5
139513510
52442633
1.5
135967287
52442841
1.5
137270200
52442697
1.5
138119645
52442457
1.5
127000680
52442593
1.5
137150381
52442561
1.5
138772415
52442825
1.5
128194316
52442745
1.5
115377093
52444521
1.5
134947186
52443057
1.5
112454315
52445745
1.5
139475800
52442593
1.5
135793388
52442905
1.5
128255835
52443785
1.5
129656152
52442513
1.5
137896605
52442793
1.5
138569160
52442657
1.5
139108092
52442729
1.5
141297580
52442593
1.5
136968405
52442713
1.5
100263875
52446281
1.5
137566420
52442953
1.5
135661280
52442809
1.5
131251535
52443249
1.5
112076155
52443673
1.5
128897122
52443001
1.5
126701977
52442841
1.5
138073125
52442761
1.5
135523425
52442865
1.5
138562664
52442705
1.5
129883293
52442705
1.5
130710812
52442977
1.5
139045357
52442657
1.5
114256955
52445065
1.5
141377652
52442617
1.5
140999557
52442705
1.5
139920427
52442705
1.5
128755787
52442809
1.5
137039783
52442961
1.5
129115072
52443049
1.5
138969164
52442857
1.5
132141560
52443193
1.5
140134885
52442817
1.5
140313691
52442561
1.5
139736334
52442545
1.5
124645445
52442873
1.5
121301572
52443089
1.5
138376603
52443009
1.5
137477450
52442857
1.5
134790742
52442665
1.5
126292743
52442865
1.5
138289458
52442129
1.5
124818667
52442889
1.5
142415956
52442625
1.5
138284460
52442969
1.5
137143311
52442585
1.5
135968721
52443145
1.5
138215312
52442601
1.5
110979538
52443169
1.5
117230723
52447425
1.5
130041191
52442745
1.5
137589415
52442809
1.5
133999275
52442833
1.5
137194730
52443049
1.5
125148153
52443257
1.5
138684660
52442729
1.5
135985630
52442937
1.5
139144394
52442641
1.5
133735874
52442977
1.5
136470150
52442737
1.5
135886510
52442961
1.5
133870221
52442961
1.5
131187559
52442713
1.5
137119506
52443033
1.5
138017897
52442833
1.5
130506938
52443073
1.5
139686000
52442817
1.5
129967125
52443249
1.5
137698273
52442793
1.5
137448239
52442785
1.5
140105208
52442561
1.5
121588980
52443337
1.5
109022743
52444841
1.5
129958440
52442865
1.5
136963206
52442585
1.5
112917410
52444081
1.5
141942714
52442649
1.5
131082580
52443025
1.5
133614849
52442737
1.5
135629019
52442593
1.5
130391019
52442865
1.5
127445720
52442937
1.5
138534305
52442641
1.5
137364833
52442721
1.5
125847837
52442841
1.5
110005845
52447921
1.5
131805255
52442873
1.5
125063175
52442809
1.5
140980695
52442937
1.5
139868425
52442809
1.5
108308326
52446969
1.5
134789796
52442969
1.5
138182725
52442977
1.5
141670956
52442625
1.5
130431415
52442921
1.5
138370995
52442897
1.5
129201717
52443089
1.5
137671698
52442993
1.5
139399347
52443121
1.5
125271880
52443457
1.5
135969840
52442681
1.5
136701165
52442609
1.5
119757675
52442857
1.5
139225967
52442577
1.5
141939589
52442769
1.5
121492451
52442921
1.5
140032588
52442721
1.5
133130120
52442705
1.5
135632445
52442905
1.5
126050095
52443305
1.5
135703739
52442929
1.5
141907038
52442665
1.5
137350899
52442857
1.5
98294647
52446641
1.5
130510564
52443041
1.5
124016002
52443585
1.5
125324212
52442769
1.5
119624989
52443705
1.5
114069035
52444665
1.5
82781370
52450777
1.5
138912703
52442753
1.5
134626481
52442841
1.5
134215436
52442577
1.5
134347569
52442865
1.5
137500370
52442625
1.5
138638144
52442593
1.5
136885439
52443185
1.5
136236726
52442769
1.5
139239199
52442585
1.5
136048352
52442857
1.5
126848925
52443089
1.5
135039494
52442617
1.5
136626428
52442889
1.5
133820582
52442769
1.5
125218990
52443441
1.5
136063407
52442969
1.5
139062584
52442665
1.5
110843446
52444185
1.5
136171726
52442785
1.5
139340775
52442745
1.5
132253924
52442945
1.5
134074655
52443225
1.5
119975198
52443841
1.5
136231315
52443017
1.5
135992570
52442785
1.5
135097713
52442729
1.5
132906391
52443057
1.5
142354987
52442865
1.5
136042985
52442897
1.5
136562287
52442913
1.5
136454629
52442865
1.5
138981650
52442817
1.5
141007820
52442593
1.5
138904606
52442737
1.5
117401326
52443601
1.5
124764755
52442897
1.5
136526329
52443153
1.5
135649150
52442841
1.5
118633020
52442881
1.5
130141205
52442817
1.5
136345545
52442705
1.5
126104997
52442745
1.5
131907498
52442825
1.5
135396278
52442673
1.5
96583195
52447761
1.5
142095572
52442593
1.5
140140595
52442609
1.5
138640799
52442753
1.5
129985040
52442953
1.5
136110478
52443001
1.5
130405975
52442881
1.5
128034410
52443017
1.5
137076656
52443001
1.5
125375275
52442905
1.5
139462260
52442545
1.5
131101895
52443241
1.5
141491575
52442649
1.5
138920517
52442953
1.5
137988137
52442785
1.5
135106155
52442905
1.5
139898988
52442625
1.5
137412788
52442849
1.5
131180811
52443009
1.5
136357258
52442641
1.5
134745175
52442809
1.5
136629011
52443137
1.5
128596546
52443089
1.5
135243387
52442857
1.5
131018188
52442953
1.5
140365114
52442625
1.5
121290470
52443913
1.5
139152241
52442569
1.5
130588907
52442945
1.5
101528420
52446057
1.5
141098720
52442801
1.5
140795353
52442817
1.5
127115514
52442705
1.5
119568545
52443953
1.5
115282809
52443953
1.5
135136520
52443393
1.5
139651120
52442801
1.5
134456649
52442617
1.5
139556505
52442825
1.5
133819505
52442897
1.5
136381349
52442705
1.5
132607120
52442953
1.5
118808973
52443321
1.5
127880240
52443145
1.5
118254497
52443225
1.5
134423103
52442689
1.5
141023710
52442585
1.5
138687845
52442857
1.5
121360634
52443185
1.5
139487490
52442697
1.5
121933740
52443161
1.5
127187667
52442985
1.5
133523750
52442105
1.5
141486296
52442641
1.5
138272612
52442745
1.5
136661556
52442929
1.5
135333865
52442929
1.5
129205114
52442977
1.5
134286537
52442617
1.5
136906821
52442673
1.5
135401521
52442985
1.5
129854315
52443345
1.5
134673164
52442593
1.5
126811345
52443089
1.5
137417591
52442577
1.5
141529199
52442689
1.5
140425296
52442601
1.5
124284706
52443601
1.5
118430672
52443849
1.5
132684592
52443025
1.5
129562517
52442801
1.5
134906032
52443057
1.5
121309012
52443569
1.5
139090685
52442593
1.5
131145496
52442745
1.5
121363200
52442889
1.5
114216532
52443137
1.5
135157254
52442569
1.5
130973993
52442833
1.5
140087202
52442537
1.5
138418826
52442801
1.5
139678942
52442745
1.5
132958416
52442945
1.5
137910956
52442697
1.5
136950069
52442841
1.5
138942519
52442857
1.5
138516569
52442945
1.5
114187663
52444705
1.5
126639375
52442889
1.5
135966784
52442665
1.5
129010779
52442697
1.5
107221840
52445841
1.5
136178241
52442985
1.5
95855005
52447225
1.5
139724833
52442809
1.5
109901880
52444217
1.5
134989706
52443009
1.5
115148471
52443537
1.5
137706489
52442697
1.5
133083102
52443041
1.5
141021170
52442673
1.5
128480569
52443025
1.5
135826876
52442953
1.5
139423402
52442545
1.5
131224470
52442793
1.5
137681154
52442041
1.5
129478528
52442937
1.5
139007588
52442729
1.5
136750547
52442769
1.5
136872196
52442753
1.5
134834726
52442793
1.5
100542420
52446065
1.5
139343376
52442881
1.5
134204581
52442825
1.5
137808033
52442953
1.5
136424601
52442625
1.5
127518989
52442961
1.5
136556111
52442681
1.5
137246895
52442721
1.5
138536073
52442673
1.5
133953431
52442809
1.5
133934765
52442793
1.5
133522370
52442761
1.5
138945464
52442977
1.5
114610297
52445033
1.5
134968555
52443297
1.5
141593581
52442745
1.5
140479650
52442545
1.5
112490928
52442913
1.5
136094635
52442729
1.5
139489657
52442713
1.5
138806154
52442537
1.5
134647025
52442881
1.5
135956640
52442817
1.5
138412799
52442601
1.5
138183872
52442817
1.5
126570075
52442953
1.5
135723953
52442857
1.5
140256277
52442865
1.5
137651753
52442577
1.5
137296313
52442985
1.5
140921281
52442521
1.5
137166538
52442561
1.5
139230313
52442793
1.5
103402324
52446209
1.5
133591325
52442777
1.5
130851001
52442929
1.5
104813685
52446497
1.5
138890530
52442601
1.5
133797735
52443097
1.5
138526826
52442641
1.5
112880011
52444361
1.5
138465885
52442881
1.5
134290754
52442825
1.5
137433642
52442673
1.5
129676094
52443113
1.5
133702945
52442905
1.5
140842718
52442673
1.5
131824008
52443161
1.5
136157901
52442857
1.5
95131623
52448073
1.5
143683136
52442649
1.5
132272634
52442617
1.5
110612155
52444257
1.5
127445907
52442873
1.5
119313540
52443881
1.5
140729709
52442769
1.5
136278084
52442649
1.5
138704229
52442649
1.5
142560464
52442449
1.5
141294520
52442729
1.5
136253588
52442921
1.5
110438927
52444433
1.5
141196114
52442553
1.5
136117275
52442737
1.5
136747047
52443113
1.5
140021575
52442689
1.5
138477620
52442881
1.5
141401782
52442713
1.5
129457740
52443097
1.5
129004470
52443305
1.5
110342700
52444729
1.5
136291399
52442745
1.5
104186415
52445665
1.5
140914841
52442553
1.5
102783851
52446353
1.5
137374745
52442633
1.5
134012102
52442801
1.5
127427740
52443137
1.5
136538807
52442729
1.5
134475777
52442897
1.5
139237143
52442801
1.5
138751203
52442729
1.5
138233145
52442857
1.5
135859335
52442569
1.5
139192517
52442785
1.5
138331234
52442777
1.5
136502432
52442969
1.5
137018125
52442969
1.5
132330736
52442993
1.5
137867775
52442993
1.5
141300241
52442577
1.5
129080261
52442689
1.5
141091789
52442825
1.5
138614073
52442801
1.5
136105855
52442857
1.5
133691000
52442801
1.5
124018846
52442857
1.5
139096198
52442753
1.5
138163305
52442865
1.5
139818799
52442593
1.5
132522009
52442953
1.5
132806347
52442953
1.5
131696404
52443137
1.5
138737502
52442785
1.5
135247310
52442953
1.5
127936545
52443265
1.5
142922505
52442585
1.5
127928715
52443065
1.5
139077395
52442873
1.5
140494648
52442777
1.5
141556021
52442681
1.5
118180887
52443033
1.5
106766980
52445161
1.5
138243720
52442665
1.5
139002719
52442873
1.5
125043099
52443193
1.5
136758283
52442881
1.5
135783678
52442737
1.5
142601495
52442609
1.5
138306851
52442641
1.5
136481688
52442921
1.5
136282625
52442809
1.5
131184961
52442273
1.5
129639128
52442777
1.5
139718093
52442609
1.5
134230113
52442945
1.5
124575643
52443041
1.5
129810936
52442745
1.5
138107990
52442833
1.5
111858536
52444729
1.5
136467395
52442969
1.5
135466733
52442769
1.5
134061018
52442905
1.5
137522061
52442657
1.5
132921481
52442825
1.5
122936849
52442953
1.5
137324025
52442753
1.5
129352571
52442857
1.5
121335820
52442857
1.5
136436902
52442969
1.5
137170143
52442681
1.5
137202300
52442793
1.5
126278760
52443273
1.5
139247762
52442585
1.5
132061017
52442921
1.5
137860055
52442681
1.5
139668427
52442545
1.5
130223844
52442625
1.5
136262801
52442921
1.5
140406323
52442817
1.5
136929279
52442721
1.5
104935793
52446585
1.5
133643160
52442889
1.5
127895141
52442849
1.5
109230820
52447945
1.5
141179453
52442737
1.5
118332835
52443761
1.5
140969597
52442585
1.5
135782719
52443001
1.5
132148605
52442777
1.5
139235297
52442585
1.5
139832347
52442705
1.5
104357950
52446809
1.5
135242721
52442865
1.5
135871679
52442729
1.5
139426295
52442769
1.5
138420245
52442801
1.5
139897020
52442801
1.5
133661040
52442785
1.5
140590447
52442521
1.5
138676154
52442753
1.5
138815780
52442889
1.5
140311100
52442857
1.5
138461483
52442817
1.5
136695104
52443033
1.5
140143917
52442561
1.5
138780577
52442697
1.5
142225008
52442561
1.5
137336454
52442601
1.5
142217185
52442609
1.5
121815883
52443713
1.5
141025233
52442873
1.5
140066130
52442873
1.5
117739070
52443889
1.5
139209280
52443017
1.5
115740371
52444457
1.5
110812051
52443993
1.5
139516745
52442649
1.5
138885881
52442745
1.5
136005365
52442873
1.5
140749972
52442601
1.5
138486276
52442673
1.5
137073089
52442809
1.5
138072530
52442849
1.5
136856415
52442801
1.5
139789825
52442849
1.5
132106600
52443265
1.5
139678439
52442649
1.5
138168750
52442617
1.5
135985786
52442865
1.5
137113184
52442697
1.5
134077656
52442777
1.5
138791271
52442817
1.5
138200673
52442785
1.5
138138894
52442865
1.5
136655334
52442569
1.5
141050151
52442817
1.5
141323192
52442641
1.5
126113129
52443137
1.5
137769480
52442633
1.5
128665296
52442865
1.5
136822993
52442969
1.5
138298195
52442937
1.5
139527662
52442737
1.5
137258710
52442697
1.5
127388860
52442769
1.5
138886240
52442633
1.5
136005732
52442593
1.5
123844900
52442865
1.5
137093753
52442665
1.5
135188895
52442601
1.5
136137959
52442721
1.5
136947799
52442793
1.5
137662294
52442817
1.5
127352789
52442649
1.5
122723707
52443009
1.5
116252985
52443281
1.5
139086600
52442713
1.5
122986536
52443937
1.5
138867275
52442841
1.5
137506545
52443049
1.5
139665564
52442785
1.5
133338471
52442897
1.5
139306367
52442673
1.5
119561652
52443393
1.5
138475675
52442793
1.5
137699908
52442697
1.5
136379626
52442689
1.5
115312410
52444097
1.5
131478385
52442777
1.5
121376358
52443345
1.5
133689778
52442969
1.5
136189186
52442625
1.5
116273760
52444025
1.5
116176362
52443689
1.5
133645826
52442857
1.5
139134870
52442841
1.5
114799255
52444177
1.5
140541402
52442617
1.5
140355554
52442721
1.5
94542023
52448225
1.5
138794396
52442817
1.5
127671320
52443169
1.5
123341818
52442577
1.5
138689466
52442705
1.5
120741065
52444273
1.5
142431851
52442705
1.5
138686076
52442785
1.5
141810830
52442625
1.5
141353314
52442617
1.5
121910196
52443361
1.5
127442610
52442953
1.5
137873280
52442721
1.5
130863140
52442753
1.5
136937029
52442601
1.5
130080127
52443297
1.5
124619897
52443105
1.5
127854290
52443081
1.5
136552033
52442625
1.5
137466308
52442897
1.5
130346465
52442881
1.5
140021678
52442705
1.5
137984105
52443049
1.5
118921750
52443905
1.5
131611497
52443009
1.5
139464743
52442969
1.5
137277378
52442633
1.5
133243565
52442985
1.5
136280813
52442841
1.5
131655674
52442913
1.5
138011897
52442873
1.5
123351173
52442849
1.5
131918193
52443089
1.5
118985840
52443249
1.5
138194718
52442825
1.5
95933595
52446697
1.5
134568585
52443145
1.5
140700592
52442649
1.5
119318508
52442865
1.5
140890784
52442769
1.5
136468733
52442713
1.5
133293050
52442689
1.5
138733613
52442881
1.5
131469013
52443113
1.5
127384649
52442665
1.5
136994514
52442817
1.5
135755348
52442753
1.5
122479180
52443417
1.5
140206145
52442673
1.5
133261907
52442873
1.5
132661444
52442993
1.5
140054452
52442953
1.5
136736352
52442705
1.5
114006543
52444569
1.5
133770315
52442673
1.5
140389854
52442785
1.5
139590441
52442977
1.5
132214620
52442945
1.5
135231561
52442649
1.5
139129320
52442681
1.5
140527058
52442897
1.5
117979540
52447969
1.5
139911932
52442705
1.5
130117055
52443305
1.5
126228450
52442889
1.5
137481628
52442873
1.5
138896900
52442865
1.5
120872384
52442937
1.5
137569396
52442761
1.5
142268834
52442777
1.5
135601429
52442905
1.5
139198274
52442649
1.5
140165702
52442545
1.5
130885741
52443057
1.5
121817690
52442977
1.5
132056539
52442945
1.5
117932270
52443969
1.5
118982650
52444721
1.5
118132805
52444017
1.5
141250447
52442817
1.5
118929070
52443665
1.5
135678975
52442881
1.5
136588325
52442697
1.5
136016312
52442905
1.5
129352415
52442753
1.5
135884419
52442801
1.5
134969274
52442921
1.5
139982665
52442609
1.5
139139391
52442801
1.5
136791525
52442689
1.5
128337343
52442657
1.5
139982650
52442617
1.5
137211149
52442545
1.5
136248904
52442993
1.5
124443963
52442737
1.5
124879915
52443169
1.5
138231471
52442889
1.5
118217410
52443617
1.5
139615101
52442601
1.5
109376400
52445025
1.5
137433269
52442761
1.5
136034323
52442841
1.5
87259888
52448825
1.5
142154782
52442569
1.5
140594670
52442673
1.5
131121804
52442993
1.5
133033419
52442993
1.5
117951700
52444065
1.5
137480515
52442697
1.5
121192573
52443081
1.5
129948615
52442673
1.5
139062307
52442857
1.5
137058488
52442649
1.5
139653360
52442689
1.5
136831300
52442697
1.5
140342865
52442793
1.5
134289773
52442817
1.5
136337585
52442721
1.5
137563678
52442673
1.5
139281426
52442817
1.5
139351095
52442833
1.5
117796210
52444057
1.5
139408753
52442833
1.5
129661130
52442897
1.5
132069928
52442865
1.5
138056015
52442777
1.5
111574530
52444785
1.5
122692584
52444009
1.5
138083933
52442969
1.5
117579132
52443145
1.5
133072952
52442913
1.5
135550988
52442897
1.5
139737275
52442513
1.5
139155546
52443017
1.5
138162401
52442601
1.5
137914842
52442825
1.5
107766159
52444985
1.5
133670770
52443081
1.5
107872895
52445233
1.5
137674745
52442937
1.5
135918293
52442969
1.5
136130047
52442929
1.5
130074165
52442793
1.5
138359927
52442681
1.5
135371341
52442985
1.5
139526409
52442953
1.5
142089548
52442737
1.5
87105995
52448409
1.5
120841235
52443465
1.5
126251778
52443105
1.5
138765816
52442729
1.5
137791263
52442841
1.5
123232624
52441769
1.5
122851813
52442905
1.5
132248764
52442913
1.5
136971593
52442873
1.5
138303505
52442873
1.5
124195110
52443329
1.5
137664874
52442545
1.5
140069263
52442737
1.5
131907077
52442761
1.5
139794427
52442905
1.5
126648365
52443025
1.5
136260756
52442945
1.5
134072183
52442993
1.5
139746928
52442673
1.5
95401213
52447305
1.5
142558893
52442625
1.5
124624725
52442745
1.5
140384889
52442745
1.5
127225072
52442697
1.5
135373930
52442985
1.5
113444708
52444153
1.5
137667438
52442657
1.5
130808087
52442705
1.5
100402716
52446009
1.5
134316218
52442681
1.5
136800202
52442681
1.5
139046320
52442641
1.5
124755554
52443281
1.5
128264164
52442937
1.5
135268999
52442969
1.5
129705084
52442689
1.5
108156640
52444601
1.5
139130923
52442657
1.5
135296464
52442913
1.5
136399264
52442945
1.5
137999775
52442681
1.5
132799120
52443361
1.5
124837895
52442993
1.5
139828289
52442889
1.5
137632070
52442721
1.5
129273688
52442929
1.5
115857320
52445601
1.5
139879753
52442785
1.5
135988000
52442633
1.5
124159384
52442825
1.5
135523535
52442697
1.5
137984119
52442593
1.5
138542938
52442793
1.5
101859890
52448817
1.5
106278193
52443705
1.5
136810953
52442593
1.5
134642790
52442857
1.5
138065806
52442665
1.5
125681940
52443385
1.5
139508627
52442617
1.5
94735895
52446785
1.5
133904623
52442817
1.5
110250484
52444537
1.5
134919066
52442697
1.5
138717603
52442641
1.5
114384990
52442977
1.5
119631630
52443481
1.5
138007321
52442649
1.5
121814935
52443889
1.5
137882171
52442809
1.5
137584297
52442905
1.5
137664850
52442657
1.5
113078487
52444745
1.5
124556643
52443505
1.5
123666005
52443001
1.5
136309556
52442897
1.5
136484117
52442657
1.5
135999675
52442793
1.5
139245960
52442689
1.5
130661060
52442705
1.5
138702652
52442785
1.5
128845155
52442905
1.5
136424015
52442625
1.5
134484277
52442681
1.5
106174742
52445273
1.5
137841236
52442913
1.5
124464230
52443473
1.5
137403104
52442737
1.5
135226160
52442577
1.5
139686011
52442601
1.5
137295858
52442921
1.5
135660523
52442697
1.5
136277250
52442945
1.5
133281770
52442737
1.5
90916308
52447001
1.5
120027159
52443105
1.5
135585434
52442673
1.5
139983135
52442601
1.5
138395253
52442953
1.5
138450445
52442649
1.5
136663552
52442745
1.5
137864611
52442681
1.5
123424785
52442937
1.5
137200163
52442657
1.5
122176130
52443417
1.5
140063960
52442577
1.5
138704907
52442809
1.5
138732148
52442905
1.5
138060223
52442553
1.5
93400990
52446313
1.5
137376669
52442665
1.5
138347060
52442777
1.5
138319571
52442705
1.5
127193105
52443209
1.5
134709578
52443169
1.5
130365622
52442921
1.5
139852551
52442745
1.5
121511450
52443553
1.5
130452870
52443169
1.5
141625569
52442761
1.5
134494682
52442673
1.5
131609211
52442881
1.5
119443170
52443905
1.5
138647620
52442617
1.5
123898407
52443049
1.5
138867075
52442905
1.5
138542950
52442945
1.5
138369965
52442801
1.5
139041209
52442937
1.5
139039075
52442713
1.5
103294665
52446793
1.5
140538612
52442761
1.5
131366188
52442689
1.5
136659299
52442697
1.5
136628964
52442753
1.5
136169626
52442761
1.5
140259083
52442617
1.5
141018261
52442809
1.5
139701568
52442553
1.5
133395327
52443209
1.5
103901920
52444073
1.5
137158926
52442665
1.5
92192670
52448273
1.5
123454270
52443033
1.5
139780492
52442665
1.5
133170829
52442921
1.5
131956955
52443049
1.5
134565085
52442881
1.5
137274301
52442809
1.5
137924134
52442945
1.5
130831083
52443105
1.5
108542795
52445329
1.5
134423190
52442753
1.5
126799401
52442953
1.5
139719145
52442673
1.5
116726210
52444121
1.5
137537399
52442841
1.5
139103020
52442905
1.5
118692070
52443969
1.5
140097591
52442745
1.5
137350680
52442913
1.5
141217028
52442553
1.5
139603808
52442665
1.5
113761787
52443217
1.5
139873410
52442617
1.5
124355480
52443153
1.5
135794823
52442809
1.5
132245753
52443001
1.5
130718473
52443025
1.5
136333960
52442961
1.5
138922415
52442921
1.5
139844755
52442617
1.5
136832615
52442913
1.5
121035595
52443601
1.5
134741249
52443145
1.5
134070985
52443137
1.5
137526888
52442857
1.5
137130034
52442769
1.5
109936241
52445329
1.5
107709773
52444993
1.5
138838982
52442809
1.5
134654876
52442657
1.5
132586549
52442865
1.5
125704106
52442505
1.5
134336246
52442873
1.5
128976485
52443265
1.5
137541577
52443025
1.5
138088610
52442753
1.5
137298833
52442737
1.5
132336353
52442977
1.5
136743667
52442897
1.5
119741435
52443385
1.5
127699955
52442641
1.5
142213604
52442825
1.5
137481551
52442585
1.5
137185080
52442689
1.5
139321728
52442617
1.5
136451527
52442825
1.5
139853441
52442889
1.5
137533429
52442737
1.5
139716737
52442929
1.5
139145008
52442801
1.5
128247939
52442681
1.5
122104267
52442769
1.5
138876960
52442729
1.5
127355066
52443081
1.5
138016761
52442889
1.5
141340505
52442617
1.5
139066818
52442793
1.5
132958808
52442977
1.5
122825247
52442817
1.5
139796551
52442577
1.5
133702992
52442777
1.5
116908715
52443953
1.5
110411732
52445225
1.5
136077865
52442737
1.5
127993804
52442969
1.5
128410001
52443161
1.5
129540804
52442865
1.5
139748682
52442857
1.5
127605347
52442953
1.5
130561625
52443249
