im-aes128-gcm-255
1000
08/28/18
0.3
134562232
52441681
0.3
131532592
52442105
0.3
134154608
52441721
0.3
135103704
52441681
0.3
135700128
52441681
0.3
134861208
52441681
0.3
133987440
52441681
0.3
135696360
52441681
0.3
134086128
52441681
0.4
131998248
52441721
0.3
135753912
52441681
0.3
134658040
52441681
0.3
135496512
52441681
0.3
134712888
52441681
0.3
135001984
52441681
0.3
132713872
52441769
0.3
130815648
52442097
0.4
136816496
52441681
0.3
134933888
52441681
0.3
134849496
52441681
0.3
131384304
52441681
0.3
134851392
52441681
0.3
134227480
52441681
0.4
133970184
52441761
0.3
132174672
52441881
0.3
132446496
52441697
0.3
132968904
52441793
0.3
135161568
52441681
0.3
133047872
52441721
0.3
134712400
52441681
0.3
131756584
52441729
0.3
133607472
52441681
0.3
134591576
52441681
0.3
135057664
52441681
0.3
135791688
52441681
0.3
135616048
52441681
0.3
134973928
52441681
0.3
134166544
52441681
0.3
133798080
52441681
0.3
135924296
52441681
0.3
133082808
52441681
0.3
133903808
52441681
0.3
130385616
52441729
0.4
134209216
52441681
0.3
134139000
52441681
0.3
135449088
52441681
0.3
134517616
52441713
0.3
135186152
52441681
0.3
134749160
52441705
0.3
133912584
52441681
0.3
131777264
52441681
0.3
137351984
52441681
0.3
134601200
52441681
0.3
134348824
52441857
0.3
135781984
52441681
0.3
135529720
52441681
0.3
134136312
52441681
0.3
133583184
52441681
0.3
134963560
52441681
0.4
134798752
52441681
0.3
136384320
52441681
0.3
135622832
52441681
0.3
135402408
52441681
0.3
134856328
52441681
0.3
133875744
52441681
0.4
86308480
52449433
0.3
133475272
52441681
0.3
133909008
52441681
0.3
134464048
52441681
0.3
135158872
52441681
0.3
136139528
52441681
0.3
135593952
52441681
0.3
136817640
52441681
0.3
136804952
52441681
0.3
136234256
52441681
0.3
135002448
52441681
0.3
134409280
52441681
0.3
136892560
52441681
0.3
133124688
52441681
0.3
134254288
52441681
0.3
132805440
52441681
0.3
136241464
52441681
0.4
133009192
52441681
0.3
134577872
52441681
0.3
135920064
52441681
0.3
135128072
52441681
0.3
134992848
52441681
0.3
131172632
52441681
0.3
133115760
52441681
0.3
134723296
52441681
0.3
135351960
52441681
0.3
135393016
52441681
0.3
134731752
52441681
0.3
136210368
52441681
0.3
135449096
52441681
0.3
135442288
52441681
0.3
131632984
52441713
0.3
133483928
52441681
0.3
135858432
52441681
0.3
134275496
52441689
0.3
137144176
52441681
0.3
135314048
52441681
0.3
135330968
52441681
0.3
136389432
52441681
0.3
134613664
52441681
0.3
134193104
52441681
0.3
137568600
52441681
0.3
136061272
52441681
0.3
135529920
52441681
0.3
135753248
52441681
0.3
135248800
52441681
0.3
136387144
52441681
0.3
117983848
52444497
0.3
136768336
52441681
0.3
135018240
52441681
0.3
134405720
52441681
0.3
135201216
52441681
0.3
132220416
52441705
0.3
135247928
52441681
0.3
135480984
52441681
0.3
133058128
52441681
0.3
135498528
52441681
0.3
133729312
52441681
0.3
133233096
52441681
0.3
132636560
52441681
0.3
134882088
52441681
0.4
134177656
52441681
0.3
133787416
52441681
0.4
131992976
52441713
0.3
136206600
52441681
0.3
134857040
52441681
0.3
129681256
52441793
0.3
134217464
52441681
0.3
134745752
52441681
0.3
134707624
52441681
0.3
135871728
52441681
0.3
135461672
52441681
0.3
135467704
52441681
0.3
133254824
52441681
0.3
135960968
52441681
0.3
136698328
52441681
0.4
134524200
52441681
0.3
136599672
52441681
0.3
135166528
52441681
0.3
135931720
52441681
0.3
134746352
52441681
0.3
134935400
52441681
0.3
133855216
52441681
0.3
136306592
52441681
0.3
134049544
52441681
0.3
133129056
52441681
0.3
135500328
52441681
0.3
136382104
52441681
0.3
136317408
52441681
0.3
134098792
52441681
0.3
136208256
52441681
0.3
135381120
52441681
0.3
136668328
52441681
0.3
135860544
52441681
0.3
135105584
52441681
0.3
136310632
52441681
0.3
135189824
52441681
0.3
134649736
52441681
0.3
134870624
52441681
0.3
133661656
52441681
0.3
135069936
52441681
0.3
136531592
52441681
0.3
135631304
52441681
0.3
132827840
52441681
0.3
120622832
52442849
0.3
135900344
52441681
0.3
136084016
52441681
0.3
133806840
52441681
0.3
136015920
52441681
0.3
132675000
52441697
0.3
135318432
52441681
0.3
134951672
52441681
0.3
135210832
52441681
0.4
134247992
52441681
0.3
132655056
52441681
0.3
134191992
52441681
0.3
135761024
52441681
0.3
132942256
52441681
0.3
132850288
52441681
0.3
135103408
52441681
0.3
135023480
52441681
0.3
136265936
52441681
0.3
130854120
52441681
0.3
135430016
52441681
0.3
134391600
52441681
0.3
134792288
52441681
0.3
133189752
52441681
0.3
133670592
52441729
0.3
135123424
52441681
0.3
136145944
52441681
0.3
136506400
52441681
0.3
135579920
52441681
0.3
134228832
52441681
0.3
134612272
52441681
0.3
134678616
52441689
0.4
133701344
52441681
0.3
133423824
52441905
0.3
136061232
52441681
0.3
134644312
52441681
0.3
133689920
52441681
0.3
135899560
52441681
0.3
133761256
52441681
0.3
135737760
52441681
0.3
132211944
52441681
0.3
136309568
52441681
0.3
136441408
52441681
0.3
135289296
52441681
0.3
135915688
52441681
0.3
133233696
52441681
0.3
134503272
52441681
0.3
132235848
52441865
0.3
131441888
52442065
0.3
134603064
52441681
0.3
132674064
52441681
0.3
135203664
52441681
0.3
134869824
52441681
0.3
137556592
52441681
0.3
134246800
52441681
0.3
135898896
52441681
0.3
134265744
52441681
0.3
136726208
52441681
0.3
135842840
52441681
0.3
135429552
52441681
0.3
134621296
52441681
0.3
135142184
52441681
0.3
134523024
52441681
0.3
133179080
52441681
0.3
135291440
52441681
0.3
135808552
52441681
0.3
135423608
52441681
0.3
135443784
52441681
0.3
131702120
52441681
0.3
136269376
52441681
0.3
133990800
52441681
0.3
135395840
52441681
0.3
133282256
52441705
0.3
135249680
52441681
0.3
135852888
52441681
0.3
136798216
52441681
0.3
133229048
52441681
0.3
133281224
52441681
0.3
135419960
52441681
0.3
133526648
52441681
0.4
134163144
52441681
0.3
93851352
52448089
0.3
135312000
52441681
0.3
135246792
52441681
0.3
135751272
52441681
0.3
133608968
52441681
0.3
134531816
52441681
0.3
135154312
52441681
0.3
133786736
52441681
0.3
134027488
52441681
0.3
135293488
52441681
0.3
134019320
52441681
0.3
134795616
52441681
0.3
135961808
52441681
0.3
134514144
52441681
0.3
135326960
52441681
0.3
135960760
52441681
0.3
133713520
52441681
0.3
134871488
52441681
0.3
132704752
52441713
0.3
136608176
52441681
0.3
135580784
52441681
0.3
131845832
52441681
0.3
134941240
52441681
0.3
135742640
52441681
0.3
132913536
52441817
0.3
135227152
52441681
0.3
135568160
52441681
0.3
136035776
52441681
0.3
134619672
52441681
0.3
135249944
52441681
0.3
132993480
52441681
0.3
135211776
52441681
0.3
134538656
52441681
0.3
134659808
52441681
0.3
135249776
52441681
0.3
134070256
52441681
0.3
136286632
52441681
0.3
134428312
52441681
0.3
135594144
52441681
0.3
134949384
52441761
0.4
134170856
52441681
0.3
134361216
52441697
0.3
135451816
52441681
0.3
134077568
52441681
0.3
135021616
52441681
0.3
135990280
52441681
0.3
132994000
52441681
0.3
128097320
52442609
0.3
135127320
52441681
0.3
135862328
52441705
0.3
135749536
52441681
0.3
134895304
52441681
0.3
134624136
52441681
0.3
135863560
52441681
0.3
136393904
52441681
0.3
134130448
52441681
0.3
134664384
52441681
0.3
134812424
52441681
0.3
135205464
52441681
0.3
134854776
52441681
0.3
135222192
52441681
0.3
132727120
52441697
0.3
135107832
52441681
0.3
134650776
52441681
0.3
135358760
52441681
0.3
134659424
52441681
0.3
135070184
52441681
0.3
135017048
52441809
0.3
134376072
52441681
0.3
133653904
52441681
0.3
136136896
52441681
0.3
136276232
52441681
0.3
133584472
52441753
0.3
132818376
52441681
0.3
134043448
52441681
0.3
134159528
52441681
0.3
134446144
52441681
0.3
135292312
52441681
0.3
134596648
52441681
0.3
135373016
52441681
0.3
135455576
52441681
0.3
134718608
52441681
0.3
135949392
52441681
0.3
136206672
52441681
0.3
135495648
52441681
0.3
134167944
52441681
0.3
135730960
52441681
0.3
133943296
52441681
0.3
136423224
52441681
0.3
136096120
52441681
0.3
135800616
52441681
0.3
134658024
52441681
0.3
131123040
52441857
0.3
135567704
52441681
0.3
134837920
52441681
0.3
134298864
52441681
0.3
136706376
52441681
0.3
131585528
52441841
0.3
134335528
52441681
0.3
134483984
52441681
0.3
133617640
52441681
0.3
137285192
52441681
0.3
135930480
52441681
0.3
136032424
52441681
0.3
136496384
52441681
0.3
134601912
52441681
0.3
134742744
52441681
0.3
136240592
52441681
0.3
135365816
52441681
0.3
135015864
52441681
0.3
135610328
52441681
0.3
135864840
52441681
0.3
134432400
52441681
0.3
134333872
52441753
0.3
135006112
52441681
0.3
135767424
52441681
0.3
133956960
52441785
0.3
135411888
52441681
0.3
133791544
52441681
0.3
134572080
52441681
0.3
133983832
52441681
0.3
135134520
52441681
0.3
134584440
52441681
0.3
134268832
52441681
0.3
132853616
52441681
0.3
135360200
52441681
0.3
136370696
52441681
0.3
134599592
52441681
0.3
134338936
52441681
0.3
134863064
52441681
0.3
135636232
52441681
0.3
135867672
52441681
0.3
134997008
52441681
0.3
133847224
52441681
0.3
135087376
52441681
0.3
136343880
52441681
0.3
133878720
52441681
0.3
133929128
52441681
0.3
135714360
52441681
0.3
134365736
52441681
0.3
135567720
52441681
0.3
135123632
52441681
0.3
132813824
52441681
0.3
136194680
52441681
0.3
136648040
52441681
0.4
134850528
52441681
0.3
135385120
52441681
0.3
133341744
52441681
0.3
135294504
52441681
0.3
135002160
52441697
0.3
92419024
52449929
0.3
135385488
52441681
0.3
135122856
52441737
0.3
134127288
52441681
0.3
136045384
52441681
0.3
135257240
52441681
0.3
134847064
52441681
0.3
135257280
52441681
0.3
132410976
52441681
0.3
133067656
52441681
0.3
135753456
52441681
0.3
135042496
52441681
0.3
134489640
52441681
0.3
136140288
52441681
0.3
135252776
52441681
0.3
135509600
52441681
0.3
135837344
52441681
0.3
133058976
52441681
0.3
133948040
52441681
0.3
132272768
52441681
0.3
135526256
52441681
0.3
134848464
52441681
0.3
135539960
52441681
0.3
134229368
52441681
0.3
135233272
52441913
0.3
134607408
52441681
0.3
133757528
52441681
0.4
134300536
52441681
0.3
136650176
52441681
0.3
136143040
52441681
0.3
133342808
52441681
0.4
137610544
52441681
0.3
135626520
52441681
0.3
133178528
52441697
0.3
134024744
52441681
0.3
132339008
52441721
0.3
134700120
52441681
0.3
133509264
52441697
0.3
134700440
52441681
0.3
135703656
52441681
0.3
135438280
52441681
0.3
133016080
52441681
0.3
135506496
52441681
0.3
135821560
52441681
0.3
136170744
52441681
0.3
134410496
52441681
0.3
134862464
52441681
0.3
134067536
52441681
0.3
134552152
52441681
0.3
136384432
52441681
0.3
135595464
52441681
0.3
134277720
52441681
0.3
136157240
52441681
0.3
135476480
52441681
0.3
135760648
52441681
0.3
134912816
52441681
0.3
134182720
52441681
0.3
135956688
52441681
0.3
135290008
52441681
0.3
134020728
52441825
0.3
136190432
52441681
0.3
136474288
52441681
0.3
134400656
52441681
0.3
136168552
52441681
0.3
133627968
52441681
0.3
136322328
52441681
0.3
135514608
52441681
0.3
136474912
52441681
0.3
131984072
52441681
0.3
131326056
52441681
0.3
135743232
52441681
0.3
136034656
52441681
0.3
135140048
52441681
0.3
132406152
52441681
0.3
135783784
52441681
0.3
134917824
52441681
0.3
133885000
52441681
0.3
135626664
52441681
0.3
133864208
52441681
0.3
135481824
52441681
0.3
133986952
52441681
0.3
132242712
52441689
0.3
135848952
52441681
0.3
133315640
52441689
0.3
135398792
52441681
0.3
134926528
52441681
0.3
135550496
52441681
0.3
132651624
52441681
0.3
134113840
52441681
0.3
134524432
52441681
0.3
135632248
52441681
0.3
134288768
52441681
0.3
134514592
52441697
0.3
135134696
52441681
0.3
99748920
52447153
0.3
134809688
52441681
0.3
135329096
52441681
0.3
133964224
52441681
0.3
135161568
52441681
0.3
135526736
52441681
0.3
134520232
52441681
0.3
135869984
52441681
0.3
134647064
52441681
0.3
133428648
52441681
0.3
136788304
52441681
0.3
136062056
52441681
0.3
133355480
52441681
0.3
132950800
52441681
0.3
135772528
52441681
0.3
132145496
52442161
0.3
133455584
52441681
0.3
136236528
52441681
0.3
134686208
52441681
0.3
136818912
52441681
0.3
133963224
52441681
0.3
133699592
52441681
0.3
134456416
52441681
0.3
135750408
52441681
0.4
135899408
52441681
0.3
135212400
52441681
0.3
135258720
52441681
0.3
136294176
52441681
0.3
135573408
52441681
0.3
134505080
52441913
0.3
135008768
52441681
0.3
137018512
52441681
0.3
132841280
52441697
0.3
135417152
52441681
0.3
134459568
52441681
0.3
135858616
52441681
0.3
136667280
52441681
0.3
134490160
52441681
0.3
135350064
52441681
0.3
133328224
52441681
0.3
135126200
52441681
0.3
135304152
52441681
0.3
131679480
52441697
0.3
135578712
52441681
0.3
134628776
52441681
0.3
132545424
52441681
0.3
133978352
52441761
0.3
132816344
52441697
0.3
133982480
52441681
0.3
134788640
52441681
0.3
133292632
52441681
0.3
133319744
52441681
0.3
136794696
52441681
0.3
133421528
52441753
0.3
134363344
52441817
0.3
135762632
52441681
0.3
135535928
52441681
0.3
133745696
52441681
0.3
134245968
52441681
0.3
135691368
52441681
0.3
136465984
52441681
0.3
135334808
52441681
0.3
136397488
52441681
0.3
134651304
52441681
0.3
134767824
52441681
0.3
134465488
52441681
0.3
131934744
52441729
0.3
133525440
52441681
0.3
133962432
52441681
0.3
135352368
52441681
0.3
134618360
52441681
0.3
135263672
52441681
0.3
133110000
52441681
0.3
136202856
52441681
0.3
136080632
52441681
0.3
134210440
52441681
0.3
134344600
52441681
0.3
135938952
52441681
0.3
136221232
52441681
0.3
135917992
52441681
0.3
132673480
52441681
0.3
135460424
52441681
0.3
134379600
52441681
0.3
134691408
52441697
0.3
134374168
52441681
0.3
135328264
52441681
0.3
136312456
52441681
0.3
136824944
52441681
0.3
134070280
52441681
0.3
135909624
52441681
0.3
133835256
52441681
0.3
133863528
52441681
0.3
135589128
52441681
0.3
133980608
52441681
0.3
134924320
52441681
0.3
134417840
52441793
0.3
134728800
52441681
0.3
135805472
52441681
0.3
134608400
52441681
0.3
133108128
52441681
0.3
134750344
52441681
0.3
134603232
52441681
0.3
134503248
52441681
0.3
135765064
52441681
0.3
135534400
52441777
0.3
134417456
52441705
0.3
133559680
52441713
0.3
135595032
52441681
0.3
133640864
52441681
0.3
135365992
52441681
0.3
134907864
52441681
0.3
133745040
52441681
0.3
132728032
52441681
0.3
132544064
52441729
0.3
134061816
52441681
0.3
134699576
52441681
0.3
134801072
52441681
0.3
134529200
52441681
0.3
136306008
52441681
0.3
135067072
52441681
0.3
136134296
52441681
0.3
133396656
52441681
0.3
133409584
52441729
0.3
133917320
52441681
0.3
134959952
52441681
0.3
134432664
52441681
0.3
135262640
52441681
0.3
134656176
52441729
0.3
134944080
52441681
0.3
133919984
52441681
0.3
135399408
52441681
0.3
135785832
52441681
0.3
131954816
52441681
0.3
134789672
52441681
0.3
135017504
52441681
0.3
135674240
52441681
0.3
132758192
52441681
0.3
134791368
52441681
0.3
132738832
52441681
0.3
130689456
52441681
0.3
133812192
52441681
0.3
134133544
52441681
0.3
133009752
52441681
0.3
134839968
52441681
0.3
130982600
52441689
0.3
135530920
52441681
0.3
134697960
52441681
0.3
131774816
52441681
0.3
135127784
52441681
0.3
136447536
52441681
0.3
134818776
52441681
0.3
134546776
52441681
0.3
134174856
52441681
0.3
130732608
52442025
0.3
132353424
52441681
0.3
132957760
52441761
0.3
136151368
52441681
0.3
135760760
52441681
0.3
137020600
52441681
0.3
136043584
52441681
0.3
135246200
52441713
0.3
135179456
52441681
0.3
136298208
52441681
0.3
134222312
52441681
0.3
133755752
52441777
0.3
136020880
52441681
0.3
135963656
52441681
0.3
134594496
52441681
0.3
135546776
52441681
0.3
132180816
52441681
0.3
134665512
52441681
0.3
134939496
52441681
0.3
135075896
52441681
0.3
135189680
52441681
0.3
133332760
52441681
0.3
136494688
52441681
0.3
136400896
52441681
0.3
134768496
52441681
0.3
135610032
52441681
0.3
134289296
52441681
0.3
136573920
52441681
0.3
134648936
52441681
0.3
134622960
52441681
0.3
135388136
52441681
0.3
133945016
52441681
0.3
123723064
52443001
0.3
134717208
52441681
0.3
136427912
52441681
0.3
95150232
52448017
0.3
131782856
52441681
0.3
134207176
52441681
0.3
130886368
52441793
0.3
136007432
52441681
0.3
133889304
52441681
0.3
135916872
52441681
0.3
135452864
52441681
0.3
134662608
52441681
0.4
136324280
52441681
0.3
134094552
52441681
0.3
134127184
52441681
0.3
134848936
52441681
0.3
135769288
52441681
0.3
135028888
52441681
0.3
135054152
52441681
0.3
136112640
52441681
0.3
135969696
52441681
0.3
134646968
52441681
0.3
133199344
52441681
0.3
134922256
52441681
0.3
135123768
52441681
0.3
133480528
52441681
0.3
133378192
52441793
0.3
136249440
52441681
0.3
134260696
52441681
0.3
135988624
52441681
0.3
134132040
52441681
0.3
134652600
52441737
0.3
132961736
52441681
0.3
133620920
52441681
0.3
135419024
52441681
0.3
134562120
52441681
0.3
132931800
52441817
0.3
136971112
52441681
0.3
136429072
52441681
0.3
135142456
52441681
0.3
136622064
52441681
0.3
131569624
52441681
0.3
135230624
52441681
0.3
135764912
52441681
0.3
135195520
52441681
0.3
134152792
52441681
0.3
135932784
52441681
0.3
135344216
52441681
0.3
136434480
52441681
0.3
133593616
52441681
0.3
135607088
52441681
0.3
134677496
52441681
0.3
135851448
52441681
0.3
135670744
52441681
0.3
134683072
52441681
0.3
130900056
52441737
0.3
135144384
52441681
0.3
134607496
52441681
0.3
131753224
52441985
0.3
133807032
52441681
0.3
134414352
52441681
0.3
134511768
52441681
0.3
134519768
52441681
0.3
133748832
52441681
0.3
135234104
52441681
0.3
91334136
52448521
0.3
136156280
52441681
0.3
135138696
52441681
0.3
134228480
52441681
0.3
135568344
52441681
0.3
135435216
52441681
0.4
133996640
52441681
0.3
134951456
52441681
0.3
133626096
52441681
0.3
134168952
52441681
0.3
136418744
52441681
0.3
134927752
52441681
0.3
135249136
52441681
0.3
135584208
52441681
0.3
134335096
52441681
0.3
136328936
52441681
0.3
135403040
52441681
0.3
133450184
52441681
0.3
134548576
52441681
0.3
133463480
52441969
0.3
134989488
52441681
0.3
133654992
52441681
0.3
135371704
52441681
0.3
134221680
52441681
0.3
134747432
52441681
0.3
134063488
52441681
0.3
134913272
52441681
0.3
133097744
52441681
0.3
134764040
52441681
0.3
135530408
52441681
0.3
135148712
52441681
0.3
133812000
52441681
0.3
134859432
52441681
0.3
135747168
52441681
0.3
134451608
52441681
0.3
135332040
52441681
0.3
134915992
52441681
0.3
135670760
52441681
0.3
136229608
52441681
0.3
134173592
52441681
0.3
134088432
52441681
0.3
134712880
52441681
0.3
135635568
52441681
0.3
135153768
52441681
0.3
135100360
52441681
0.3
134599728
52441681
0.3
134812768
52441681
0.3
136953896
52441681
0.3
134609576
52441681
0.3
134029824
52441777
0.3
131824640
52441681
0.3
134365376
52441681
0.3
132347208
52441833
0.3
132700128
52441681
0.3
135789520
52441681
0.3
136201032
52441681
0.3
134959880
52441681
0.3
136249504
52441681
0.3
135890752
52441681
0.3
134296456
52441681
0.3
135440120
52441681
0.3
135053720
52441681
0.3
133783848
52441681
0.3
134994696
52441681
0.3
135921792
52441681
0.3
131007832
52441721
0.3
134009608
52441681
0.3
135210200
52441753
0.3
134498512
52441681
0.3
134810248
52441681
0.3
133916880
52441681
0.3
133149552
52441681
0.3
134304160
52441681
0.3
136573480
52441681
0.3
134714912
52441681
0.3
134975432
52441681
0.3
136742688
52441681
0.3
135537392
52441681
0.3
134470696
52441681
0.3
134938520
52441761
0.3
134935240
52441681
0.3
134117400
52441681
0.3
134674448
52441681
0.3
135105592
52441681
0.3
134059312
52441681
0.3
134752104
52441681
0.3
135508368
52441681
0.3
134997048
52441681
0.3
136912400
52441681
0.3
135127848
52441681
0.3
135815096
52441681
0.3
133560320
52441681
0.3
134784904
52441681
0.3
136029456
52441681
0.3
135044040
52441681
0.3
135028288
52441681
0.3
133178616
52441681
0.3
136116944
52441681
0.3
135784160
52441681
0.3
134038944
52441681
0.3
136063552
52441681
0.3
136572000
52441681
0.3
133554072
52441681
0.3
133875928
52441681
0.3
137179968
52441681
0.3
134317088
52441681
0.3
135500952
52441681
0.3
135207864
52441681
0.3
134696544
52441681
0.3
135241680
52441681
0.3
135601800
52441809
0.3
132887672
52442009
0.3
134495176
52441681
0.3
134633352
52441681
0.3
134860344
52441681
0.3
136588856
52441681
0.3
135362992
52441681
0.3
133292032
52441721
0.3
134534736
52441681
0.3
134122864
52441681
0.3
132698960
52441681
0.3
134105112
52441681
0.3
135123360
52441681
0.3
134502536
52441681
0.3
135415560
52441681
0.3
134669056
52441681
0.3
135571064
52441681
0.3
135600176
52441681
0.3
134900592
52441681
0.3
135987184
52441681
0.3
134603376
52441681
0.3
134543320
52441681
0.3
136379056
52441681
0.3
135762608
52441681
0.3
136676096
52441681
0.3
136235368
52441681
0.3
135115776
52441681
0.3
135407672
52441681
0.3
135267424
52441681
0.3
135372640
52441681
0.3
133600896
52441785
0.3
136145968
52441681
0.3
133722128
52441681
0.3
135148848
52441681
0.3
136503288
52441681
0.3
135304184
52441681
0.3
136006552
52441681
0.3
132734208
52441681
0.3
135131080
52441681
0.3
134457280
52441681
0.3
134868832
52441681
0.3
135057416
52441681
0.3
133737080
52441777
0.3
135818952
52441681
0.3
134739296
52441681
0.3
136254256
52441681
0.3
134222832
52441681
0.3
135643544
52441681
0.3
134572864
52441681
0.3
134693056
52441681
0.3
135142640
52441681
0.3
136079880
52441681
0.3
134974112
52441681
0.3
134900760
52441681
0.3
134705704
52441681
0.3
133084304
52441681
0.3
134198160
52441681
0.3
135772528
52441681
0.3
134916736
52441681
0.3
135366184
52441681
0.3
135779016
52441681
0.3
133613648
52441681
0.3
134098568
52441681
0.3
134390848
52441681
0.3
134108840
52441681
0.3
136728064
52441681
0.3
136213784
52441681
0.3
136601736
52441681
0.3
133146616
52441681
0.3
134690528
52441681
0.3
136082312
52441681
0.3
134640080
52441681
0.3
133918912
52441697
0.3
135964704
52441681
0.3
134740192
52441681
0.3
134164416
52441681
0.3
132980240
52441681
0.3
133110992
52441681
0.3
135702000
52441681
0.3
135982976
52441681
0.3
132089624
52441841
0.3
134253712
52441681
0.3
134354128
52441681
0.3
135839520
52441681
0.3
134888024
52441681
0.3
135595344
52441681
0.3
133285880
52441681
0.3
133767104
52441681
0.3
135172064
52441681
0.3
134065136
52441681
0.3
134592760
52441681
0.3
135113096
52441681
0.3
132102528
52441681
0.3
135277384
52441681
0.3
135812832
52441681
0.3
135016376
52441681
0.3
136239672
52441681
0.4
135143840
52441681
0.3
135180560
52441681
0.3
134492856
52441681
0.3
135852344
52441681
0.3
133708496
52441681
0.3
133310064
52441689
0.3
135085592
52441681
0.3
132638840
52441681
0.3
134933720
52441681
0.3
134680216
52441681
0.3
135408424
52441681
0.3
133767184
52441777
0.3
135315888
52441681
0.3
134949104
52441681
0.3
136268344
52441681
0.3
135711088
52441681
0.3
134512144
52441681
0.3
134667768
52441681
0.3
133904928
52441681
0.3
135012312
52441681
0.3
132433640
52441681
0.3
134663920
52441681
0.3
131380144
52441681
0.3
135562960
52441681
0.3
135207728
52441681
0.3
134774536
52441681
0.3
134315888
52441681
0.3
133442336
52441681
0.3
134412416
52441681
0.3
135692120
52441681
0.3
135793280
52441681
0.4
136176232
52441681
0.3
136050744
52441681
0.3
113103696
52445305
0.3
135897368
52441681
0.3
134791208
52441681
0.3
135177296
52441681
0.3
131730640
52441833
0.3
136239536
52441681
0.3
135749304
52441681
0.3
131909448
52441681
0.3
136088304
52441681
0.3
134632632
52441681
0.3
131702640
52441905
0.3
136191040
52441681
0.3
136207080
52441681
0.3
136227120
52441681
0.3
133612920
52441729
0.3
133586488
52441681
0.3
137323552
52441681
