im-chacha-poly-2048
1000
08/28/18
0.9
135410561
52441737
0.9
134796381
52441745
0.9
135903307
52441785
0.9
135085629
52441729
0.9
134013801
52441737
0.9
134331660
52441713
0.9
135440049
52441729
0.9
136857881
52441729
0.9
136303415
52441737
0.9
136553108
52441705
0.9
135383145
52441729
0.9
130577647
52442177
0.9
134312878
52441729
0.9
134527429
52441969
0.9
135295613
52441737
0.9
136936537
52442137
0.9
137807443
52442377
0.9
138948950
52442449
0.9
133048809
52442673
0.9
136489290
52441729
0.9
137413292
52442257
0.9
134920009
52441721
0.9
137222463
52441737
0.9
135480906
52441737
0.9
133564310
52441729
0.9
136191765
52441713
0.9
135612414
52441729
0.9
135642659
52442617
0.9
136478322
52441833
0.9
132550338
52442857
0.9
136278593
52441737
0.9
132168036
52441721
0.9
135371257
52441729
0.9
136592315
52441713
0.9
135272572
52441721
0.9
134845912
52441729
0.9
133952122
52441729
0.9
134747488
52441705
0.9
134638149
52441729
0.9
130386165
52442817
0.9
134498637
52442289
0.9
136902678
52441729
0.9
132093098
52441729
0.9
135055128
52441729
0.9
134379615
52441737
0.9
136251769
52442473
0.9
136793020
52441729
0.9
137391134
52441745
0.9
137997436
52441953
0.9
134115122
52442593
0.9
135340393
52442569
0.9
136394584
52442257
0.9
134653535
52441737
0.9
137092339
52441745
0.9
137110411
52441737
0.9
134642865
52441721
0.9
132881521
52441713
0.9
131606887
52441761
0.9
136474074
52441729
0.9
136404068
52441745
0.9
134364910
52441873
0.9
137157733
52441745
0.9
133180417
52441729
0.9
131436645
52441705
0.9
134113784
52442713
0.9
136374936
52441705
0.9
133197151
52441737
0.9
137023366
52441737
0.9
139051266
52441961
0.9
129739820
52442769
0.9
136791941
52441737
0.9
135175279
52441713
0.9
134819554
52441737
0.9
136045185
52442505
0.9
138078063
52442273
0.9
133923805
52442449
0.9
136198270
52441737
0.9
134751295
52441721
0.9
136112611
52441721
0.9
136735676
52442401
0.9
136643859
52442161
0.9
136908552
52441713
0.9
136419661
52442481
0.9
137229404
52442321
0.9
135567493
52442449
0.9
133836222
52442593
0.9
133973090
52441737
0.9
136093360
52442569
0.9
136400639
52441729
0.9
135790210
52441737
0.9
138205824
52442201
0.9
136931332
52441697
0.9
131358780
52442633
0.9
134210270
52442593
0.9
133508129
52441721
0.9
135062779
52441873
0.9
137166074
52441737
0.9
134066452
52441737
0.9
138844593
52442457
0.9
137045331
52442009
0.9
138657635
52442561
0.9
134880201
52441745
0.9
136539799
52441737
0.9
134808385
52442537
0.9
134349552
52442025
0.9
135165358
52441729
0.9
135256676
52441737
0.9
136326757
52441745
0.9
138149476
52442113
0.9
135759041
52441729
0.9
138158171
52441849
0.9
138126513
52442401
0.9
135350885
52442081
0.9
133226281
52441889
0.9
135890057
52442073
0.9
136845310
52442449
0.9
137587186
52442337
0.9
138233892
52442089
0.9
135588080
52441785
0.9
134325942
52441713
0.9
135376490
52442545
0.9
134132814
52441705
0.9
135704692
52441729
0.9
133235407
52441729
0.9
136560241
52441713
0.9
131399282
52442361
0.9
136486280
52441737
0.9
135917290
52441721
0.9
138014503
52442185
0.9
135383683
52441729
0.9
136039991
52441729
0.9
134988571
52442329
0.9
133909130
52441721
0.9
135528339
52442529
0.9
137358092
52441721
0.9
134629279
52441729
0.9
134374988
52442713
0.9
136855019
52441745
0.9
137325428
52441729
0.9
127749401
52441737
0.9
135279407
52441689
0.9
134192526
52441737
0.9
139725841
52441985
0.9
136278135
52441745
0.9
131992255
52442209
0.9
133259720
52442513
0.9
135606155
52442585
0.9
135829720
52442553
0.9
138771143
52441881
0.9
136349478
52442521
0.9
135819586
52441745
0.9
130686204
52441881
0.9
131035756
52441729
0.9
136595620
52442529
0.9
137421952
52441721
0.9
137226416
52441897
0.9
135275950
52442281
0.9
133220138
52442497
0.9
136462837
52441721
0.9
136160157
52441729
0.9
134195812
52441729
0.9
136217922
52442193
0.9
132000995
52442601
0.9
135374986
52441721
0.9
138757329
52442313
0.9
133109203
52441737
0.9
136267246
52441729
0.9
136899326
52441737
0.9
137315745
52442433
0.9
135181719
52442441
0.9
133288369
52441729
0.9
135533152
52441737
0.9
134864598
52441833
0.9
137185073
52442353
0.9
131659601
52442609
0.9
136452140
52441737
0.9
136155937
52442497
0.9
137479103
52442505
0.9
137299138
52441737
0.9
134588440
52442521
0.9
135199061
52441737
0.9
137483148
52442257
0.9
136554667
52441737
0.9
136371850
52441713
0.9
136645388
52441737
0.9
136362024
52441737
0.9
134926649
52441929
0.9
136837140
52441729
0.9
136329909
52442145
0.9
135965777
52442289
0.9
134428063
52442617
0.9
137587879
52441825
0.9
134633790
52441713
0.9
136829405
52442161
0.9
136621318
52442281
0.9
137445266
52442537
0.9
137136805
52442201
0.9
138039572
52441737
0.9
137812229
52441961
0.9
133068508
52442681
0.9
136495847
52441737
0.9
136635121
52441721
0.9
136082471
52442497
0.9
135725166
52441729
0.9
138346106
52442249
0.9
134632898
52442297
0.9
133963480
52441713
0.9
135298658
52442585
0.9
134748717
52441729
0.9
137297129
52441945
0.9
132531235
52442417
0.9
138832140
52441985
0.9
131337477
52441745
0.9
133431036
52441737
0.9
136373408
52442305
0.9
134273545
52441713
0.9
139333857
52442041
0.9
131230493
52441729
0.9
136762465
52441705
0.9
134158391
52441705
0.9
134245710
52442305
0.9
139733998
52442585
0.9
136945710
52441985
0.9
134402291
52441825
0.9
136330540
52441913
0.9
134637342
52442537
0.9
135853081
52442641
0.9
133884595
52441729
0.9
137680349
52441721
0.9
134789797
52441721
0.9
135487229
52441705
0.9
135184837
52442025
0.9
132177797
52441729
0.9
132929138
52441721
0.9
134079915
52441721
0.9
135665846
52441737
0.9
132628511
52441745
0.9
133030244
52441705
0.9
135096128
52442521
0.9
136821620
52441721
0.9
135848957
52441729
0.9
133790405
52441713
0.9
136809009
52441713
0.9
131664024
52441705
0.9
135367020
52441713
0.9
135465000
52442249
0.9
136268204
52441729
0.9
135823668
52441737
0.9
138025340
52442337
0.9
135944158
52441737
0.9
135294967
52441713
0.9
135487193
52441721
0.9
135225915
52442433
0.9
137388733
52441737
0.9
136573179
52441737
0.9
131384708
52441737
0.9
137470080
52441921
0.9
138253177
52442393
0.9
138236855
52442417
0.9
136038853
52442193
0.9
138536091
52442273
0.9
137322787
52441713
0.9
133921164
52441737
0.9
133865401
52441737
0.9
134098326
52442473
0.9
134299574
52442585
0.9
132110371
52441729
0.9
133653846
52441729
0.9
133469634
52441729
0.9
137202589
52441753
0.9
135282833
52441729
0.9
135965873
52441721
0.9
136922797
52441905
0.9
136038911
52441761
0.9
138139269
52442497
0.9
134026328
52441737
0.9
134158149
52441729
0.9
136693425
52441729
0.9
134296342
52442153
0.9
133845363
52442441
0.9
134589096
52442497
0.9
135982722
52441745
0.9
138265167
52442561
0.9
137441126
52441897
0.9
130627770
52442689
0.9
134537073
52441793
0.9
133772955
52442465
0.9
134985898
52442265
0.9
133938125
52442529
0.9
134793153
52441729
0.9
136702854
52441729
0.9
134087036
52442481
0.9
133758302
52442081
0.9
134224471
52441729
0.9
136918936
52442289
0.9
137999312
52442009
0.9
136602650
52441737
0.9
135137730
52441737
0.9
138138839
52441809
0.9
137056697
52441713
0.9
136679594
52441729
0.9
134910292
52442193
0.9
137964300
52442433
0.9
137022883
52441737
0.9
134534254
52441993
0.9
137299347
52442001
0.9
134154790
52442593
0.9
132792000
52442761
0.9
139020441
52442385
0.9
137420402
52441745
0.9
134208582
52441737
0.9
134561702
52441737
0.9
135961318
52442449
0.9
132712304
52441737
0.9
136849958
52441713
0.9
134365576
52442281
0.9
134476546
52441721
0.9
134568385
52441721
0.9
135359685
52441737
0.9
134721442
52441729
0.9
139533271
52442393
0.9
132998780
52442505
0.9
137203626
52441721
0.9
138137645
52442137
0.9
137705920
52442249
0.9
135870564
52442305
0.9
138630551
52441745
0.9
135608551
52441729
0.9
136117307
52442393
0.9
133253691
52442449
0.9
135669135
52441729
0.9
135255694
52442417
0.9
135527832
52441945
0.9
135025247
52442049
0.9
136221295
52441721
0.9
136212972
52441721
0.9
136792011
52442225
0.9
136143472
52441745
0.9
133894808
52441729
0.9
130966804
52442217
0.9
135851093
52441737
0.9
134953341
52442481
0.9
136185181
52441985
0.9
136673124
52442241
0.9
133589040
52441737
0.9
137572489
52442025
0.9
133856267
52441697
0.9
134562639
52442121
0.9
138122818
52441729
0.9
134117155
52441721
0.9
135472070
52441737
0.9
136391111
52442249
0.9
136166245
52441737
0.9
135988118
52441729
0.9
134875346
52442633
0.9
135191341
52442289
0.9
139060677
52442529
0.9
133753344
52441721
0.9
130557560
52442369
0.9
135156292
52441769
0.9
137345664
52441721
0.9
136997412
52442089
0.9
134902320
52442457
0.9
136977738
52442209
0.9
135454502
52442553
0.9
133414594
52441737
0.9
137121570
52441729
0.9
138384634
52442521
0.9
134030137
52442585
0.9
137630353
52441857
0.9
137845177
52442281
0.9
138808756
52442377
0.9
137628817
52441737
0.9
134804360
52442249
0.9
132849710
52442729
0.9
136139812
52442513
0.9
134335787
52441729
0.9
137057786
52441729
0.9
134674692
52441721
0.9
134231200
52441745
0.9
135155131
52442089
0.9
136417353
52441729
0.9
135825294
52442441
0.9
137799722
52441721
0.9
136809190
52441849
0.9
136385512
52441737
0.9
136787386
52441705
0.9
138508418
52441841
0.9
136987982
52442113
0.9
133317825
52441729
0.9
135269620
52441745
0.9
132865798
52441705
0.9
134370235
52441977
0.9
136905778
52442369
0.9
134053532
52442505
0.9
135431076
52441737
0.9
137804839
52442377
0.9
132797855
52442585
0.9
138468302
52441889
0.9
135725524
52442353
0.9
135165402
52441729
0.9
135191591
52441705
0.9
134424883
52442417
0.9
136207489
52442161
0.9
134471919
52442361
0.9
134985447
52442553
0.9
134522360
52442665
0.9
135493574
52442409
0.9
135422268
52441745
0.9
132673703
52442489
0.9
136935870
52442521
0.9
136381466
52441737
0.9
136607150
52441745
0.9
135912253
52441729
0.9
136582669
52442545
0.9
138346393
52442113
0.9
133792831
52442569
0.9
137532361
52441737
0.9
133376004
52441713
0.9
135489702
52441729
0.9
135623135
52441737
0.9
136026599
52442185
0.9
137246575
52441737
0.9
136758192
52441721
0.9
135759499
52441713
0.9
135345033
52442585
0.9
137018749
52441745
0.9
135799494
52442457
0.9
136876132
52441729
0.9
134972756
52441737
0.9
135366083
52441729
0.9
133228962
52441721
0.9
130655706
52441745
0.9
137730255
52442377
0.9
134842260
52441721
0.9
138657865
52442353
0.9
137356098
52441721
0.9
135957064
52441745
0.9
134427910
52441753
0.9
135503750
52442473
0.9
130028920
52441737
0.9
133313256
52442617
0.9
133621768
52441721
0.9
136676808
52441737
0.9
133102534
52441729
0.9
134092716
52441737
0.9
132704947
52442521
0.9
135804628
52441705
0.9
138690212
52441985
0.9
133238142
52441737
0.9
135361573
52441713
0.9
136158187
52441721
0.9
136283946
52442441
0.9
136368333
52441841
0.9
134008175
52442585
0.9
137151774
52442465
0.9
133969230
52441729
0.9
137609467
52441729
0.9
129472321
52442513
0.9
137927762
52441737
0.9
135770307
52441721
0.9
134936061
52441713
0.9
137796321
52441985
0.9
137959706
52442137
0.9
135638001
52441729
0.9
135275331
52441729
0.9
135449093
52441721
0.9
136061776
52441721
0.9
136428787
52441729
0.9
134383657
52441737
0.9
135187115
52442585
0.9
135001640
52442721
0.9
136583560
52441993
0.9
132327575
52441729
0.9
135270810
52441737
0.9
130737439
52442497
0.9
135078688
52441929
0.9
134553871
52441737
0.9
136261613
52442449
0.9
137546810
52441953
0.9
134532010
52442673
0.9
134568960
52441737
0.9
135162559
52441737
0.9
133961518
52442617
0.9
133460328
52441769
0.9
135755299
52442169
0.9
135715642
52442529
0.9
137469360
52441737
0.9
137211356
52441713
0.9
136070572
52441793
0.9
133768008
52442609
0.9
137450128
52442425
0.9
133747950
52441721
0.9
134029663
52442129
0.9
135022195
52441929
0.9
135847556
52441721
0.9
136599115
52441729
0.9
137388642
52442001
0.9
137820986
52441969
0.9
135488502
52441737
0.9
134763718
52441721
0.9
133715224
52441721
0.9
133659935
52441729
0.9
136187010
52442497
0.9
135207976
52441833
0.9
135959115
52441713
0.9
135391611
52442057
0.9
131622131
52442449
0.9
137221058
52442449
0.9
134505890
52441737
0.9
135537580
52441705
0.9
138840561
52442297
0.9
135291933
52441753
0.9
134662620
52442145
0.9
135997149
52442345
0.9
135785506
52441729
0.9
136896382
52441737
0.9
134851208
52441793
0.9
138502675
52441953
0.9
135691836
52441721
0.9
135444922
52441729
0.9
137583598
52441721
0.9
135176789
52442385
0.9
133728514
52442481
0.9
136037874
52442449
0.9
140082142
52442377
0.9
135427782
52441705
0.9
135858304
52441753
0.9
136298364
52441729
0.9
134972947
52442281
0.9
134304503
52441721
0.9
135664211
52442369
0.9
133628201
52442377
0.9
135364706
52442473
0.9
131224496
52442601
0.9
130831488
52442633
0.9
134555243
52441825
0.9
134777050
52441713
0.9
139564810
52442521
0.9
134696452
52442193
0.9
132339973
52441729
0.9
135768781
52441737
0.9
134985118
52442553
0.9
137996112
52441737
0.9
136462517
52441889
0.9
135364278
52441729
0.9
135271814
52441737
0.9
135070105
52442481
0.9
134921843
52442681
0.9
134423908
52442209
0.9
136079627
52441729
0.9
134713880
52442441
0.9
134375116
52441737
0.9
137642575
52441745
0.9
129659335
52441729
0.9
134471200
52442585
0.9
133432755
52441729
0.9
136163925
52441729
0.9
138769968
52441729
0.9
134187585
52442585
0.9
132729230
52441737
0.9
133632410
52441729
0.9
137067795
52441705
0.9
137131964
52441729
0.9
138274389
52442065
0.9
133841700
52441729
0.9
135298900
52441737
0.9
137983706
52442377
0.9
134520016
52441737
0.9
137204601
52441801
0.9
137281306
52441865
0.9
137481284
52441729
0.9
136682508
52441929
0.9
135539783
52441713
0.9
132940105
52442633
0.9
133092603
52442465
0.9
135329935
52441737
0.9
136185378
52441705
0.9
136188534
52441745
0.9
138929957
52441737
0.9
130319003
52442577
0.9
134869525
52441737
0.9
133646475
52441713
0.9
139421995
52442273
0.9
136990566
52441737
0.9
134801770
52441721
0.9
135102800
52441777
0.9
134375178
52441713
0.9
136846691
52442433
0.9
139407936
52442313
0.9
135955037
52441713
0.9
139504000
52442001
0.9
134717744
52441737
0.9
133450826
52441737
0.9
132332540
52442537
0.9
136139235
52441737
0.9
136487189
52442337
0.9
136029957
52441753
0.9
136068184
52441761
0.9
139217433
52442417
0.9
133960929
52441713
0.9
137001502
52441737
0.9
137155207
52441729
0.9
133317055
52442449
0.9
135634322
52442521
0.9
136355739
52441729
0.9
139054384
52442185
0.9
137176309
52442449
0.9
139314291
52442313
0.9
134377810
52442833
0.9
135139169
52441729
0.9
134607476
52441737
0.9
136068667
52442321
0.9
128414218
52441921
0.9
133699049
52441729
0.9
137275411
52441721
0.9
134168157
52442353
0.9
136936650
52441849
0.9
135048131
52441721
0.9
137132285
52441841
0.9
135394189
52442345
0.9
137417481
52441737
0.9
137129721
52441809
0.9
136755535
52441905
0.9
137097043
52441729
0.9
133708907
52442521
0.9
132691967
52442113
0.9
135546528
52441729
0.9
136285250
52442409
0.9
134023415
52441737
0.9
132902740
52441705
0.9
137286015
52441705
0.9
132842975
52441737
0.9
135289603
52442057
0.9
138233808
52442297
0.9
137314615
52442409
0.9
138614993
52442441
0.9
134870612
52441729
0.9
136751870
52441737
0.9
135532233
52441737
0.9
136803726
52441737
0.9
136367167
52441737
0.9
137378685
52442377
0.9
135880356
52442225
0.9
133981678
52441729
0.9
137166046
52441721
0.9
136340141
52442433
0.9
134710275
52442649
0.9
137879600
52441737
0.9
136149951
52441737
0.9
134665875
52442521
0.9
136746080
52442153
0.9
136511012
52441737
0.9
134034811
52442569
0.9
138331709
52442481
0.9
126753830
52442641
0.9
137270641
52442265
0.9
134753643
52442449
0.9
138836713
52442289
0.9
135862390
52442609
0.9
133467345
52442513
0.9
135918150
52442545
0.9
130364850
52441745
0.9
131426925
52442569
0.9
138380768
52441905
0.9
135492129
52442577
0.9
135271308
52442025
0.9
135620630
52442097
0.9
134472607
52441721
0.9
136595219
52441737
0.9
132204678
52441729
0.9
135125799
52441921
0.9
136413040
52441833
0.9
133953314
52442569
0.9
135201524
52441737
0.9
133520223
52441737
0.9
136458062
52442425
0.9
134021051
52441737
0.9
135707887
52441737
0.9
136032351
52441737
0.9
135250430
52441737
0.9
134158088
52441737
0.9
131006179
52442377
0.9
134281276
52442489
0.9
137228076
52442049
0.9
136574952
52441961
0.9
135251280
52441721
0.9
134920200
52442481
0.9
138058304
52441993
0.9
139382112
52442417
0.9
131239866
52441737
0.9
136641469
52441729
0.9
134842005
52441737
0.9
134085282
52441705
0.9
138636312
52442265
0.9
138105994
52442553
0.9
134422911
52442529
0.9
136915709
52441729
0.9
138063517
52442361
0.9
137467742
52441793
0.9
136092164
52441729
0.9
134960590
52442305
0.9
136204710
52442289
0.9
129449606
52441857
0.9
135731940
52441737
0.9
134040120
52441729
0.9
137479375
52441737
0.9
133393939
52441721
0.9
134647142
52441729
0.9
136260046
52441737
0.9
131906988
52441745
0.9
136862684
52442473
0.9
137878473
52442401
0.9
136257120
52441721
0.9
133317841
52442513
0.9
137162498
52442569
0.9
135242102
52441737
0.9
137748112
52441745
0.9
135068270
52441745
0.9
134680710
52441953
0.9
136716720
52441729
0.9
130664398
52441761
0.9
136969620
52441961
0.9
134608818
52441809
0.9
136193103
52441737
0.9
134247200
52442401
0.9
138731869
52442017
0.9
133255276
52442657
0.9
136859614
52441705
0.9
136268667
52441721
0.9
134662946
52442489
0.9
135263109
52442449
0.9
136223241
52441705
0.9
138900261
52441737
0.9
135733138
52442193
0.9
137369949
52441737
0.9
137189775
52441713
0.9
133984579
52441729
0.9
136316045
52441745
0.9
136584893
52442465
0.9
133050957
52442489
0.9
133737782
52442281
0.9
137584855
52441729
0.9
137114531
52441729
0.9
138997343
52441953
0.9
137015318
52442449
0.9
131762422
52442553
0.9
135458594
52442097
0.9
137482412
52441737
0.9
130699838
52442481
0.9
135029564
52441737
0.9
135778084
52441729
0.9
135925471
52442377
0.9
133819351
52441729
0.9
135890203
52441729
0.9
135400898
52441729
0.9
135990167
52442513
0.9
136585357
52442097
0.9
133597255
52441969
0.9
136038508
52441993
0.9
137736365
52441929
0.9
134849681
52442529
0.9
133852396
52441729
0.9
138316008
52442265
0.9
136731596
52441865
0.9
134876839
52441721
0.9
137217170
52442513
0.9
134796850
52442305
0.9
137636768
52441977
0.9
137050475
52442457
0.9
134098920
52441737
0.9
136267585
52441729
0.9
134498285
52441705
0.9
136313695
52441721
0.9
133658190
52441729
0.9
136640356
52442545
0.9
135605311
52441737
0.9
135236379
52441737
0.9
134337108
52441745
0.9
137041605
52441737
0.9
137053754
52441737
0.9
132889789
52441721
0.9
133326297
52441729
0.9
135090775
52441737
0.9
134618895
52441737
0.9
137089318
52442241
0.9
136397348
52441713
0.9
138068579
52441729
0.9
135964510
52441737
0.9
134168388
52441745
0.9
137105164
52441737
0.9
135431807
52441737
0.9
135013249
52441737
0.9
134868385
52441745
0.9
134179834
52441713
0.9
137886329
52441817
0.9
134373521
52441729
0.9
132916095
52442689
0.9
133560254
52442569
0.9
137629368
52441721
0.9
135654961
52441729
0.9
135626681
52442457
0.9
136485810
52442529
0.9
137918210
52442081
0.9
133476550
52441729
0.9
133902915
52441737
0.9
135640875
52441737
0.9
134240983
52442041
0.9
135814746
52442593
0.9
137186377
52442393
0.9
136332638
52441721
0.9
135959506
52441729
0.9
135909195
52441737
0.9
136321672
52441745
0.9
134534636
52441737
0.9
135911144
52441737
0.9
135548463
52441745
0.9
135974501
52442209
0.9
131983177
52442641
0.9
135069585
52442545
0.9
134852200
52442537
0.9
133495772
52441745
0.9
135137719
52441745
0.9
139330477
52442169
0.9
135413381
52441737
0.9
132420023
52442593
0.9
135807546
52441705
0.9
136385956
52441721
0.9
135112622
52441729
0.9
134221637
52441737
0.9
137030840
52442265
0.9
133683030
52442593
0.9
135697157
52441993
0.9
132926762
52441833
0.9
137065822
52441737
0.9
137815468
52441745
0.9
133424709
52441721
0.9
134775775
52441705
0.9
135905306
52441729
0.9
139366814
52442257
0.9
132496541
52441729
0.9
133863143
52441721
0.9
133990757
52442809
0.9
136341669
52441737
0.9
137043632
52441737
0.9
134651860
52441737
0.9
134083019
52441729
0.9
123592425
52441953
0.9
136260312
52441737
0.9
137629126
52441929
0.9
132480110
52442537
0.9
137039357
52441865
0.9
136486293
52441793
0.9
135581166
52441729
0.9
133728211
52441737
0.9
134681525
52441729
0.9
135660298
52442521
0.9
137008423
52442017
0.9
137568503
52441897
0.9
137180414
52442385
0.9
137491931
52441897
0.9
136231464
52441721
0.9
135668523
52441777
0.9
137281439
52441817
0.9
135043769
52441865
0.9
134803928
52442457
0.9
135453188
52442545
0.9
132982296
52442569
0.9
134137283
52441833
0.9
132639606
52441721
0.9
132382850
52441721
0.9
135065455
52442505
0.9
135634577
52441737
0.9
139181321
52442561
0.9
137798054
52441729
0.9
136257138
52441737
0.9
134295842
52441737
0.9
137276407
52441729
0.9
134968400
52442505
0.9
136472615
52442521
0.9
133628215
52442489
0.9
135726762
52441793
0.9
137016573
52441737
0.9
135156210
52442529
0.9
135277207
52441745
0.9
133899481
52441729
0.9
135577448
52441737
0.9
134623811
52442481
0.9
136442198
52441729
0.9
134647239
52441793
0.9
134141250
52441713
0.9
132455295
52442585
0.9
133722977
52441721
0.9
135187778
52441729
0.9
136864339
52441737
0.9
136687708
52441721
0.9
137543796
52442449
0.9
134398731
52442481
0.9
134216400
52441729
0.9
136087351
52441737
0.9
132345298
52441737
0.9
131542339
52442457
0.9
136180555
52442361
0.9
134452681
52442521
0.9
134407270
52442169
0.9
136537513
52441737
0.9
131169321
52442465
0.9
134951880
52442313
0.9
137942264
52442201
0.9
133176205
52442577
0.9
135765498
52441729
0.9
138442284
52442433
0.9
136232850
52442081
0.9
135019131
52442473
0.9
133019144
52442561
0.9
133299917
52441985
0.9
133721885
52442601
0.9
135914214
52441745
0.9
132242600
52442689
0.9
135808061
52441841
0.9
134881114
52441705
0.9
136943018
52442201
0.9
135630136
52441737
0.9
135144725
52442393
0.9
137730041
52442281
0.9
132089790
52442489
0.9
134584310
52442529
0.9
136058038
52441729
0.9
135130891
52441737
0.9
132031788
52442481
0.9
134056747
52441705
0.9
135588006
52442545
0.9
132994354
52442673
0.9
137590036
52441993
0.9
138599250
52441705
0.9
135808682
52441801
0.9
136997039
52442121
0.9
138685168
52441977
0.9
134762655
52442601
0.9
134564423
52441729
0.9
135683846
52442649
0.9
133501389
52442393
0.9
134809596
52442505
0.9
134567710
52441705
0.9
134656451
52441729
0.9
136419953
52442393
0.9
135420210
52442409
0.9
134663288
52441985
0.9
133128450
52441737
0.9
135291394
52441713
0.9
136288204
52441737
0.9
134468641
52441721
0.9
135846201
52441729
0.9
133651925
52441729
0.9
135833177
52441921
0.9
137144484
52441825
0.9
132023548
52442105
0.9
137861693
52441737
0.9
136876789
52441737
0.9
137569364
52441737
0.9
136191652
52442097
0.9
135561055
52442697
0.9
136372827
52441713
0.9
137217808
52441737
0.9
135265284
52441713
0.9
137935765
52441729
0.9
134097393
52442401
0.9
135767451
52441729
0.9
137882623
52441737
0.9
137606637
52442377
0.9
136821997
52441729
0.9
135621411
52441729
0.9
135938179
52441857
0.9
136150351
52441857
0.9
138593362
52442433
0.9
134906258
52442465
0.9
131164126
52441737
0.9
135851837
52441745
0.9
136798030
52441817
0.9
137715235
52441745
0.9
135467560
52442521
0.9
135543774
52441721
0.9
134247641
52441737
0.9
135069543
52441737
0.9
133135494
52442233
0.9
134498660
52441729
0.9
135400037
52441729
0.9
134332395
52441713
0.9
134908736
52441713
0.9
136329048
52441713
0.9
134388286
52441721
0.9
137637815
52442361
0.9
138257334
52442193
0.9
136289539
52441737
0.9
136336840
52441729
0.9
131868836
52441737
0.9
135229932
52441737
0.9
135204639
52441737
0.9
134393685
52442481
0.9
135946459
52441737
