im-chacha-poly-4095
1000
08/28/18
0.9
143865528
52441697
0.9
143687576
52441993
0.9
143731656
52442241
0.9
144254824
52441889
0.9
147223680
52442185
0.9
143462720
52442289
0.9
142594376
52441697
0.9
144023576
52442305
0.9
142408896
52441785
0.9
143490760
52442097
0.9
143929112
52441697
0.9
143289184
52441737
0.9
146197408
52442161
0.9
143783456
52442057
0.9
143716464
52441737
0.9
145372344
52442313
0.9
146136024
52441969
0.9
142461808
52441721
0.9
142972968
52441737
0.9
139245520
52441697
0.9
145462952
52441849
0.9
145051256
52441729
0.9
145811840
52442201
0.9
142765104
52441889
0.9
142872808
52442129
0.9
143266712
52441737
0.9
145512576
52442337
0.9
147080920
52441889
0.9
143848592
52442385
0.9
144932896
52441945
0.9
144585056
52442345
0.9
145911472
52442265
0.9
144914440
52442201
0.9
144230760
52441697
0.9
145115608
52441945
0.9
145838440
52441737
0.9
143860128
52441873
0.9
141605648
52441737
0.9
142083840
52441705
0.9
146075224
52442313
0.9
141478888
52442073
0.9
144525584
52442065
0.9
143871520
52442209
0.9
144418456
52441737
0.9
142189480
52441953
0.9
144621096
52441945
0.9
142870808
52441729
0.9
145945896
52442161
0.9
145626176
52442113
0.9
145807016
52442049
0.9
146554720
52441737
0.9
143942032
52441881
0.9
142570000
52441769
0.9
145849792
52441897
0.9
142821528
52441777
0.9
145562232
52441985
0.9
142559352
52441913
0.9
144425224
52441697
0.9
147321480
52441929
0.9
142733088
52442417
0.9
144483768
52441881
0.9
144626168
52442321
0.9
143827312
52441921
0.9
144755760
52441841
0.9
143060528
52442249
0.9
142921776
52441721
0.9
146007264
52441961
0.9
143870672
52442497
0.9
145473520
52441729
0.9
144188432
52441793
0.9
142863984
52442577
0.9
141140136
52441937
0.9
143798784
52441705
0.9
145272456
52442385
0.9
145203456
52441697
0.9
145796096
52442161
0.9
143083424
52441809
1.0
141194600
52441705
0.9
144935632
52441737
0.9
145610456
52442089
0.9
144742336
52442289
0.9
144308152
52441721
0.9
145448640
52442473
0.9
144210368
52441881
0.9
144047976
52441889
0.9
144616440
52441769
0.9
139751896
52442153
0.9
144483760
52441873
0.9
141390296
52441737
0.9
145846008
52442033
0.9
144836856
52442401
0.9
142557696
52442145
0.9
143819456
52441905
0.9
143559472
52441929
0.9
142393728
52441921
0.9
141947680
52442377
0.9
142042664
52441945
0.9
139984816
52442817
0.9
142288408
52441953
0.9
142766688
52441697
0.9
142205400
52441737
0.9
143266240
52442129
0.9
144783112
52441953
0.9
143044464
52442001
0.9
141934776
52441945
0.9
142505160
52441857
0.9
142968344
52441697
0.9
141896160
52442393
0.9
144331840
52442033
0.9
145072272
52442169
0.9
142364328
52441753
0.9
146064056
52442081
0.9
144222608
52441849
0.9
142428656
52441793
0.9
141797344
52442137
0.9
143436408
52442105
0.9
142169072
52441753
0.9
146627976
52442257
0.9
143358792
52441705
0.9
145343344
52441729
0.9
143697016
52441705
0.9
146010472
52441905
0.9
144334144
52442025
0.9
141408576
52441737
0.9
142519560
52441737
0.9
141528728
52442001
0.9
144042848
52441705
0.9
142695560
52441801
0.9
144562608
52441929
0.9
140585760
52441737
0.9
144375272
52441761
0.9
141835280
52441929
0.9
144956384
52441945
0.9
136061736
52442177
0.9
142578576
52441833
0.9
142722632
52441873
0.9
144747344
52442249
0.9
138754520
52441937
0.9
140509872
52441705
0.9
142720728
52441953
0.9
143828376
52442313
0.9
143773656
52441705
0.9
145238112
52441737
0.9
142268328
52441737
0.9
146539704
52441961
0.9
143590696
52442185
0.9
139293360
52441873
0.9
141619736
52442249
0.9
144223656
52441697
0.9
144595584
52442361
0.9
144820192
52441961
0.9
144281448
52442009
0.9
144883048
52441817
0.9
143255312
52441697
0.9
147303208
52442153
0.9
145472560
52441737
0.9
143835800
52441753
0.9
148555600
52442249
0.9
142201544
52442329
0.9
144763056
52441737
0.9
143967912
52442041
0.9
145686864
52441929
0.9
142801832
52441801
0.9
144185760
52441705
0.9
143102984
52441953
0.9
141867552
52441897
0.9
143546776
52441841
0.9
142033560
52441697
0.9
145402768
52442265
0.9
141939008
52441953
0.9
145539000
52441977
0.9
140872336
52441713
0.9
140710776
52442345
0.9
144111024
52441729
0.9
144884592
52441801
0.9
141173384
52441737
0.9
142085568
52441689
0.9
147836912
52442193
0.9
145027016
52442185
0.9
143664872
52441705
0.9
140630696
52441905
0.9
141085528
52441945
0.9
143600216
52441865
0.9
141686056
52442121
0.9
143868776
52441737
0.9
145771264
52441945
0.9
144593216
52441969
0.9
146054216
52441737
0.9
144606600
52441721
0.9
144931792
52442233
0.9
139951008
52441721
0.9
144365456
52441841
0.9
144545352
52442289
0.9
144040296
52441745
0.9
146167064
52441721
0.9
138352928
52441705
0.9
142080056
52441785
0.9
143590472
52442169
0.9
144033848
52441969
0.9
144463928
52441737
0.9
144959400
52442041
0.9
142439632
52441961
0.9
144464592
52441761
0.9
142423960
52442217
0.9
141742680
52442393
0.9
144073288
52441801
0.9
143894632
52442417
0.9
141481512
52442457
0.9
143230496
52442137
0.9
144676712
52442009
0.9
143972816
52441729
0.9
146698184
52442177
0.9
142664520
52442001
0.9
144886184
52442321
0.9
143301424
52442353
0.9
145093448
52442017
0.9
145378072
52442145
0.9
143138360
52441761
0.9
145387752
52441945
0.9
138888368
52442441
0.9
143098904
52441841
0.9
142020672
52442201
0.9
142011240
52441953
0.9
144627944
52442433
0.9
145514008
52442177
0.9
141514288
52442281
0.9
144747640
52441921
0.9
142873120
52442225
0.9
141921096
52441705
0.9
146187400
52441889
0.9
137739768
52441833
0.9
144339048
52441705
0.9
146762376
52441977
0.9
143727896
52442345
0.9
144194456
52441825
0.9
141417056
52441961
0.9
144604768
52441737
0.9
143673744
52442209
0.9
140302208
52441729
0.9
142040848
52441937
0.9
142898216
52441721
0.9
140896576
52442377
0.9
144973752
52441841
0.9
143900992
52442129
0.9
144639096
52442289
0.9
147782984
52441881
0.9
143542880
52442305
0.9
142722488
52442025
0.9
141539760
52441817
0.9
145478160
52442137
0.9
142120208
52441753
0.9
144537920
52442377
0.9
143399048
52442345
0.9
143898696
52441977
0.9
145147312
52442353
0.9
143645136
52442177
0.9
143108056
52441737
0.9
143783272
52441945
0.9
146713528
52442105
0.9
144330104
52441769
0.9
143903112
52441993
0.9
145619416
52441689
0.9
141239184
52441737
0.9
145898336
52441697
0.9
142994672
52441953
0.9
145724496
52442385
0.9
144921992
52442193
0.9
142866368
52442209
0.9
144478112
52442033
0.9
145864752
52442217
0.9
145833232
52442033
0.9
146166856
52442201
0.9
144906552
52442153
0.9
146032936
52441905
0.9
138434416
52441705
0.9
145678496
52441913
0.9
144891904
52441993
0.9
143929640
52441729
0.9
145369256
52442001
0.9
143953240
52441737
0.9
144242672
52442113
0.9
145215136
52442129
0.9
141593712
52442257
0.9
143112880
52441745
0.9
145335648
52442017
0.9
148503352
52441993
0.9
141716944
52441785
0.9
143732968
52441737
0.9
144139560
52442033
0.9
144173696
52441761
0.9
146926200
52442129
0.9
144919096
52441937
0.9
147184088
52441857
0.9
142522848
52441961
0.9
145693560
52441833
0.9
144600128
52442017
0.9
145520784
52442065
0.9
144884048
52441697
0.9
145327968
52442105
0.9
142501304
52441881
0.9
145964768
52442113
0.9
143522896
52442049
0.9
145167496
52442033
0.9
140645832
52441697
0.9
142121528
52441753
0.9
145337936
52442225
0.9
146082912
52441841
0.9
139814872
52441865
0.9
145953528
52441993
0.9
144975048
52442489
0.9
144388112
52441849
0.9
143963960
52441865
0.9
142931576
52441809
0.9
146121472
52442369
0.9
146106888
52442129
0.9
145412472
52442097
0.9
143431472
52441977
0.9
144692560
52441881
0.9
145061280
52442089
0.9
139539712
52441809
0.9
144113016
52442041
0.9
145479616
52442417
0.9
146483408
52442233
0.9
144612360
52441953
0.9
139713424
52442841
0.9
145065104
52442097
0.9
144688192
52442225
0.9
139579064
52441793
0.9
146540304
52441937
0.9
143341384
52442401
0.9
140611648
52442121
0.9
145034216
52441977
0.9
143616328
52442041
0.9
137647064
52441969
0.9
144441760
52441737
0.9
142977496
52441929
0.9
140952936
52441833
0.9
142624728
52441697
0.9
141273024
52441697
0.9
142625112
52441737
0.9
141564528
52442409
0.9
143305032
52442097
0.9
144038448
52441721
0.9
143287920
52441929
0.9
142221760
52442009
0.9
145949984
52441857
0.9
143463424
52441737
0.9
144846656
52442089
0.9
145130528
52442017
0.9
145085104
52441905
0.9
144070720
52441873
0.9
143626952
52441897
0.9
145201880
52442241
0.9
142924120
52442161
0.9
145584104
52442345
0.9
143444736
52442105
0.9
144961656
52441689
0.9
142517536
52441857
0.9
144973016
52441801
0.9
144210976
52442209
0.9
145125672
52441689
0.9
143907976
52441713
0.9
144260952
52442321
0.9
145410656
52442017
0.9
141876664
52441969
0.9
142295944
52442105
0.9
142825520
52442225
0.9
143642712
52441977
0.9
144235960
52441889
0.9
145388520
52442065
0.9
143468312
52441793
0.9
144689976
52441985
0.9
144864648
52441817
0.9
141408616
52442361
0.9
141898784
52441697
0.9
145853504
52442233
0.9
143405520
52442241
0.9
139779216
52442609
0.9
144652568
52442065
0.9
145241584
52441929
0.9
144017168
52441785
0.9
143244912
52441817
0.9
145045984
52441817
0.9
134717504
52441801
0.9
140166416
52441825
0.9
144734032
52441697
0.9
144971280
52441745
0.9
143280208
52441737
0.9
144116016
52441737
0.9
144415520
52441737
0.9
143299032
52441873
0.9
139677448
52441905
0.9
141696944
52442033
0.9
143985760
52441953
0.9
145822880
52442337
0.9
142541608
52441729
0.9
144716296
52441793
0.9
141989344
52442305
0.9
145516976
52441985
0.9
142486232
52441993
0.9
140890624
52441929
0.9
143157176
52442313
0.9
141295936
52441913
0.9
143253552
52442185
0.9
143363184
52442353
0.9
145790328
52442289
0.9
143696232
52441913
0.9
141782496
52442313
0.9
146646848
52442249
0.9
143117248
52441841
0.9
146190144
52441889
0.9
143056544
52442433
0.9
144917688
52442313
0.9
140574880
52442361
0.9
144464208
52442129
0.9
140904328
52441809
0.9
144206312
52442201
0.9
145148632
52441737
0.9
143603080
52441769
0.9
139927072
52442337
0.9
144737696
52442009
0.9
142478856
52441889
0.9
145326624
52441857
0.9
140298624
52441817
0.9
146041000
52441953
0.9
144145024
52442081
0.9
139671360
52442409
0.9
144150384
52441737
0.9
144719216
52441905
0.9
141169104
52442465
0.9
142866888
52441993
0.9
142494384
52441737
0.9
144653368
52441745
0.9
145303312
52441705
0.9
139154656
52442521
0.9
145334840
52442073
0.9
143863744
52442145
0.9
144662200
52442041
0.9
140974408
52441753
0.9
144302648
52442089
0.9
141425072
52441753
0.9
144383720
52441705
0.9
146212472
52441785
0.9
143943160
52441809
0.9
144036368
52441713
0.9
143383896
52441953
0.9
145840792
52441881
0.9
143884896
52441697
0.9
143204560
52442153
0.9
144221448
52441761
0.9
145627856
52441841
0.9
144062608
52441945
0.9
145981704
52441905
0.9
146302856
52441801
0.9
145224088
52441889
0.9
145194600
52441857
0.9
145750944
52441697
0.9
144519232
52442385
0.9
140382064
52442209
0.9
143466792
52442137
0.9
143102024
52442273
0.9
145087912
52442569
0.9
144970672
52442145
0.9
144838808
52441753
0.9
146443344
52442129
0.9
138538440
52442065
0.9
143229904
52441689
0.9
146867216
52442353
0.9
145183752
52441801
0.9
141005824
52442121
0.9
143019456
52441705
0.9
144998528
52442009
0.9
147538280
52442193
0.9
140490344
52441873
0.9
146465624
52441913
0.9
143621680
52442457
0.9
141908432
52442401
0.9
145045704
52442177
0.9
142069872
52442521
0.9
145367896
52441897
0.9
140769064
52441777
1.0
140228848
52441721
0.9
143935184
52441897
0.9
146354216
52442049
0.9
144529168
52442289
0.9
145928064
52441729
0.9
145963368
52441961
0.9
143102272
52442161
0.9
143509912
52441729
0.9
144025744
52442361
0.9
144118128
52441833
0.9
145425608
52441689
0.9
142080056
52441705
0.9
139390896
52442409
0.9
146657768
52442193
0.9
146202088
52441961
0.9
143418560
52441993
0.9
145471440
52442313
0.9
145429960
52442081
0.9
144869920
52441761
0.9
144172184
52442025
0.9
145996816
52441953
0.9
145801960
52441977
0.9
143787392
52442265
0.9
142280600
52441737
0.9
135926296
52442457
0.9
143717984
52441809
0.9
142177464
52441753
0.9
144659592
52442057
0.9
143078680
52441897
0.9
143075496
52442089
0.9
143227432
52441705
0.9
143941512
52441977
0.9
143408552
52441873
0.9
143219168
52441849
0.9
139847320
52442313
0.9
141347584
52442481
0.9
146259928
52442169
0.9
144436240
52441953
0.9
140823752
52441761
0.9
144104752
52441737
0.9
144126080
52441921
0.9
145122936
52441769
0.9
144472472
52441969
0.9
143415064
52442009
0.9
143791224
52441697
0.9
142401056
52441713
0.9
142939064
52441873
0.9
143441736
52441881
0.9
145834560
52442073
0.9
139494640
52442705
0.9
140416496
52442105
0.9
144058472
52441697
0.9
142207128
52442369
0.9
145092624
52441825
0.9
143287184
52441705
0.9
135878256
52442345
0.9
145116584
52442305
0.9
144517616
52441697
0.9
143845392
52442481
0.9
144362264
52442033
0.9
144854664
52441737
0.9
144286000
52442193
0.9
144930624
52442129
0.9
144152680
52441737
0.9
144096976
52441961
0.9
145510064
52441737
0.9
145280776
52442089
0.9
145344960
52442169
0.9
144078448
52441737
0.9
142683480
52442129
0.9
143493904
52441761
0.9
141746544
52441697
0.9
135757024
52443089
0.9
145278896
52441937
0.9
145429952
52441697
0.9
143586176
52442401
0.9
140708856
52441737
0.9
141843920
52441833
0.9
141407448
52442017
0.9
143899704
52442081
0.9
145141696
52442377
0.9
145185448
52442361
0.9
138964560
52441969
0.9
142842088
52441697
0.9
143292448
52442249
0.9
145399416
52441705
0.9
140607896
52441793
0.9
141090696
52442561
0.9
144343144
52441921
0.9
145353232
52442129
0.9
141684880
52441945
0.9
144855944
52442081
0.9
146574104
52442321
0.9
146155552
52441945
0.9
144564808
52442009
0.9
146279312
52441753
0.9
143361928
52441697
0.9
143429720
52442329
0.9
141185968
52441737
0.9
144660704
52442185
0.9
142797440
52442065
0.9
145005976
52441697
0.9
146914848
52442121
0.9
142223176
52441921
0.9
141496936
52442041
0.9
145208872
52441993
0.9
142140024
52442033
0.9
142060024
52441737
0.9
144549424
52441953
0.9
146728632
52442217
0.9
144111360
52441977
0.9
145521960
52441809
0.9
146009880
52442009
0.9
146947200
52442225
0.9
144388648
52441737
0.9
141228672
52441825
0.9
144800520
52442097
0.9
143500080
52441833
0.9
144149736
52441777
0.9
144793584
52441737
0.9
145779088
52442465
0.9
142651368
52441705
0.9
148035064
52442281
0.9
142192976
52442345
0.9
144834432
52441737
0.9
144586912
52442193
0.9
142125960
52442001
0.9
143565256
52442193
0.9
142757760
52441737
0.9
145254520
52442257
0.9
143044888
52441697
0.9
143703632
52442273
0.9
144984840
52441817
0.9
143670160
52442073
0.9
141943248
52442313
0.9
145494168
52441953
0.9
142647840
52442057
0.9
143763528
52442265
0.9
146507368
52442081
0.9
142622432
52441777
0.9
143173200
52441721
0.9
143239840
52441817
0.9
142701304
52442033
0.9
146234240
52442369
0.9
144772648
52442081
0.9
145914576
52441945
0.9
137011088
52442401
0.9
141068376
52441697
0.9
144415088
52442089
0.9
145003688
52441897
0.9
143353488
52441721
0.9
142504112
52442257
0.9
139302120
52442337
0.9
144749592
52442169
0.9
139750952
52441697
0.9
142750488
52442041
0.9
145985976
52441977
0.9
142613464
52441921
0.9
147316216
52442129
0.9
145497144
52442081
0.9
144134104
52441945
0.9
143245592
52442561
0.9
145250448
52441745
0.9
146144568
52442281
0.9
143317544
52441849
0.9
146020240
52441881
0.9
144365888
52442073
0.9
145318080
52441889
0.9
139962224
52441697
0.9
138397720
52441905
0.9
145186568
52442057
0.9
143594680
52442145
0.9
145680232
52442353
0.9
145990376
52441785
0.9
140622160
52441705
0.9
146263960
52441737
0.9
141997288
52441705
0.9
142494656
52441913
0.9
142192432
52442377
0.9
144248096
52442217
0.9
144543528
52442105
0.9
144828440
52441737
0.9
144137768
52441945
0.9
143870528
52442321
0.9
144949336
52441753
0.9
141112192
52441841
0.9
145014328
52442233
0.9
135912368
52442121
0.9
144437424
52441929
0.9
144841712
52441689
0.9
141601176
52441929
0.9
144814624
52442113
0.9
143442560
52442289
0.9
145950216
52442113
0.9
143921624
52442081
0.9
145249296
52441793
0.9
145374616
52441729
0.9
140083504
52442393
0.9
141725760
52441953
0.9
146580208
52441921
0.9
145147768
52442305
0.9
144867824
52441737
0.9
143701840
52441737
0.9
138581736
52442033
0.9
145362816
52441737
0.9
145428480
52442369
0.9
145897064
52442233
0.9
141875464
52442017
0.9
145527680
52441913
0.9
142932864
52441945
0.9
143208248
52441737
0.9
144749288
52442265
0.9
144947352
52442009
0.9
146578624
52441977
0.9
141859888
52442337
0.9
144860632
52442009
0.9
144906960
52441889
0.9
141433104
52442305
0.9
145605160
52442049
0.9
143713856
52441705
0.9
141570328
52442209
0.9
139171960
52441817
0.9
142613944
52441737
0.9
142233456
52442441
0.9
145204184
52441745
0.9
146364840
52442281
0.9
143572264
52441705
0.9
143789040
52442505
0.9
143701200
52441913
0.9
144147984
52442177
0.9
145284552
52441737
0.9
146148928
52441913
0.9
143739128
52441809
0.9
144038592
52441857
0.9
146147688
52441737
0.9
145246496
52442241
0.9
143875968
52441737
0.9
142795792
52442425
0.9
130683536
52442329
0.9
143652088
52441721
0.9
144506664
52441721
0.9
144172000
52442337
0.9
143568176
52441857
0.9
142854864
52441737
0.9
144716760
52441921
0.9
142668824
52442233
0.9
143032472
52442025
0.9
142378624
52441929
0.9
146184816
52441993
0.9
142194288
52442329
0.9
142926408
52441945
0.9
146966528
52441817
0.9
141637960
52441705
0.9
144816616
52442273
0.9
145406520
52441977
0.9
140684120
52442089
0.9
140969120
52441737
0.9
146202024
52441897
0.9
145459144
52442129
0.9
141447864
52441769
0.9
142854936
52441697
0.9
144079480
52441753
0.9
145573048
52441921
0.9
144605544
52442433
0.9
144058240
52441761
1.0
120545016
52443433
0.9
144803848
52441825
0.9
141378600
52441849
0.9
143584280
52442345
0.9
145428240
52442025
0.9
146402360
52442001
0.9
146867536
52442017
0.9
144352040
52442057
0.9
144217168
52441697
0.9
143602528
52441753
0.9
141751520
52442345
0.9
143599992
52441929
0.9
145467960
52441953
0.9
142370928
52441745
0.9
141204152
52441737
0.9
141434832
52441945
0.9
141823680
52441697
0.9
143172256
52442289
0.9
145017064
52441697
0.9
144227624
52441705
0.9
140491280
52441953
0.9
147050392
52441897
0.9
144286848
52441737
0.9
143635304
52441697
0.9
146275448
52442201
0.9
143263736
52441737
0.9
143970320
52441913
0.9
143288248
52441977
0.9
144028616
52442385
0.9
145180376
52441865
0.9
141267712
52442105
0.9
140134496
52441809
0.9
142847040
52441809
0.9
147322584
52442145
0.9
145405952
52442001
0.9
137950864
52441905
0.9
145777000
52442393
0.9
146921032
52442193
0.9
142305120
52441729
0.9
144695128
52442113
0.9
143195968
52441753
0.9
145272664
52441697
0.9
141290432
52441721
0.9
144099136
52441737
0.9
142749280
52441777
0.9
142668632
52442297
0.9
146269552
52441825
0.9
144289696
52441913
0.9
141760232
52441721
0.9
145952728
52442185
0.9
145483056
52441961
0.9
143029808
52442257
0.9
144121424
52441881
0.9
142395248
52441945
0.9
145750360
52441777
0.9
144896312
52441705
0.9
144186776
52442313
0.9
145695528
52442329
0.9
143594280
52441929
0.9
144354120
52442017
0.9
145574904
52442121
0.9
146065176
52441817
0.9
143532272
52442313
0.9
144183600
52441785
0.9
140876288
52441729
0.9
144895664
52442225
0.9
145334504
52441905
0.9
142730024
52441729
0.9
145412640
52442001
0.9
144558008
52441737
0.9
145446664
52441713
0.9
143716848
52441833
0.9
143950896
52441897
0.9
144284240
52441737
0.9
142869784
52441753
0.9
143736144
52441697
0.9
143491440
52442025
0.9
145523704
52442225
0.9
145014968
52442273
0.9
139953096
52441825
0.9
144501144
52442129
0.9
143134608
52442361
0.9
144507312
52441697
0.9
146185856
52441937
0.9
143874784
52441833
0.9
135883664
52442449
0.9
142252344
52441729
0.9
142460680
52441961
0.9
144027288
52442025
0.9
138800888
52441689
0.9
144765888
52441945
0.9
144236584
52442065
0.9
143004920
52441737
0.9
146525600
52442353
0.9
144329248
52442113
0.9
145714720
52441929
0.9
143847840
52441881
0.9
141369528
52441753
0.9
146194864
52442169
0.9
145749736
52442073
0.9
141267240
52441721
0.9
143928800
52441865
0.9
143929560
52441953
0.9
145252720
52441945
0.9
145603456
52442169
0.9
143896472
52441753
0.9
144082480
52442465
0.9
143030392
52441985
0.9
142332944
52441737
0.9
143935312
52441721
0.9
146211040
52441801
0.9
142222624
52441809
0.9
141868208
52441953
0.9
136910096
52441729
0.9
142045872
52442329
0.9
143514488
52442001
0.9
145399264
52442113
0.9
139035104
52441689
0.9
145382672
52442129
0.9
142253440
52442385
0.9
144795040
52442033
0.9
138931848
52442321
0.9
138436536
52442057
0.9
143619896
52441945
0.9
141516456
52442025
0.9
144690128
52441753
0.9
144591600
52442089
0.9
143889632
52442209
0.9
144555784
52442345
0.9
136558656
52441873
0.9
142931480
52442017
0.9
143786104
52441849
0.9
145170552
52442073
0.9
142972840
52441977
0.9
142956368
52441697
0.9
142178704
52442441
0.9
146132688
52442081
0.9
142877592
52442249
0.9
145608792
52442017
0.9
142936136
52441857
0.9
142341584
52441761
0.9
143650872
52441745
0.9
143344240
52441737
0.9
142362240
52442289
0.9
146379464
52441849
0.9
146678640
52441881
0.9
144164048
52441705
0.9
146863224
52442057
0.9
142185880
52442057
0.9
142081536
52441705
0.9
143596320
52441705
0.9
143414344
52442209
0.9
143442752
52442281
0.9
145976952
52442305
0.9
145052984
52442041
0.9
144970296
52442345
0.9
143958088
52441689
0.9
141977616
52441753
0.9
141062304
52441793
0.9
142795584
52442225
0.9
140330672
52441705
0.9
145019384
52441993
0.9
144642376
52441801
0.9
139898464
52442369
0.9
144685736
52442161
0.9
145272496
52441841
0.9
142685712
52442329
0.9
145577144
52442097
0.9
141890720
52441841
0.9
143301904
52442377
0.9
143727712
52441697
0.9
142280960
52441985
0.9
143670600
52442017
0.9
146430784
52441865
0.9
139389600
52441817
0.9
140765304
52441969
0.9
139849048
52441729
0.9
144653432
52442305
0.9
139931112
52441721
0.9
140324368
52442489
0.9
142491464
52441929
0.9
143321136
52442057
0.9
142759256
52441705
0.9
141930240
52442465
0.9
145140984
52442233
0.9
147618664
52442257
0.9
143986432
52441897
0.9
144390680
52441737
0.9
142516944
52441729
0.9
145012984
52441737
0.9
145533312
52442017
0.9
143913488
52442073
0.9
144369920
52441721
0.9
145077048
52442009
0.9
143437360
52441705
0.9
144078048
52442337
0.9
143922880
52441953
0.9
145755120
52442121
0.9
144016800
52442481
0.9
143016248
52441881
0.9
145673312
52441961
0.9
145161544
52441737
0.9
144908488
52442209
0.9
143976848
52441993
0.9
143994560
52441969
0.9
144869856
52441889
0.9
142604984
52441697
0.9
145389008
52441705
0.9
136128912
52441841
0.9
141364240
52441825
0.9
144539424
52441937
0.9
142882216
52441841
0.9
145756888
52441953
0.9
142956488
52441697
0.9
146843192
52441913
0.9
145690392
52441865
0.9
145582304
52442273
0.9
145110944
52442113
0.9
143919736
52441881
0.9
141037120
52442433
0.9
145319264
52442121
0.9
138909624
52441929
0.9
142692768
52441977
0.9
141631776
52441737
0.9
144260376
52442177
0.9
144471504
52441793
0.9
145792808
52442121
0.9
146739400
52441761
0.9
146815488
52442049
0.9
143277712
52441833
0.9
141393928
52442121
0.9
145076424
52441945
0.9
143226136
52442233
0.9
143370112
52442433
0.9
143559376
52442089
0.9
146041912
52441841
0.9
144238224
52442257
0.9
144242056
52442033
0.9
145159840
52441705
0.9
144524416
52442017
0.9
143758000
52441705
0.9
144953800
52441865
0.9
144186248
52442457
0.9
145107888
52441857
0.9
144460256
52441953
0.9
145177720
52441833
0.9
145565792
52441721
0.9
146584944
52442113
0.9
144356464
52442353
0.9
138766400
52441993
0.9
144666784
52442369
0.9
145646664
52441817
0.9
145041088
52441737
0.9
144595792
52442353
