aes128-cbc+hmac-sha1
1000
08/28/18
0.3
62021388
52452521
0.3
61034896
52452593
0.3
59924348
52452553
0.3
60574996
52452745
0.3
71171036
52450617
0.3
60450340
52452561
0.3
60849768
52452513
0.3
60977088
52452529
0.3
60925084
52452649
0.3
82371808
52448441
0.3
60490352
52452665
0.3
61072716
52452657
0.3
60874396
52452577
0.3
59912912
52452593
0.3
60726788
52452521
0.3
61988476
52452521
0.3
72904816
52450657
0.3
62963476
52452489
0.3
61574220
52452641
0.3
82404964
52448433
0.3
61696928
52452465
0.3
61387872
52452657
0.3
60953148
52452689
0.3
60637004
52452617
0.3
60970096
52452657
0.3
60499428
52452777
0.3
61006516
52452521
0.3
60160416
52452729
0.3
60564800
52452617
0.3
86759536
52448017
0.3
61828016
52452481
0.3
61076300
52452609
0.3
60885068
52452657
0.3
60400812
52452601
0.3
61096248
52452521
0.3
61139836
52452609
0.3
60233240
52452609
0.3
60101620
52452665
0.3
61439360
52452609
0.3
60481576
52452681
0.3
60620768
52452553
0.3
61777960
52452449
0.3
61290512
52452681
0.3
60739948
52452601
0.3
60989884
52452641
0.3
61049836
52452553
0.3
60123360
52452729
0.3
61766792
52452617
0.3
60660828
52452657
0.3
60930300
52452617
0.3
60901012
52452625
0.3
61889160
52452577
0.3
80650300
52448961
0.3
61540352
52452641
0.3
59738744
52452641
0.3
60918652
52452609
0.3
59877332
52452793
0.3
61059376
52452673
0.3
84176788
52448137
0.3
61154232
52452649
0.3
60936584
52452497
0.3
61735700
52452609
0.3
60608436
52452569
0.3
61359972
52452641
0.3
60285156
52452745
0.3
63281716
52452225
0.3
60710492
52452513
0.3
63354860
52452521
0.3
59767656
52452705
0.3
60716024
52452633
0.3
61166920
52452609
0.3
61136448
52452641
0.3
61287392
52452545
0.3
60150080
52452633
0.3
60730052
52452641
0.3
60181096
52452609
0.3
61043876
52452513
0.3
62340896
52452561
0.3
62652316
52452113
0.3
61654364
52452641
0.3
61499928
52452617
0.3
61637096
52452609
0.3
60492612
52452609
0.3
60416920
52452657
0.3
60669012
52452593
0.3
59922436
52452753
0.3
60585676
52452649
0.3
60251016
52452721
0.3
61160472
52452569
0.3
61147860
52452689
0.3
60933912
52452593
0.3
60501280
52452585
0.3
60500752
52452593
0.3
61013556
52452473
0.3
60371784
52452569
0.3
60533296
52452689
0.3
61391508
52452625
0.3
70589852
52450825
0.3
60720400
52452585
0.3
60159168
52452793
0.3
61039748
52452473
0.3
59912284
52452745
0.3
61971116
52452529
0.3
60498760
52452785
0.3
60302656
52452561
0.3
71325600
52450305
0.3
87371900
52447761
0.3
59991780
52452729
0.3
61335896
52452025
0.3
62251208
52452593
0.3
61594604
52452585
0.3
73494908
52450273
0.3
60793608
52452793
0.3
60750312
52452665
0.3
61597852
52452617
0.3
61362764
52452609
0.3
68316512
52450921
0.3
61231572
52452609
0.3
74489972
52450105
0.3
60560116
52452617
0.3
61167184
52452633
0.3
60165252
52452681
0.3
60184136
52452705
0.3
60352124
52452673
0.3
60311796
52452705
0.3
60795340
52452505
0.3
60378284
52452657
0.3
85218332
52447481
0.3
62073636
52452449
0.3
60343440
52452609
0.3
61052852
52452633
0.3
61851124
52451977
0.3
60621880
52452513
0.3
59987648
52452521
0.3
73483124
52450553
0.3
60974884
52452593
0.3
83817972
52448809
0.3
60894588
52452665
0.3
60529480
52452617
0.3
60497620
52452657
0.3
61314660
52452561
0.3
62121180
52452593
0.3
60140976
52452705
0.3
60634024
52452721
0.3
61093696
52452497
0.3
61205672
52452561
0.3
62361824
52452009
0.3
61152804
52452577
0.3
62042424
52452585
0.3
60891024
52452569
0.3
59834608
52452729
0.3
61030808
52452697
0.3
75724236
52449993
0.3
60404736
52452665
0.3
60789188
52452697
0.3
61259868
52452609
0.3
60626548
52452713
0.3
59693692
52452729
0.3
61123480
52452561
0.3
60442256
52452609
0.3
61628480
52452649
0.3
61236172
52452625
0.3
60144340
52452545
0.3
60172812
52452641
0.3
61227008
52452601
0.3
60412504
52452633
0.3
71295092
52450657
0.3
60554068
52452681
0.3
60072868
52452721
0.3
60880608
52451985
0.3
61744744
52452569
0.3
65777176
52451785
0.3
60703268
52452577
0.3
62327592
52452489
0.3
61686532
52452457
0.3
61959356
52452465
0.3
85943224
52447817
0.3
61231384
52452721
0.3
61827484
52452505
0.3
60752452
52452609
0.3
61837852
52452617
0.3
59780620
52452793
0.3
60232096
52452769
0.3
61100872
52452553
0.3
119186832
52441697
0.3
61659852
52452649
0.3
72019268
52450641
0.3
60928572
52452745
0.3
59777768
52452593
0.3
60180572
52452673
0.3
61928016
52452545
0.3
59952332
52452753
0.3
60647808
52452641
0.3
59683148
52452801
0.3
62213364
52452441
0.3
62256572
52452465
0.3
60923376
52452769
0.3
60075912
52452641
0.3
60189768
52452777
0.3
60086168
52452785
0.3
61816688
52452505
0.3
61830672
52452721
0.3
60023468
52452673
0.3
62230868
52452585
0.3
61715288
52452537
0.3
60761540
52452513
0.3
60560180
52452689
0.3
60226232
52452753
0.3
58970208
52452753
0.3
61225412
52452513
0.3
60527328
52452585
0.3
60101088
52452673
0.3
61194560
52452489
0.3
73142824
52449873
0.3
61220064
52452537
0.3
59889400
52452625
0.3
60181448
52452617
0.3
60514616
52452657
0.3
60193452
52452641
0.3
61059308
52452617
0.3
61669672
52452553
0.3
60729788
52452545
0.3
59927508
52452657
0.3
60442640
52452689
0.3
60988728
52452617
0.3
60857432
52452609
0.3
60511600
52452737
0.3
60064196
52452617
0.3
61393308
52452617
0.3
60905788
52452561
0.3
61827292
52452481
0.3
60468804
52452713
0.3
71016768
52450473
0.3
60384788
52452721
0.3
66148616
52451713
0.3
61230364
52452585
0.3
61921140
52452513
0.3
71808332
52450321
0.3
61204748
52452625
0.3
60544168
52452521
0.3
61347308
52452513
0.3
73793052
52449937
0.3
60336624
52452673
0.3
60034840
52452561
0.3
61711724
52452505
0.3
61237012
52452601
0.3
60633536
52452585
0.3
60914996
52452569
0.3
60186260
52452657
0.3
60929124
52452633
0.3
62974380
52452497
0.3
60466952
52452633
0.3
60866220
52452665
0.3
59365080
52452697
0.3
60897528
52452625
0.3
61123644
52452521
0.3
60734516
52452553
0.3
60840880
52452761
0.3
60756628
52452561
0.3
60909172
52452521
0.3
60753856
52452593
0.3
71101340
52450209
0.3
61796020
52452689
0.3
59872280
52452753
0.3
60683096
52452657
0.3
59893540
52452777
0.3
61829488
52452537
0.3
77491576
52449361
0.3
60697440
52452529
0.3
60334764
52452601
0.3
59917460
52452673
0.3
59833604
52452657
0.3
60455704
52452553
0.3
59874040
52452521
0.3
60131352
52452641
0.3
60523960
52452633
0.3
61098432
52452617
0.3
62539204
52452537
0.3
60725368
52452625
0.3
60106124
52452625
0.3
72042436
52449665
0.3
61803420
52452665
0.3
59625592
52452697
0.3
59690236
52452681
0.3
62149688
52452609
0.3
60067808
52452665
0.3
60184848
52452553
0.3
61501376
52452569
0.3
61483976
52452585
0.3
60510620
52452593
0.3
72702116
52450785
0.3
61159304
52452057
0.3
61111088
52452585
0.3
61338752
52452529
0.3
66392780
52451569
0.3
60732276
52452689
0.3
71127076
52450089
0.3
59751828
52452769
0.3
61355080
52452585
0.3
60516192
52452665
0.3
60343868
52452737
0.3
61244728
52452377
0.3
61360856
52452593
0.3
61158816
52452593
0.3
75794748
52449537
0.3
61019268
52452393
0.3
71544880
52450617
0.3
59729292
52452785
0.3
60778448
52452705
0.3
60170116
52452705
0.3
60678396
52452617
0.3
61181088
52452697
0.3
60513076
52452673
0.3
62732276
52452441
0.3
61171896
52452641
0.3
60560036
52452489
0.3
61391372
52452537
0.3
60987748
52452553
0.3
60470116
52452561
0.3
61932236
52452193
0.3
62361616
52452425
0.3
60027892
52452705
0.3
60607528
52452729
0.3
60150388
52452665
0.3
74514472
52450273
0.3
71671464
52450809
0.3
60497772
52452585
0.3
60598384
52452625
0.3
59758324
52452785
0.3
60461376
52452609
0.3
62413340
52452449
0.3
60060996
52452593
0.3
61431076
52452545
0.3
60006660
52452769
0.3
60334152
52452737
0.3
60975840
52452609
0.3
60689804
52452537
0.3
60864392
52452601
0.3
61929640
52452673
0.3
60789304
52452585
0.3
60744476
52452657
0.3
61178340
52452625
0.3
62473392
52452585
0.3
60957244
52452577
0.3
60212336
52452737
0.3
59959428
52452729
0.3
61240396
52452505
0.3
60044512
52452577
0.3
59332712
52452785
0.3
61342664
52452673
0.3
61572140
52452625
0.3
60323112
52452633
0.3
60204504
52452681
0.3
61003856
52452585
0.3
60949548
52452609
0.3
61217460
52452609
0.3
60374416
52452729
0.3
61962716
52452409
0.3
61306964
52452625
0.3
60349232
52452609
0.3
59735356
52452785
0.3
60498324
52452537
0.3
61804708
52452585
0.3
61592764
52452545
0.3
60257292
52452633
0.3
60232492
52452697
0.3
62208580
52452609
0.3
61539480
52452561
0.3
60800184
52452601
0.3
60338776
52452705
0.3
60085220
52452785
0.3
60515804
52452577
0.3
59901016
52452761
0.3
60594456
52452585
0.3
60902040
52452633
0.3
60299936
52452529
0.3
59638776
52452785
0.3
60379628
52452681
0.3
62001680
52452489
0.3
60027780
52452609
0.3
60819480
52452537
0.3
61473148
52452529
0.3
59638472
52452753
0.3
59846688
52452713
0.3
61922816
52452569
0.3
59469020
52452721
0.3
60020040
52452649
0.3
59810260
52452793
0.3
61002288
52452585
0.3
60822660
52452625
0.3
59827504
52452641
0.3
60778060
52452769
0.3
60105972
52452761
0.3
72049180
52450537
0.3
61327028
52452545
0.3
60492652
52452657
0.3
59282140
52452649
0.3
60584224
52452641
0.3
60309772
52452601
0.3
59848772
52452665
0.3
61242160
52452617
0.3
60152896
52452761
0.3
62163088
52452633
0.3
59333868
52452665
0.3
71524748
52450537
0.3
60201624
52452625
0.3
60809572
52452545
0.3
59982804
52452633
0.3
60528328
52452569
0.3
60336924
52452577
0.3
60781016
52452553
0.3
69169628
52450641
0.3
60133228
52452729
0.3
60433972
52452769
0.3
60832292
52452553
0.3
61847916
52452529
0.3
71374180
52450345
0.3
59474244
52452785
0.3
61261280
52452633
0.3
61378780
52452577
0.3
60980620
52452609
0.3
61833744
52452665
0.3
61726348
52452329
0.3
69107216
52450369
0.3
62738428
52452265
0.3
61052676
52452529
0.3
60389412
52452617
0.3
83770828
52447449
0.3
61316312
52452689
0.3
61531924
52452593
0.3
60249520
52452633
0.3
60571872
52452705
0.3
60438128
52452609
0.3
61308232
52452657
0.3
62358044
52452569
0.3
60601180
52452633
0.3
60868328
52452585
0.3
61412828
52452441
0.3
60868400
52452705
0.3
60903168
52452593
0.3
59607740
52452785
0.3
59897484
52452673
0.3
60936624
52452649
0.3
60804164
52452649
0.3
62355188
52452417
0.3
61016604
52452593
0.3
60837792
52452585
0.3
59906544
52452673
0.3
60451224
52452673
0.3
60307264
52452689
0.3
59956360
52452713
0.3
60324952
52452657
0.3
68314268
52451073
0.3
60451540
52452593
0.3
59629612
52452721
0.3
61500700
52452609
0.3
60937812
52452633
0.3
60739196
52452665
0.3
62456248
52452497
0.3
61329424
52452489
0.3
61258876
52452641
0.3
60586280
52452649
0.3
61219268
52452569
0.3
60805196
52452585
0.3
61458024
52452529
0.3
60166928
52452505
0.3
62028032
52452457
0.3
61387048
52452577
0.3
62159748
52452497
0.3
70728208
52450513
0.3
61483576
52452601
0.3
61510200
52452497
0.3
62530316
52452329
0.3
60607664
52452737
0.3
61555776
52452417
0.3
61056224
52452609
0.3
60740468
52452577
0.3
59557536
52452729
0.3
60686396
52452673
0.3
60295428
52452593
0.3
60187436
52452649
0.3
61562004
52452617
0.3
60384616
52452649
0.3
61148364
52452569
0.3
60178860
52452745
0.3
61811448
52452601
0.3
60453172
52452681
0.3
60409716
52452649
0.3
60843204
52452713
0.3
61298164
52452625
0.3
61099812
52452665
0.3
60367500
52452641
0.3
60371460
52452633
0.3
61555140
52452521
0.3
59600852
52452753
0.3
60768600
52452617
0.3
59841212
52452649
0.3
60153280
52452697
0.3
59869048
52452665
0.3
60982584
52452769
0.3
59630200
52452617
0.3
60214712
52452561
0.3
61150268
52452601
0.3
60807888
52452561
0.3
60496284
52452649
0.3
60545480
52452641
0.3
59647416
52452697
0.3
62807512
52452545
0.3
61864044
52452457
0.3
62448640
52452529
0.3
59954920
52452713
0.3
60695052
52452609
0.3
60779572
52452633
0.3
61378568
52452553
0.3
61321548
52452505
0.3
60705832
52452793
0.3
60946436
52452601
0.3
59312960
52452665
0.3
60634728
52452649
0.3
61605892
52452609
0.3
61858812
52452633
0.3
60046140
52452753
0.3
60660708
52452601
0.3
59749540
52452793
0.3
59928528
52452617
0.3
59816824
52452833
0.3
60871912
52452529
0.3
59893100
52452769
0.3
59725464
52452777
0.3
77938860
52449161
0.3
60418404
52452641
0.3
59906632
52452793
0.3
72254804
52450641
0.3
61361024
52452633
0.3
59878188
52452753
0.3
62531300
52452497
0.3
75742080
52449425
0.3
60764584
52452777
0.3
60374748
52452649
0.3
61762772
52452521
0.3
61658128
52452609
0.3
59514664
52452689
0.3
60859168
52452625
0.3
60489948
52452673
0.3
62102024
52452585
0.3
69353084
52450753
0.3
60502336
52452633
0.3
70595568
52450969
0.3
60656756
52452537
0.3
60571740
52452601
0.3
60102068
52452577
0.3
60090104
52452633
0.3
60682876
52452553
0.3
61171688
52452601
0.3
59860816
52452673
0.3
60052904
52452673
0.3
61956580
52452569
0.3
61153892
52452521
0.3
60414376
52452593
0.3
69613368
52449905
0.3
61919028
52452553
0.3
59281840
52452785
0.3
60782872
52452689
0.3
60193456
52452673
0.3
60215948
52452721
0.3
60107328
52452665
0.3
77821700
52450769
0.3
82659552
52448905
0.3
76304608
52449905
0.3
60426360
52452689
0.3
61644192
52452513
0.3
60230336
52452617
0.3
61494652
52452601
0.3
78545852
52448849
0.3
60647800
52452721
0.3
60510884
52452617
0.3
59396792
52452729
0.3
61622984
52452073
0.3
60974672
52452521
0.3
59515792
52452713
0.3
60820544
52452745
0.3
60717084
52452593
0.3
71107520
52450593
0.3
59768364
52452649
0.3
62797084
52452129
0.3
61739708
52452553
0.3
61407988
52452641
0.3
60518364
52452513
0.3
61670044
52452553
0.3
62429744
52452441
0.3
61980936
52452593
0.3
59836436
52452609
0.3
59990248
52452665
0.3
59899536
52452713
0.3
61219500
52452609
0.3
60969940
52452625
0.3
63288560
52452329
0.3
60184756
52452649
0.3
60711028
52452641
0.3
60084160
52452681
0.3
61515928
52452585
0.3
60107784
52452705
0.3
61291380
52452585
0.3
64031348
52452017
0.3
62205008
52452489
0.3
59891756
52452657
0.3
61666544
52452561
0.3
78728968
52449481
0.3
61632528
52452569
0.3
61071672
52452393
0.3
60833632
52452585
0.3
84792104
52448153
0.3
60301216
52452745
0.3
61727988
52452513
0.3
60338908
52452585
0.3
60202108
52452665
0.3
59830568
52452697
0.3
60403060
52452609
0.3
61089952
52452761
0.3
59595472
52452793
0.3
60700664
52452617
0.3
59242668
52452729
0.3
61956064
52452577
0.3
59545184
52452641
0.3
60358432
52452729
0.3
59945236
52452769
0.3
59842344
52452641
0.3
60328588
52452793
0.3
60375136
52452633
0.3
61043148
52452609
0.3
60915732
52452569
0.3
60988176
52452553
0.3
60116348
52452665
0.3
60731108
52452553
0.3
61093452
52452561
0.3
61036612
52452657
0.3
60740556
52452585
0.3
60150240
52452593
0.3
61142400
52452585
0.3
61371476
52452593
0.3
60427008
52452745
0.3
60711660
52452521
0.3
60520180
52452745
0.3
60213776
52452665
0.3
61312224
52452657
0.3
61921588
52452585
0.3
61284188
52452593
0.3
61141992
52452649
0.3
59913916
52452785
0.3
60970912
52452689
0.3
60546380
52452617
0.3
61563876
52452617
0.3
59286712
52452777
0.3
60176344
52452753
0.3
61585656
52452537
0.3
61414268
52452641
0.3
58080112
52452961
0.3
73003908
52450489
0.3
61739336
52452417
0.3
61376032
52452473
0.3
60867584
52452705
0.3
77325064
52450593
0.3
61538432
52452657
0.3
72746416
52450777
0.3
59652412
52452753
0.3
60489268
52452753
0.3
60535952
52452657
0.3
61228528
52452537
0.3
60188764
52452601
0.3
61385472
52452777
0.3
60060816
52452681
0.3
60305532
52452737
0.3
61274716
52452617
0.3
59324788
52452793
0.3
61527256
52452425
0.3
60089484
52452665
0.3
60175920
52452737
0.3
60566352
52452609
0.3
60241948
52452593
0.3
61240616
52452521
0.3
59724360
52452673
0.3
61272424
52452577
0.3
59909580
52452705
0.3
60756260
52452657
0.3
60183484
52452505
0.3
59705400
52452761
0.3
60330760
52452513
0.3
61052416
52452609
0.3
95278244
52446265
0.3
62023404
52452545
0.3
60735968
52452577
0.3
73989952
52450369
0.3
61236528
52452513
0.3
60413696
52452681
0.3
62247032
52452577
0.3
60517568
52452801
0.3
60718804
52452617
0.3
60375624
52452577
0.3
62648076
52452609
0.3
60734244
52452649
0.3
60934664
52452585
0.3
66997924
52451473
0.3
60437964
52452737
0.3
60151892
52452729
0.3
60663752
52452561
0.3
75961984
52449721
0.3
61014680
52452649
0.3
60812156
52452673
0.3
61627804
52452553
0.3
60281116
52452745
0.3
60337232
52452649
0.3
61112544
52452681
0.3
61040348
52452665
0.3
59947952
52452713
0.3
59799216
52452689
0.3
60647292
52452665
0.3
74354604
52449905
0.3
72635916
52450585
0.3
59866648
52452753
0.3
60754552
52452657
0.3
60285368
52452673
0.3
60979236
52452641
0.3
62013896
52452345
0.3
62740236
52452457
0.3
60460252
52452673
0.3
60636840
52452577
0.3
61604992
52452537
0.3
59833816
52452665
0.3
62008456
52452609
0.3
70733200
52450513
0.3
60399944
52452489
0.3
61841144
52452545
0.3
60619392
52452721
0.3
60039208
52452585
0.3
60817840
52452617
0.3
60924536
52452697
0.3
62166300
52452497
0.3
60095180
52452585
0.3
60298640
52452601
0.3
61511080
52452657
0.3
61716696
52452593
0.3
61183716
52452665
0.3
59823220
52452721
0.3
59964896
52452553
0.3
61307620
52452609
0.3
60478012
52452697
0.3
60110116
52452601
0.3
60789856
52452617
0.3
61743744
52452345
0.3
60832764
52452521
0.3
59883756
52452609
0.3
60428764
52452553
0.3
60311632
52452609
0.3
72099736
52450313
0.4
126300924
52441681
0.3
61913496
52452529
0.3
60882660
52452673
0.3
61636304
52452393
0.3
60512744
52452713
0.3
60763612
52452785
0.3
61001944
52452553
0.3
59711336
52452649
0.3
61902848
52452369
0.3
62171152
52452505
0.3
61658480
52452577
0.3
62029560
52452417
0.3
61193608
52452721
0.3
60449168
52452553
0.3
62012600
52452473
0.3
62100564
52452457
0.3
59421220
52452657
0.3
61375204
52452609
0.3
110742768
52444417
0.3
61267692
52452569
0.3
61098848
52452593
0.3
61240860
52452521
0.3
75383028
52449873
0.3
60800056
52452473
0.3
61070052
52452593
0.3
61891348
52452577
0.3
59487016
52452601
0.3
59687404
52452721
0.3
59635848
52452593
0.3
61797020
52452609
0.3
62085232
52452457
0.3
60287164
52452689
0.3
60879072
52452609
0.3
61462620
52452449
0.3
123057208
52441681
0.3
73581108
52450337
0.3
60669312
52452729
0.3
60211576
52452729
0.3
60625480
52452697
0.3
61919720
52452625
0.3
60924140
52452617
0.2
62093408
52452529
0.3
61373876
52452433
0.3
60721012
52452585
0.3
59490156
52452665
0.3
61127988
52452649
0.3
61377080
52452641
0.3
84091260
52448129
0.3
60010092
52452713
0.3
74045584
52449937
0.3
61499048
52452569
0.3
60519608
52452673
0.3
71544616
52450345
0.3
61525868
52452409
0.3
60955192
52452473
0.3
59948844
52452593
0.3
61124096
52452553
0.3
78238508
52449473
0.3
62212044
52452377
0.3
60997868
52452601
0.3
71184500
52450417
0.3
59454088
52452769
0.3
61175664
52452657
0.3
59978428
52452609
0.3
60558640
52452609
0.3
60576580
52452617
0.3
60453060
52452569
0.3
61806228
52452537
0.3
60517492
52452585
0.3
60566436
52452793
0.3
61433696
52452577
0.3
61050048
52452593
0.3
61131944
52452641
0.3
62261068
52452521
0.3
61404480
52452633
0.3
72285856
52450177
0.3
60254976
52452593
0.3
129789612
52442249
0.3
60523712
52452409
0.3
60707140
52452697
0.3
61004688
52452737
0.3
61426028
52452633
0.3
58592300
52452881
0.3
96496408
52445809
0.3
73887664
52450241
0.3
60732580
52452545
0.3
110805908
52444113
0.3
61845104
52452633
0.3
61113728
52452537
0.3
60839280
52452489
0.3
60097468
52452497
0.3
60839444
52452585
0.3
62034616
52452497
0.3
62571908
52452345
0.3
62174692
52452521
0.3
121799464
52441681
0.3
61293788
52452625
0.3
61268456
52452561
0.3
61669372
52452505
0.3
60895396
52452609
0.3
59777356
52452713
0.3
61082092
52452441
0.3
61252344
52452577
0.3
63531340
52452289
0.3
72393632
52450545
0.3
60764568
52452601
0.3
61268120
52452569
0.3
60184152
52452617
0.3
61576028
52452345
0.3
61540136
52452641
0.3
61566068
52452569
0.3
60877908
52452593
0.3
61228116
52452633
0.3
60990956
52452633
0.3
60823960
52452601
0.3
79656284
52449073
0.3
60475904
52452657
0.3
62130780
52452625
0.3
59953324
52452705
0.3
62932972
52452505
0.3
60853712
52452673
0.3
79420288
52450193
0.3
59904876
52452625
0.3
62149364
52452585
0.3
60543952
52452633
0.3
61317576
52452665
0.3
59951448
52452617
0.3
61113344
52452609
0.3
60172204
52452617
0.3
61445168
52452449
0.3
59917812
52452593
0.3
60341440
52452641
0.3
62030956
52452401
0.3
62762940
52452649
0.3
73225428
52450353
0.3
60903888
52452673
0.3
61688428
52452465
0.3
62019288
52452481
0.3
60607620
52452569
0.3
60299912
52452673
0.3
61753664
52452593
0.3
59614128
52452777
0.3
60470280
52452593
0.3
59629668
52452713
0.3
60343820
52452697
0.3
59974208
52452641
0.3
60508396
52452657
0.3
61642560
52452665
0.3
59372736
52452737
0.3
61599964
52452233
0.3
60042232
52452721
0.3
60465440
52452345
0.3
61869608
52452593
0.3
60417708
52452785
0.3
61805400
52452537
0.3
61877592
52452497
0.3
61302368
52452649
0.3
63352440
52452033
0.3
61532120
52452617
0.3
61692040
52452665
0.3
60028452
52452601
0.3
60431708
52452601
0.3
61546172
52452521
0.3
61827096
52452561
0.3
60872872
52452553
0.3
60618656
52452665
0.3
59712808
52452729
0.3
62053108
52452617
0.3
60451788
52452577
0.3
76327432
52449753
0.3
60696924
52452713
0.3
60926028
52452625
0.3
62470572
52452529
0.3
80227068
52448281
0.3
74428832
52450289
0.3
60521236
52452697
0.3
61892260
52452225
0.3
61363100
52452505
0.3
60439144
52452673
0.3
60599360
52452625
0.3
61162728
52452537
0.3
60160612
52452569
0.3
61638168
52452569
0.3
60311412
52452633
0.3
61477768
52452553
0.3
60813780
52452625
0.3
60880448
52452657
0.3
61580568
52452593
0.3
62003320
52452529
0.3
60040404
52452593
0.3
61560548
52452601
0.3
61806788
52452049
0.3
61130888
52452537
0.3
60687760
52452721
0.3
60892976
52452521
0.3
61485760
52452761
0.3
61702324
52452585
0.3
60809256
52452737
0.3
60111348
52452601
0.3
60483780
52452665
0.3
60392348
52452569
0.3
61335212
52452561
0.3
61698232
52452625
0.3
61272436
52452649
0.3
62826236
52452593
0.3
61273680
52452537
0.3
61076784
52452545
0.3
60579460
52452633
0.3
60782820
52452649
0.3
60539436
52452569
0.3
60294952
52452633
0.3
59704832
52452697
0.3
60688228
52452673
0.3
59928504
52452657
0.3
59746012
52452673
0.3
60586432
52452793
0.3
61610116
52452521
0.3
60843024
52452593
0.3
60978260
52452681
0.3
61058216
52452593
0.3
60770544
52452577
0.3
73739916
52450609
0.3
61565080
52452617
0.3
60460620
52452617
0.3
70886976
52450265
0.3
60326924
52452641
0.3
60973800
52452537
0.3
61812544
52452529
0.3
59889992
52452769
0.3
60293620
52452585
0.3
61359712
52452449
0.3
62129664
52452441
0.3
59788180
52452601
0.3
60931480
52452641
0.3
61950244
52452617
0.3
59465980
52452793
0.3
61433040
52452553
0.3
60092668
52452601
0.3
60613900
52452673
0.3
60928152
52452649
0.3
62855752
52452537
0.3
71784328
52450553
0.3
60984384
52452729
0.3
61741388
52452513
0.3
60694064
52452585
0.3
61210876
52452449
