aes128-ctr+hmac-sha1
1000
08/28/18
0.3
124658248
52441681
0.2
63119324
52452441
0.2
87526632
52450121
0.2
107924524
52447529
0.3
118453424
52441681
0.2
61636404
52452345
0.2
62710244
52452297
0.2
94695596
52449177
0.2
63070160
52452345
0.2
80429480
52448961
0.2
62035152
52452409
0.2
62970716
52452321
0.2
74924064
52450121
0.3
112389836
52444169
0.2
63397568
52452305
0.2
114910904
52446161
0.2
62143988
52452353
0.2
62216628
52452385
0.2
119172304
52441681
0.2
63398184
52452369
0.2
62983472
52452353
0.2
128927152
52446793
0.2
84880904
52449377
0.2
73095644
52451409
0.2
66960040
52452025
0.2
63781096
52452217
0.2
63474108
52452337
0.2
78539992
52450745
0.2
82783704
52448001
0.2
106233076
52447769
0.2
71114204
52452329
0.2
63644744
52452337
0.2
64606020
52452193
0.2
91202788
52446473
0.2
63671056
52452201
0.2
63540412
52452457
0.2
61883984
52452329
0.2
64174748
52452241
0.2
61942144
52452425
0.2
62074160
52452329
0.2
105639240
52449625
0.3
91889224
52448489
0.2
88106444
52449929
0.2
61670996
52452297
0.2
82168548
52449561
0.2
63171236
52452369
0.2
63310968
52452313
0.2
105335584
52447441
0.2
62094664
52452401
0.2
62095000
52452393
0.2
120707764
52444577
0.2
61951784
52452385
0.3
109798760
52443793
0.2
62286624
52452353
0.2
66107556
52452281
0.2
62598424
52452369
0.2
86979912
52449881
0.2
85002492
52452209
0.3
122667788
52441681
0.2
120618760
52441681
0.2
97293412
52449409
0.2
63272660
52452345
0.2
74844140
52449929
0.2
62522752
52452401
0.2
71764664
52451425
0.2
62175600
52452377
0.3
126510228
52441681
0.2
121584520
52446433
0.2
62071608
52452401
0.3
86425760
52447953
0.2
130811996
52451929
0.2
96663176
52450145
0.2
111390072
52447657
0.2
63651864
52452289
0.2
110688428
52445201
0.2
62021576
52452377
0.2
81390668
52450009
0.2
62900592
52452369
0.2
95289640
52446009
0.2
63372088
52451929
0.2
62225696
52452321
0.2
61237400
52452393
0.2
63087832
52452337
0.2
70934984
52452009
0.2
63393556
52452097
0.2
102160000
52445745
0.2
62361104
52452409
0.2
64262880
52452361
0.2
91489180
52448649
0.2
122925572
52441681
0.2
61651092
52452441
0.2
94425728
52450665
0.2
62125804
52452257
0.2
62861328
52452329
0.2
62942460
52452361
0.2
115572060
52448665
0.2
63818064
52452353
0.2
99984132
52448609
0.2
81722348
52451233
0.2
92475452
52450777
0.2
66019948
52452145
0.2
63366844
52452401
0.3
121804544
52441681
0.2
61757440
52452385
0.2
62321480
52452353
0.2
62281320
52452329
0.2
88510984
52447961
0.2
69106048
52451945
0.2
67590452
52452249
0.2
73264776
52451833
0.2
118685076
52446737
0.2
72369388
52451161
0.2
63657200
52452169
0.2
62860652
52452137
0.2
125528204
52443729
0.2
86614780
52449361
0.2
82612528
52450865
0.2
78308904
52450753
0.2
97698524
52451897
0.2
104271624
52447233
0.2
95861996
52449465
0.2
80276508
52450625
0.2
65762284
52452305
0.2
125991000
52446881
0.2
83641780
52450193
0.2
62632488
52452425
0.2
89250248
52450545
0.2
63978860
52452273
0.2
96406360
52452233
0.2
85321676
52451321
0.2
64552304
52452233
0.2
127770260
52447041
0.2
103700972
52447953
0.2
117780072
52448897
0.2
62199436
52452353
0.2
124061808
52446209
0.2
76234780
52451857
0.2
63051176
52452305
0.2
63108812
52452329
0.2
61985516
52452441
0.2
136167328
52447905
0.2
90240264
52450617
0.2
72781972
52451801
0.2
103721564
52446833
0.2
63062148
52452281
0.2
62435140
52452201
0.2
113424236
52449593
0.2
94044840
52448369
0.2
69251604
52451577
0.2
81779928
52450849
0.2
63598988
52452321
0.2
63576696
52452361
0.2
117496280
52448569
0.2
76503568
52452009
0.2
62634128
52452305
0.2
126093128
52446777
0.2
121256932
52442129
0.2
102573048
52446761
0.2
61514172
52452385
0.2
63113708
52452073
0.2
81392080
52450361
0.2
63259520
52452137
0.2
62950780
52452257
0.2
82828872
52449017
0.2
62162764
52452345
0.2
64798168
52452361
0.2
69199612
52451617
0.2
61934264
52452409
0.2
112199244
52443289
0.2
124769964
52444313
0.2
106797024
52444617
0.2
66736772
52452249
0.2
82391224
52451737
0.2
81596136
52450233
0.2
62852900
52452289
0.2
114933900
52443545
0.2
62612020
52452361
0.2
63397612
52452337
0.2
61813984
52452249
0.2
63791860
52452353
0.3
122865236
52441681
0.2
111011208
52447985
0.3
99720104
52445817
0.2
67195584
52452185
0.3
109952200
52444121
0.2
120069152
52450113
0.2
77834132
52451441
0.3
126567144
52441681
0.2
76716336
52450897
0.2
124332512
52441681
0.2
111466276
52448433
0.2
118084624
52441681
0.2
64431116
52452113
0.2
63148876
52452241
0.2
63025448
52452281
0.2
91232332
52448809
0.2
68103180
52451585
0.2
72944572
52451545
0.2
85559424
52450225
0.2
77605220
52450993
0.2
118144628
52445105
0.2
63060684
52452441
0.2
111673480
52445649
0.2
65259576
52452009
0.3
124891904
52441681
0.2
62890296
52452361
0.2
63785804
52451713
0.2
62205900
52452321
0.2
63739236
52452241
0.2
66310676
52452169
0.2
65657328
52452097
0.2
72211160
52451401
0.2
71832872
52451321
0.2
63607676
52452297
0.2
63614648
52452393
0.2
63544404
52452329
0.2
63228840
52452297
0.2
62770960
52452449
0.2
92836872
52449185
0.2
65606372
52452137
0.2
113431792
52447073
0.2
120185092
52445929
0.2
64140064
52452249
0.2
62840316
52452393
0.2
61517364
52452321
0.2
133252368
52446713
0.2
65571200
52452361
0.2
88417952
52449017
0.2
117904920
52442969
0.3
125295500
52441681
0.2
93377992
52447265
0.2
64701116
52452201
0.2
81679192
52450945
0.2
65544708
52452161
0.2
100372556
52445625
0.2
92036120
52448889
0.3
125991084
52441681
0.2
74608136
52451785
0.2
84060508
52450793
0.2
64626732
52452233
0.2
63455808
52452257
0.2
83002708
52448329
0.2
101793208
52446601
0.2
61695180
52452369
0.2
81365452
52450265
0.2
73301580
52451481
0.2
72478140
52452185
0.2
83228324
52449953
0.2
64927968
52452193
0.2
62809484
52452369
0.2
64245512
52452249
0.2
62407212
52452169
0.2
96353888
52447473
0.2
69014448
52451665
0.2
132790772
52446097
0.2
118473300
52447537
0.2
62080416
52452409
0.2
101918044
52444193
0.2
63647884
52452249
0.2
62976336
52452353
0.2
63852580
52452137
0.3
128555732
52441681
0.2
148733620
52449553
0.2
62443228
52452337
0.2
81060840
52448553
0.2
62139712
52452425
0.2
66117584
52451705
0.2
62302032
52452289
0.2
85552968
52449617
0.2
74377696
52452241
0.2
119286704
52445377
0.2
71488992
52451377
0.2
85251548
52449977
0.2
128273852
52443689
0.2
63551604
52452201
0.2
74687940
52450761
0.3
92037252
52447593
0.2
88208948
52450137
0.2
63979376
52452289
0.2
64087648
52452241
0.2
109412000
52447777
0.2
132764844
52446313
0.2
64655764
52452105
0.2
80398096
52449745
0.2
65884416
52452129
0.2
62102692
52452409
0.2
62748332
52451809
0.2
69217108
52451129
0.2
63796852
52452321
0.2
61886664
52452465
0.2
61808668
52452441
0.2
94683712
52447801
0.2
62339540
52452281
0.2
120918260
52441681
0.2
61849056
52452369
0.2
87576592
52449113
0.2
131773848
52448673
0.2
80153800
52450745
0.2
64083560
52452289
0.2
61609440
52452321
0.2
63881940
52452289
0.2
80685148
52448737
0.2
102499692
52444569
0.2
63736180
52452185
0.2
75672344
52451889
0.2
63819448
52452241
0.2
117857040
52451065
0.2
64474616
52452225
0.2
65335708
52452025
0.2
119063076
52444137
0.2
63903884
52452241
0.2
62369648
52452329
0.2
84927816
52450977
0.2
63111256
52452185
0.2
62271256
52452345
0.2
69784732
52452217
0.3
109435128
52444449
0.2
63849036
52452257
0.2
119489932
52447065
0.2
62112852
52452417
0.2
60840128
52452433
0.2
80707804
52450017
0.2
73209884
52451321
0.2
62041740
52452361
0.2
64666076
52452201
0.2
63739288
52452313
0.2
64077972
52452249
0.2
77655316
52450025
0.2
62112952
52452393
0.2
63390212
52452369
0.2
78335436
52449057
0.2
118963920
52443697
0.2
64111052
52452121
0.2
74178944
52450297
0.2
63528360
52452217
0.2
61315736
52452369
0.2
112917488
52446649
0.2
63516512
52452145
0.2
68543080
52451905
0.2
113576736
52446049
0.2
99648148
52452185
0.2
103701524
52447777
0.2
67611544
52451729
0.2
72668816
52451113
0.2
62419376
52452393
0.2
117724636
52445841
0.2
104423808
52447945
0.2
100692844
52448977
0.2
87472720
52448633
0.2
104609600
52448337
0.2
104951408
52450841
0.2
85110636
52450561
0.2
64599208
52452273
0.2
79182084
52451953
0.2
61790016
52452329
0.2
64497892
52452281
0.2
62601180
52452417
0.2
63375060
52452265
0.2
95249576
52448449
0.2
97678024
52449161
0.2
84875388
52450497
0.2
63967804
52452193
0.2
92009664
52448625
0.2
64186064
52452297
0.2
96194700
52449153
0.2
71249504
52451425
0.2
123108072
52452009
0.2
120995524
52446097
0.2
62629568
52452353
0.3
119566748
52441793
0.2
61931392
52452417
0.2
64249764
52452209
0.2
63332608
52452329
0.3
93257768
52447841
0.2
65280868
52452145
0.2
83622112
52450465
0.2
62110008
52452425
0.2
62984552
52452289
0.2
88190080
52449569
0.2
61842040
52452417
0.3
98943084
52446577
0.2
82725372
52451441
0.2
96866336
52449497
0.2
81801564
52451129
0.2
141781444
52448281
0.2
62168528
52452249
0.2
63074500
52452305
0.3
124865632
52441681
0.2
127511628
52443497
0.2
65954524
52452009
0.2
107674064
52446145
0.2
96854900
52448273
0.2
124936272
52445393
0.2
62322868
52452361
0.2
71416680
52452113
0.2
83966772
52449889
0.2
90164004
52450585
0.2
62552036
52452401
0.2
72831296
52451537
0.2
80652868
52449713
0.2
62656056
52452265
0.2
62014564
52452297
0.2
61471564
52452361
0.2
63149032
52452385
0.2
93394588
52450233
0.2
75323364
52451817
0.3
93948856
52447433
0.2
100349432
52448937
0.2
92054268
52450585
0.2
61149460
52452433
0.2
124113720
52451505
0.2
64393164
52452185
0.2
62491652
52452369
0.2
63015380
52452425
0.2
62382796
52452321
0.2
62990208
52452313
0.2
100021312
52448225
0.2
60812280
52452545
0.2
72981464
52451281
0.2
63588024
52452169
0.2
63023420
52452321
0.2
63026116
52452337
0.2
63399660
52452081
0.2
61793256
52452345
0.2
61247440
52452329
0.2
60874484
52452369
0.2
61740372
52452297
0.2
90969932
52449089
0.2
72511532
52450353
0.2
62709968
52452353
0.2
63394664
52452265
0.2
63020496
52452353
0.2
82065432
52450289
0.2
70091004
52451345
0.2
98930572
52449945
0.2
63316064
52452345
0.2
105103412
52447945
0.2
61263408
52452353
0.2
114320068
52446873
0.2
101333436
52448985
0.2
64119632
52451641
0.2
61775816
52452385
0.2
91814124
52449225
0.2
101602088
52446569
0.2
61980500
52452321
0.2
78497176
52449921
0.2
63647540
52452265
0.2
62786160
52452249
0.2
121157748
52447545
0.2
115720236
52442697
0.2
62195856
52452329
0.2
89367512
52450625
0.2
69722604
52452457
0.2
63252580
52452201
0.2
63909940
52452265
0.2
118239544
52448913
0.2
63536664
52452201
0.2
68057292
52451761
0.2
63846272
52452161
0.2
76662236
52450009
0.2
92116664
52447169
0.2
64852260
52452113
0.2
62402556
52452393
0.3
91627228
52447145
0.2
61674884
52452449
0.3
125039832
52441681
0.2
62589752
52452369
0.2
98603580
52450329
0.2
100089488
52449617
0.2
61868044
52452321
0.2
109111440
52445729
0.3
123573908
52441681
0.2
117367924
52442953
0.2
62377272
52452409
0.2
63383644
52452329
0.2
62843568
52452385
0.2
106003104
52449313
0.2
63686940
52452297
0.2
79886256
52449769
0.2
99915280
52450753
0.2
82437936
52448689
0.2
62138300
52452457
0.2
105117272
52446161
0.2
62130540
52452401
0.2
101414784
52447977
0.2
62092992
52452369
0.2
86679280
52447921
0.2
85596252
52449985
0.2
63188892
52452377
0.3
68543652
52450945
0.2
62361120
52452401
0.2
62099628
52452409
0.2
63110404
52452297
0.2
110953552
52444401
0.2
62229816
52452217
0.2
71491848
52451929
0.2
61606716
52452297
0.2
63186804
52452241
0.2
60989396
52452329
0.2
63865136
52452329
0.2
101428124
52452177
0.2
110939556
52445121
0.2
63531396
52452201
0.2
63848748
52452185
0.2
104984892
52448105
0.2
64166168
52452177
0.2
117768852
52443849
0.2
63039884
52452249
0.2
85451140
52449065
0.2
97908948
52451617
0.2
108033024
52445977
0.3
108964788
52443393
0.2
62599408
52452417
0.2
61945236
52452257
0.2
63125660
52452281
0.2
99445516
52447233
0.2
84233052
52450049
0.2
62747720
52452417
0.2
93166932
52449217
0.2
106634428
52451217
0.2
64387548
52452105
0.2
118646932
52447913
0.3
104592580
52445889
0.2
61992444
52452425
0.2
115816900
52446569
0.2
61575340
52452289
0.2
62271536
52452305
0.2
62331140
52452417
0.2
78323260
52451673
0.2
72233416
52451361
0.2
63201908
52452297
0.2
63148488
52452353
0.2
62080416
52452289
0.2
99983040
52448425
0.2
67567332
52451737
0.2
85404180
52449977
0.2
62806616
52452393
0.2
62342176
52452321
0.2
90053848
52451937
0.2
99487940
52445441
0.2
62983272
52452425
0.2
62155924
52452401
0.2
62579060
52452425
0.3
122982784
52441681
0.2
61433828
52452489
0.2
88342692
52449425
0.3
123709972
52441681
0.2
62719148
52452401
0.2
62751896
52452529
0.2
82104508
52450457
0.2
93905196
52449825
0.2
111016112
52447385
0.2
81183072
52449689
0.2
61168524
52452489
0.2
62110596
52452329
0.2
62118792
52452393
0.2
61989028
52452353
0.2
98254512
52450289
0.2
89228064
52448649
0.2
65449440
52452209
0.2
116095776
52446313
0.2
74722612
52450729
0.2
100235896
52448977
0.2
61176560
52452385
0.2
127204760
52446665
0.2
98445316
52449529
0.2
63607484
52452209
0.2
62519424
52452241
0.2
61619212
52452417
0.2
72902600
52451073
0.2
114663496
52447185
0.2
71170864
52450977
0.2
84126348
52448841
0.2
62009252
52452417
0.2
61946644
52452409
0.2
80192908
52451889
0.2
61930304
52452329
0.2
63338068
52452337
0.2
78274016
52450473
0.2
62841240
52452377
0.2
62873308
52452385
0.2
63416324
52452305
0.2
112691160
52450649
0.2
114116892
52448633
0.2
63306912
52452169
0.2
62274764
52452353
0.2
110338280
52447561
0.2
97039668
52445849
0.2
101569352
52449161
0.2
71588420
52451425
0.2
113609620
52445921
0.2
123449712
52441681
0.2
79527364
52451169
0.2
87736684
52450233
0.2
74222428
52452329
0.2
122569532
52446129
0.2
61595244
52452393
0.2
61609412
52452337
0.2
76615004
52451129
0.2
74433608
52451377
0.2
87233488
52449793
0.2
86214236
52449033
0.2
119883644
52441769
0.2
96365916
52448513
0.2
95655056
52448593
0.2
62427344
52452201
0.2
62786584
52452441
0.2
121961436
52442897
0.2
80670184
52451769
0.2
61294800
52452441
0.2
61674092
52452409
0.2
132059696
52446769
0.2
63057236
52452313
0.2
92351116
52450137
0.2
62603464
52452417
0.2
121438796
52441745
0.2
62757436
52452233
0.2
61466640
52452345
0.2
61526360
52452449
0.2
117409036
52445497
0.2
61650092
52452369
0.2
63667808
52452273
0.2
69395804
52452057
0.2
62675632
52452289
0.2
70589732
52450873
0.2
101207496
52448585
0.2
81965220
52449937
0.2
83562776
52450377
0.2
61275428
52452369
0.2
64142652
52452289
0.2
84160116
52452241
0.2
61750804
52452385
0.2
83256320
52449433
0.2
67667764
52452169
0.2
70132388
52451449
0.2
64091416
52452345
0.2
112121752
52447217
0.2
77140328
52450201
0.2
63678408
52452353
0.2
74791104
52451433
0.2
61557496
52452505
0.2
62967416
52452289
0.2
78581456
52449577
0.2
110996472
52451697
0.2
101503960
52444929
0.2
63499552
52452201
0.2
79914096
52450593
0.2
78465908
52450193
0.2
84265696
52449625
0.2
71876164
52451033
0.2
64233976
52451841
0.2
104234528
52448665
0.2
83310720
52450513
0.2
84452648
52448529
0.2
62558692
52452361
0.2
64634656
52452129
0.2
99445068
52450169
0.2
62831096
52452417
0.2
102984676
52447289
0.2
61638996
52452433
0.2
106626020
52448521
0.2
63262132
52452329
0.2
68448688
52451241
0.2
118010620
52446321
0.2
64464652
52452225
0.2
76594380
52451057
0.2
75144204
52450913
0.2
102562740
52448633
0.2
60962580
52452521
0.2
67616316
52451633
0.2
70302264
52451321
0.2
126499408
52447345
0.2
63847808
52452377
0.2
81473776
52451345
0.2
119968920
52441817
0.2
63052720
52452361
0.2
62918812
52452305
0.2
62035660
52452425
0.2
81915252
52450489
0.2
62161128
52452489
0.2
126814036
52446073
0.2
63638100
52452345
0.2
90026116
52450265
0.2
83783380
52450545
0.2
62234948
52452329
0.2
62012972
52452441
0.2
95391340
52449657
0.2
62759488
52452321
0.2
64731360
52452233
0.2
64111236
52452217
0.2
94432536
52450049
0.2
63198320
52452241
0.3
117940060
52441737
0.2
62692104
52452481
0.2
62810160
52452417
0.2
83296740
52450705
0.2
62274888
52452337
0.2
62086904
52452417
0.2
118346424
52441865
0.2
89948456
52450921
0.2
63330812
52452361
0.2
79951004
52450161
0.2
64258724
52452305
0.2
62924456
52452345
0.2
122851232
52443761
0.2
78069656
52449673
0.2
80149304
52450593
0.2
103335800
52448361
0.2
119872808
52448521
0.2
63685976
52452153
0.2
63815928
52452273
0.2
63159076
52452337
0.2
62915552
52452225
0.2
82471256
52449201
0.2
76182600
52449505
0.3
120260236
52442609
0.2
75900548
52450905
0.2
63201936
52452329
0.2
65618700
52451881
0.2
63439520
52452329
0.2
64254508
52452153
0.3
116275552
52442209
0.2
117256280
52449953
0.2
63782176
52452321
0.2
61959576
52452417
0.2
61826752
52452249
0.2
120344928
52446753
0.2
100898336
52448825
0.2
89370880
52450425
0.2
123534524
52446097
0.2
63546908
52452417
0.2
71864680
52451913
0.2
61874296
52452337
0.2
88560040
52450369
0.2
121667576
52445945
0.2
101604876
52449977
0.2
61587152
52452353
0.2
64215032
52452321
0.2
115095784
52446633
0.2
114012996
52449089
0.2
89287644
52447713
0.2
128967712
52447113
0.2
64899760
52451793
0.2
64000080
52452321
0.2
63069124
52452217
0.2
109354784
52448417
0.2
61739788
52452329
0.2
62793536
52452329
0.2
77774948
52449897
0.2
63023728
52452361
0.2
101680524
52448977
0.3
67764768
52451201
0.2
63680328
52452345
0.2
77443784
52450249
0.2
60650800
52452361
0.2
79627244
52450497
0.2
65127480
52452089
0.2
95738468
52448433
0.2
119905332
52444737
0.2
61794664
52452305
0.2
124783624
52446617
0.3
124483276
52441681
0.2
64305224
52452337
0.2
143673916
52451121
0.2
100709668
52450457
0.2
63118636
52452385
0.2
108448600
52444537
0.2
63454220
52452273
0.2
64186384
52452209
0.2
96336924
52446409
0.2
73094616
52451065
0.2
127021132
52443601
0.2
73913100
52451705
0.2
63760016
52452289
0.2
86151844
52450473
0.2
63743392
52452337
0.2
61326364
52452337
0.2
69283440
52451777
0.2
119261568
52447937
0.2
82611168
52450865
0.2
117001992
52447081
0.2
69663184
52451745
0.2
61831236
52452401
0.2
114721164
52444993
0.2
68474360
52451145
0.2
121337224
52445265
0.2
126459556
52445505
0.2
63371992
52452225
0.2
123731704
52446273
0.2
120139908
52443209
0.3
121689488
52441681
0.2
122307184
52442401
0.2
63820740
52452225
0.2
66165912
52452361
0.2
63749724
52452361
0.2
100298204
52448465
0.2
64004224
52452377
0.2
72029924
52451225
0.2
62761512
52452313
0.2
127632960
52444753
0.2
92366052
52451905
0.2
62966172
52452337
0.2
62835096
52452409
0.2
62097748
52452329
0.2
85414372
52449793
0.2
64208180
52452241
0.2
74879364
52449897
0.2
63948348
52452369
0.2
112930216
52442793
0.2
61911044
52452377
0.2
62463232
52452417
0.2
63431384
52452361
0.2
102991508
52448521
0.2
119756460
52446697
0.2
63039300
52452233
0.2
62324712
52452377
0.2
104485288
52449417
0.2
70798848
52452201
0.2
85705300
52448265
0.2
62191720
52452385
0.2
63113952
52452081
0.2
62012620
52452385
0.2
72121696
52451305
0.2
63986092
52452201
0.2
124855388
52446873
0.2
88311612
52449017
0.2
63464772
52452305
0.2
69108232
52451969
0.2
73973520
52450953
0.2
95199696
52447985
0.2
62810584
52452185
0.2
86663956
52448649
0.2
114880824
52444705
0.2
62076500
52452425
0.2
136002940
52448385
0.2
79718348
52450609
0.2
113041064
52445641
0.2
68933792
52451985
0.2
63392460
52452393
0.2
66256580
52452385
0.2
89293572
52450177
0.2
108315708
52447201
0.2
66453392
52452073
0.2
74371064
52450745
0.2
62526240
52452409
0.2
64428520
52452321
0.2
63616380
52452217
0.2
63321568
52452393
0.2
119407328
52447585
0.2
78489668
52450361
0.2
104346040
52448201
0.2
64781968
52452169
0.2
77440708
52451321
0.2
87458660
52449329
0.2
62056564
52452353
0.2
109534600
52445273
0.2
61986504
52452377
0.2
104982396
52445889
0.2
63652812
52452345
0.2
92974884
52448697
0.2
78734600
52449001
0.2
122227804
52443465
0.2
123594812
52444105
0.2
87825400
52448001
0.2
62130764
52452377
0.2
115689780
52444473
0.2
61930228
52452361
0.2
61898508
52452385
0.2
75778016
52452305
0.2
61928240
52452401
0.2
63326516
52452201
0.2
77325584
52449089
0.2
118136884
52446369
0.2
63329220
52452369
0.2
62468364
52452361
0.2
99485840
52448537
0.2
101662428
52450673
0.2
61546896
52452441
0.2
138873308
52450489
0.2
72832880
52451721
0.2
64046600
52452329
0.2
82535568
52449577
0.2
69561228
52451505
0.2
63922568
52452209
0.2
101758616
52449425
0.2
90275024
52450129
0.2
72706312
52451137
0.2
80020712
52449801
0.2
83109708
52450009
0.2
76910968
52451481
0.2
75991928
52451241
0.2
97063288
52448425
0.2
115654448
52446609
0.2
64668700
52452273
0.2
63675660
52452161
0.2
62742744
52452425
0.2
98291968
52448361
0.2
64934152
52452041
0.2
112408136
52447905
0.2
61693172
52452425
0.2
94503216
52448953
0.2
69285020
52451553
0.2
64695320
52452273
0.2
62173212
52452169
0.2
75931272
52450529
0.3
106537420
52443425
0.2
63077728
52452217
0.2
61773072
52452449
0.2
130919444
52446577
0.2
63109780
52452297
0.2
122256576
52441905
0.2
67202612
52451929
0.2
82765804
52449873
0.2
80728276
52450049
0.2
74788560
52451593
0.2
88628384
52450601
0.2
78910288
52451017
0.2
89446916
52449145
0.2
80233864
52450369
0.2
130384776
52449601
0.2
74477588
52450257
0.2
114525020
52443481
0.2
63265880
52452137
0.2
62110464
52452241
0.2
63017908
52452385
0.2
63630252
52452321
0.2
74582032
52451073
0.2
61918784
52452353
0.2
79631704
52451889
0.2
73351336
52451281
0.2
97470352
52448657
0.2
61958532
52452449
0.2
64207924
52452129
0.2
63138884
52452321
0.2
62174872
52452337
0.3
121062780
52442361
0.2
61956336
52452353
0.2
62622320
52452337
0.2
64539692
52452329
0.2
62252200
52452353
0.2
85694564
52450065
0.2
91430220
52448849
0.2
81847160
52452273
0.2
61739904
52452417
0.2
131775360
52446857
0.2
64018608
52452265
0.2
86203732
52447697
0.2
114212568
52447169
0.2
73409300
52450865
0.2
76192124
52451289
0.2
64115848
52452273
0.2
63507772
52452153
0.2
61355792
52452449
0.2
69451404
52451953
0.2
64585196
52452193
0.2
60720740
52452417
0.2
63286152
52452393
0.2
117953736
52445881
0.2
61800740
52452393
0.2
62983932
52452337
0.2
64058756
52452201
0.2
61352248
52452385
0.2
62907720
52452321
0.2
71062128
52451513
0.2
67439120
52451801
0.2
81934656
52451321
0.2
62736216
52452225
0.2
126595284
52446497
0.2
67466344
52452417
0.2
77057996
52449793
0.2
63826132
52452273
0.2
62367600
52452329
0.2
71421048
52451745
0.2
92705688
52447513
0.2
81493952
52450033
0.2
64548112
52452329
0.2
89354556
52450753
0.2
61729048
52452305
0.2
81082068
52450961
0.2
67177328
52452025
0.2
78126148
52450961
0.2
64280800
52452185
0.2
129906928
52444049
0.2
62525980
52452233
0.2
61511832
52452369
0.2
62069268
52452369
0.2
61210736
52452505
0.2
62968580
52452185
0.2
63911948
52452345
0.2
61637728
52452337
0.2
112576612
52448945
0.2
77395404
52451065
0.2
92353720
52452121
0.2
63387364
52452305
0.2
64101360
52452169
0.2
64133328
52452361
0.2
62234824
52452385
0.2
69612992
52451985
0.2
64256768
52452329
0.2
64012156
52452201
