im-chacha-poly-511
1000
08/28/18
1.0
127648160
52442401
0.9
131326656
52441737
0.9
133120920
52441737
1.0
133224016
52441737
1.0
130575120
52442033
1.0
131934744
52441737
0.9
131496264
52441737
1.0
130135040
52441737
1.0
129687384
52441737
0.9
132403456
52442041
1.0
132879160
52441769
0.9
131897720
52441729
0.9
129589432
52441737
0.9
133533168
52442009
1.0
131492696
52441721
0.9
130712280
52441737
1.0
131719512
52441737
0.9
131659024
52441737
0.9
131077504
52441737
0.9
132827040
52441745
0.9
129899784
52441737
0.9
133127960
52441729
0.9
136087600
52441881
0.9
133642184
52441801
0.9
132689648
52441745
0.9
129494192
52441929
1.0
128260568
52442009
1.0
132339448
52441737
0.9
130248416
52441745
0.9
135646824
52441737
0.9
127921720
52441713
0.9
134297016
52441929
0.9
132100880
52441737
0.9
131937736
52441737
0.9
130934416
52441745
1.0
131191920
52441737
1.0
129056592
52441753
0.9
132719208
52441953
0.9
131817744
52441753
1.0
130990976
52441713
0.9
131995568
52441745
0.9
130621792
52441761
0.9
130134672
52441761
0.9
133866440
52441737
0.9
132140824
52441729
0.9
131554472
52441737
0.9
130752976
52441913
0.9
134124592
52441737
1.0
132694864
52441721
0.9
128536072
52441905
0.9
132262864
52441737
1.0
133290544
52441753
1.0
131459312
52441737
0.9
130166992
52441737
1.0
128513024
52441737
0.9
133199024
52441745
1.0
124886496
52441745
0.9
134632688
52442041
0.9
129710440
52441737
0.9
130415648
52441753
1.0
130593904
52441737
0.9
133429424
52441769
0.9
131163296
52442025
1.0
127871672
52441777
0.9
132213680
52441729
0.9
128004416
52442217
0.9
134545016
52441737
0.9
131667496
52441737
0.9
132459008
52441865
0.9
132131328
52441737
0.9
130541544
52441753
0.9
131219224
52441737
0.9
129138472
52441769
1.0
123973464
52441729
1.0
132682728
52441737
1.0
134385240
52441761
0.9
132527768
52441873
0.9
131899792
52441737
1.0
126838320
52441737
1.0
122446128
52441785
0.9
133961304
52441761
0.9
131699464
52441737
0.9
129524656
52441737
0.9
127156664
52441873
0.9
130783016
52441721
1.0
133266640
52441801
1.0
133442080
52441737
0.9
130752016
52441737
1.0
131692952
52441737
1.0
134803232
52441737
0.9
131295928
52441921
0.9
131134424
52441809
1.0
128166880
52441745
1.0
130655608
52441729
0.9
131872568
52441785
1.0
125227528
52442153
0.9
131373536
52441833
1.0
132759432
52441737
1.0
128541952
52441873
0.9
132589024
52441737
1.0
132783888
52441753
1.0
133947232
52441745
0.9
122111816
52442033
0.9
132438056
52442081
0.9
132922240
52442073
0.9
132398080
52441809
0.9
129897032
52442009
1.0
131211912
52441761
0.9
133552408
52441737
0.9
128200456
52441721
0.9
130268184
52441721
0.9
132914144
52441769
0.9
132746072
52441969
1.0
133723648
52441729
0.9
130694264
52441729
0.9
130171392
52441761
0.9
133217384
52441817
0.9
131214176
52441737
1.0
129724576
52441881
1.0
132037632
52441737
0.9
129281808
52441737
1.0
134419120
52441737
1.0
114182336
52443505
1.0
132528712
52441761
0.9
134143168
52441737
0.9
134897288
52441881
0.9
133795952
52441977
0.9
131531008
52441729
0.9
130696720
52441745
0.9
130359920
52441985
0.9
132918272
52442321
0.9
131902144
52441801
0.9
132009704
52441729
0.9
127737872
52441865
0.9
132446336
52441737
0.9
129858696
52441737
0.9
130063432
52441761
1.0
133730032
52441737
1.0
130657864
52441737
0.9
131214944
52441737
0.9
131635264
52441737
0.9
131260960
52441745
1.0
133469224
52441809
1.0
132918872
52441737
0.9
131337016
52441737
1.0
134180544
52441809
0.9
129404992
52441737
1.0
132096384
52441737
0.9
134577216
52441817
0.9
132369848
52441985
1.0
131961872
52441737
0.9
133339312
52442065
0.9
131434056
52441801
0.9
130695232
52441745
1.0
117136224
52442505
0.9
130190832
52442073
0.9
130563208
52441737
1.0
132144944
52441729
0.9
134147464
52441737
0.9
129815168
52441761
0.9
131035888
52441865
1.0
130380896
52441737
0.9
129903000
52441769
1.0
132418408
52441921
0.9
127652240
52441737
1.0
130876568
52441745
1.0
132589840
52441737
0.9
126398536
52441969
0.9
133373584
52441865
0.9
131048744
52441729
0.9
132798984
52441961
0.9
129631064
52441737
0.9
132006664
52441721
0.9
128482432
52442065
0.9
132602872
52441737
1.0
128892560
52441737
0.9
132697848
52441745
1.0
132642208
52441737
1.0
132620768
52441737
0.9
132283400
52441737
1.0
132704384
52441969
0.9
134074120
52441761
0.9
133634552
52441737
0.9
129013520
52441737
1.0
132010144
52441729
0.9
130527328
52441737
1.0
129569128
52441737
0.9
132428656
52441745
1.0
134815680
52441801
0.9
130207912
52441905
1.0
129787192
52441737
0.9
124621080
52441777
0.9
132951888
52441737
0.9
130352408
52441721
0.9
131804528
52441729
0.9
129496176
52441737
0.9
133301760
52442169
0.9
132944984
52441745
0.9
133093448
52441737
0.9
131923264
52441745
1.0
131392624
52441737
1.0
131559008
52441833
1.0
133262256
52441737
1.0
133777320
52441769
1.0
129471312
52441873
0.9
131817072
52441721
0.9
131715984
52441809
0.9
131970024
52441737
1.0
133511808
52441881
0.9
131593080
52441737
1.0
127966760
52441737
0.9
133087144
52441737
0.9
132355672
52441737
1.0
128973256
52441961
0.9
130997896
52441737
0.9
129868608
52441737
0.9
131330872
52441729
0.9
133423224
52441857
1.0
132086368
52441945
0.9
133454488
52442065
1.0
132653472
52441737
0.9
133865288
52441737
0.9
133756360
52441737
0.9
132398608
52441737
0.9
132552488
52441737
0.9
133743840
52441737
1.0
133860200
52441969
0.9
135132136
52442185
0.9
124228248
52441801
0.9
131689464
52441737
0.9
131725120
52441737
1.0
134162040
52441833
0.9
132955128
52441737
0.9
128626304
52441737
1.0
131915736
52441737
0.9
132019072
52441729
0.9
130787376
52441745
0.9
132757048
52441753
0.9
132116352
52441777
0.9
133424712
52441737
0.9
131292008
52441737
0.9
132033752
52441737
0.9
132121192
52441737
0.9
130848912
52442073
0.9
133123216
52441761
0.9
130820704
52441721
0.9
128252944
52441761
0.9
130743728
52441833
1.0
123221112
52441737
0.9
134815408
52441849
1.0
132752608
52441761
0.9
133153320
52441961
0.9
130019888
52441737
0.9
134285536
52441737
0.9
132884888
52441737
1.0
129926896
52441737
0.9
128368280
52441777
0.9
133257992
52441777
0.9
128419472
52441737
1.0
129571864
52441841
0.9
133796744
52441737
0.9
132282280
52441737
0.9
133208568
52442033
0.9
132881224
52441737
0.9
128941680
52441737
1.0
133017688
52441737
0.9
128531848
52442041
0.9
130344840
52441737
1.0
133871792
52441737
0.9
133419608
52441721
0.9
131438560
52441737
0.9
131070552
52441801
1.0
134179176
52441737
0.9
132061984
52441729
0.9
124325216
52441745
0.9
133408192
52441881
0.9
130378824
52441913
0.9
130280480
52441737
0.9
125845032
52441977
0.9
131723192
52441745
1.0
133951096
52441737
0.9
134009696
52441737
0.9
133667632
52441777
0.9
131695592
52441745
1.0
133573456
52441737
0.9
133580920
52441737
0.9
132583080
52441737
1.0
131355648
52442081
0.9
133796712
52441761
0.9
131719960
52441785
0.9
134935800
52441881
1.0
131325576
52441745
1.0
132611024
52441737
1.0
133502392
52441737
0.9
131435624
52441737
0.9
134135416
52441737
0.9
130324080
52441737
0.9
132167808
52441729
0.9
133786568
52441737
0.9
129994144
52441953
1.0
133326728
52441737
0.9
123842288
52442257
0.9
128213656
52441761
0.9
132941576
52441737
0.9
132566744
52441745
1.0
131963280
52441713
1.0
133637120
52441737
0.9
131532400
52441737
0.9
132471432
52441737
0.9
133123280
52441737
1.0
131181392
52441745
0.9
132825968
52441737
0.9
126602056
52441737
1.0
129732712
52441737
0.9
134482208
52441753
1.0
134188848
52441737
1.0
134066112
52441737
0.9
128697488
52441713
0.9
129838104
52441761
0.9
132897992
52441761
0.9
134664296
52441737
0.9
131464096
52441737
0.9
131757440
52442065
0.9
130476096
52441849
1.0
132346744
52441801
1.0
129066304
52442089
1.0
132475944
52441753
0.9
132387440
52441745
0.9
130346528
52441737
1.0
133914568
52441937
0.9
130017408
52441889
1.0
131576624
52441737
0.9
132053992
52441809
1.0
130646152
52441721
1.0
128644160
52442049
1.0
131551360
52441969
0.9
128905256
52441889
0.9
131049520
52441737
1.0
133584840
52441817
0.9
131922600
52441737
0.9
133736744
52441745
0.9
134669504
52441737
0.9
131414336
52441713
1.0
132012928
52441737
0.9
132702488
52441737
1.0
133796152
52441761
0.9
131492360
52441737
1.0
132394440
52441737
1.0
127624032
52441729
0.9
132453080
52441969
1.0
133328904
52442001
0.9
132754768
52441737
0.9
134107040
52441737
1.0
133223984
52441753
0.9
131188800
52441737
1.0
131475368
52441801
0.9
133005744
52441753
1.0
131818816
52441737
1.0
131710600
52441889
1.0
132063208
52441737
1.0
130166528
52441729
1.0
132429872
52441737
1.0
128893808
52441745
1.0
134190744
52441761
0.9
132425088
52441745
1.0
134388048
52441737
0.9
135226600
52441745
0.9
131552856
52441761
0.9
130967088
52441721
0.9
128704168
52442241
0.9
133089088
52441769
1.0
131863848
52441737
0.9
132353448
52441897
1.0
131893864
52441737
0.9
131131624
52441729
0.9
130155728
52441737
0.9
128888632
52441729
0.9
133297208
52441761
0.9
134620648
52442025
1.0
129138696
52441713
1.0
135238008
52441713
0.9
134023736
52441737
0.9
132017152
52441737
1.0
132762600
52441737
0.9
133932560
52441857
0.9
132982296
52442097
1.0
132889400
52441737
1.0
127273384
52441737
0.9
130003840
52441737
1.0
128979096
52441713
0.9
128649880
52441745
0.9
132840296
52441753
0.9
131458176
52441745
0.9
133379992
52441905
0.9
133532224
52441737
0.9
133068480
52441785
1.0
132275272
52441737
0.9
132561680
52441737
0.9
131606064
52441809
1.0
132953880
52441745
1.0
128997688
52441721
1.0
128918984
52441737
0.9
134070656
52441737
0.9
131400224
52441729
1.0
131280952
52441729
0.9
128503728
52441721
1.0
133910608
52441721
1.0
132514776
52441769
1.0
134585664
52441897
0.9
130472032
52441737
0.9
131468664
52441737
1.0
131552504
52441761
0.9
130663288
52441809
0.9
133716352
52441745
0.9
132012192
52441761
0.9
133565088
52441737
0.9
132697488
52441737
0.9
132353184
52441737
0.9
134527512
52441737
1.0
132090952
52441737
1.0
124760344
52441809
1.0
131369576
52441737
0.9
131284312
52441937
1.0
132250816
52441737
1.0
128755032
52442361
1.0
131762096
52441737
0.9
128650816
52441761
1.0
131264984
52441777
0.9
132291008
52441737
0.9
132023560
52441761
0.9
133397624
52442113
0.9
131816432
52441865
0.9
129270688
52441737
1.0
130508832
52441865
1.0
131990120
52441737
1.0
129602944
52441753
1.0
132682488
52441745
0.9
131798432
52442049
0.9
132899832
52442009
1.0
125423976
52441769
0.9
129070792
52441761
0.9
133766864
52442009
0.9
129053640
52441737
1.0
126005752
52441921
1.0
131663168
52441737
0.9
132671160
52441737
1.0
132614232
52441745
1.0
132225120
52441737
0.9
130593760
52441753
0.9
130855984
52441745
1.0
135137200
52441737
0.9
131297592
52441737
1.0
130080592
52441745
0.9
133960544
52441769
1.0
132251320
52441857
0.9
133015288
52441737
0.9
131362024
52441809
1.0
135351712
52441745
1.0
130103184
52441737
0.9
133505952
52441745
0.9
134281816
52441737
1.0
128270192
52441729
0.9
131021928
52441761
0.9
127094592
52442049
1.0
133513184
52441769
0.9
131249528
52441761
0.9
129405288
52441753
0.9
133865168
52441761
0.9
131794504
52441737
1.0
131090176
52441729
0.9
133654048
52441737
0.9
131835168
52441737
0.9
130716608
52441737
1.0
132115528
52441737
0.9
133006160
52441745
0.9
132286000
52441737
0.9
130130568
52441737
1.0
130946272
52441729
0.9
131398240
52441729
1.0
131949568
52441761
1.0
133936560
52441817
0.9
130566168
52441753
0.9
134332384
52441737
1.0
128761176
52441737
0.9
135507224
52441737
0.9
131599272
52441753
0.9
130928552
52441737
0.9
131579000
52441737
0.9
129996240
52441737
1.0
133838696
52441961
0.9
134812256
52441817
0.9
135343752
52441737
1.0
133282752
52441905
0.9
134378576
52441849
1.0
133449864
52441913
0.9
132048024
52441721
0.9
132700496
52441801
0.9
129156488
52441737
1.0
135596784
52441753
1.0
133412184
52441889
1.0
130849616
52441737
0.9
127928792
52441897
0.9
131879608
52441977
0.9
132726128
52441793
1.0
130119432
52441833
1.0
133971368
52441737
0.9
129655432
52441817
0.9
131364808
52441737
0.9
134064216
52441737
0.9
130642392
52441737
0.9
134407248
52441737
1.0
128549296
52441729
0.9
132965240
52441745
0.9
131143256
52441737
0.9
132177280
52441889
1.0
133287536
52441801
0.9
130822520
52441745
1.0
132505872
52441737
1.0
130171048
52442017
0.9
131477000
52441937
1.0
131917008
52441737
0.9
131019304
52441737
0.9
127201432
52441753
0.9
130301216
52441793
1.0
130471368
52441849
0.9
133244056
52441721
0.9
132181144
52441761
0.9
133995152
52441753
0.9
133719240
52441737
1.0
133805408
52441737
0.9
132441552
52441737
0.9
131207096
52441737
0.9
129351872
52441737
1.0
133066200
52441737
1.0
130258568
52441713
0.9
129675112
52441737
0.9
135200064
52441729
0.9
130530656
52441737
0.9
131787168
52441737
1.0
129566768
52441745
0.9
133262008
52441745
0.9
133794488
52441737
0.9
129625040
52441737
0.9
132461272
52441737
1.0
131018000
52441737
1.0
134367464
52441737
0.9
124490928
52441761
1.0
120738680
52442097
1.0
130245336
52441841
0.9
129626672
52441737
0.9
129042720
52441737
0.9
133608040
52441961
0.9
132075656
52441737
0.9
132295408
52441785
0.9
134000272
52441737
1.0
128507952
52441729
0.9
131868104
52441785
0.9
131817192
52441737
0.9
127032472
52441761
0.9
131433392
52441737
0.9
133995472
52441753
0.9
132750800
52441977
0.9
133493408
52441737
0.9
132367056
52441737
0.9
134713728
52442041
0.9
135035120
52441785
0.9
130775768
52441737
1.0
131557440
52441761
0.9
131774760
52441737
1.0
128576744
52441737
1.0
132899840
52441873
0.9
132171592
52441737
0.9
131890312
52441865
0.9
129847576
52441737
1.0
130369664
52441737
1.0
134013880
52441737
0.9
133259432
52441737
0.9
130743440
52441977
0.9
131314080
52441721
1.0
131661672
52441737
0.9
131810576
52441737
0.9
133358064
52441833
0.9
128378952
52441737
0.9
134878904
52442009
1.0
131454184
52441737
1.0
133895336
52441745
0.9
131608712
52441737
0.9
129692448
52441737
0.9
134397232
52441817
0.9
133256920
52441737
0.9
133224872
52441753
0.9
130241280
52441713
1.0
120804832
52441969
1.0
134138368
52441745
0.9
133476120
52441737
0.9
129926992
52441793
0.9
132828648
52441785
0.9
134552352
52441737
0.9
133841160
52441913
1.0
130077408
52441761
1.0
128934776
52442057
1.0
132608832
52441881
0.9
132152704
52441761
0.9
133126248
52441945
0.9
133397640
52441737
0.9
130790944
52441737
0.9
128965888
52441745
1.0
129465048
52441737
0.9
132057880
52441745
1.0
134736064
52441737
0.9
128733904
52441865
0.9
132623840
52441737
1.0
122581232
52442065
0.9
132802048
52441921
0.9
132601888
52441825
0.9
131953504
52441737
0.9
132560288
52441737
1.0
131713192
52441761
0.9
130202024
52441841
1.0
133980040
52441745
1.0
132697744
52441737
1.0
131072392
52441857
0.9
134417576
52441737
1.0
130090712
52441737
1.0
125421752
52441729
0.9
131970152
52441745
0.9
132235816
52441825
0.9
132568968
52441729
1.0
133616704
52441753
0.9
129410304
52441761
0.9
133636368
52442057
1.0
130958016
52441873
1.0
131013112
52441745
1.0
127736520
52441729
0.9
130529896
52441745
0.9
131827232
52441745
0.9
126411984
52442073
0.9
131449848
52441737
0.9
127015080
52441729
0.9
133950080
52441857
0.9
133630728
52441761
0.9
130460184
52441737
0.9
134541840
52441969
1.0
130859712
52441737
1.0
125254072
52442201
0.9
129538488
52441961
1.0
133544080
52441961
1.0
127808784
52441737
1.0
130915128
52441737
0.9
131561320
52441737
0.9
129950632
52441785
1.0
127135808
52441729
0.9
132897864
52441745
0.9
132855648
52441921
0.9
133429440
52441737
1.0
131357152
52441761
0.9
130242648
52441929
0.9
134311040
52441737
1.0
133538960
52441737
0.9
129238968
52442009
1.0
128650008
52441737
0.9
131176208
52441737
1.0
130555672
52441737
0.9
129964960
52441737
0.9
132870920
52441745
0.9
127682504
52441793
0.9
130768704
52441737
0.9
130616584
52441737
1.0
132015040
52441737
0.9
132596248
52441753
1.0
134016032
52441761
0.9
130295432
52442097
1.0
129872920
52441729
1.0
132542056
52441737
1.0
129704856
52441737
0.9
130987984
52442033
0.9
133033552
52441729
1.0
133359800
52441737
0.9
131775792
52441809
1.0
131754312
52441737
0.9
131150648
52441737
1.0
134622864
52441737
1.0
133928920
52441737
0.9
129707576
52441729
0.9
127041008
52441897
1.0
130023088
52441993
1.0
133086656
52441857
0.9
131403936
52441737
0.9
130775552
52441745
0.9
132970176
52441921
0.9
134018648
52441929
0.9
129503528
52441721
0.9
131610632
52441737
1.0
130836752
52441793
0.9
131030216
52441737
0.9
132027824
52441737
0.9
131592864
52441737
1.0
133237016
52441817
1.0
132137552
52441745
0.9
133247496
52441737
0.9
133072160
52441801
1.0
131251048
52441721
0.9
129277568
52441889
0.9
131844136
52441737
0.9
132600784
52441737
1.0
133525960
52441761
1.0
131785944
52441737
1.0
132096792
52441873
0.9
132237152
52441833
0.9
134145384
52441737
0.9
130023912
52442217
0.9
122656016
52442393
0.9
131880872
52441737
1.0
130764624
52441737
0.9
131683968
52441737
1.0
131475648
52441969
1.0
133332144
52441737
0.9
131108320
52441737
0.9
129483744
52441737
1.0
133365216
52441737
0.9
131780120
52441737
1.0
133693096
52441769
0.9
134195568
52442201
1.0
128448184
52441737
0.9
129249848
52441817
0.9
127510024
52441729
1.0
132306712
52441833
1.0
133122312
52441825
0.9
132069384
52441737
1.0
133693952
52441737
0.9
133686824
52441729
0.9
132316224
52441713
1.0
133415520
52441737
1.0
131386840
52441777
1.0
133103832
52441737
1.0
134746368
52441737
0.9
132679112
52441737
0.9
132845168
52441737
0.9
132236336
52441737
0.9
130951248
52441729
1.0
133118488
52441737
0.9
129087608
52441737
0.9
133216368
52441737
1.0
132119552
52441737
1.0
130315728
52441737
1.0
132058208
52441737
1.0
134493160
52441753
1.0
129017720
52441737
0.9
129531952
52441713
0.9
130632896
52441737
1.0
132170160
52441737
1.0
131057952
52441721
0.9
131958448
52441737
0.9
130820408
52441817
0.9
132071968
52441737
0.9
131765264
52441737
0.9
132522576
52441737
0.9
133239992
52442025
1.0
132035400
52441737
0.9
132654272
52441737
0.9
129998192
52441777
0.9
130644824
52441745
0.9
132605968
52441849
1.0
131639280
52441945
0.9
130643208
52441745
0.9
132733696
52441937
0.9
131683008
52441737
1.0
132426592
52441737
0.9
132231504
52441729
1.0
136096160
52441761
1.0
133631088
52441993
1.0
132129904
52441737
0.9
133954336
52441977
0.9
128160824
52441753
0.9
130448408
52441737
0.9
131385304
52441801
0.9
136986072
52441961
1.0
131203392
52441745
0.9
129014192
52441745
0.9
127552368
52441737
0.9
130015960
52441729
0.9
133911432
52441753
0.9
133875896
52441753
0.9
129705176
52441985
1.0
134606856
52441825
0.9
133425128
52441817
0.9
132292992
52441945
1.0
132962624
52441737
1.0
130733776
52441737
0.9
129168464
52441881
1.0
132156224
52441729
1.0
130651776
52441881
0.9
132923672
52441905
1.0
130564448
52441737
0.9
133263232
52441737
1.0
130529880
52441809
0.9
131626240
52441737
0.9
133342424
52442081
0.9
130805976
52441737
1.0
128759600
52442153
0.9
133068664
52441737
0.9
134135352
52441737
0.9
131394952
52441737
1.0
132508768
52441753
0.9
133182280
52441737
0.9
129905288
52441873
0.9
131701944
52441737
0.9
125332328
52441929
0.9
125536432
52441809
0.9
132049336
52441841
1.0
134748808
52441753
0.9
129682784
52441737
0.9
133556720
52441737
0.9
133685080
52441913
0.9
127986080
52441737
0.9
132010680
52441737
0.9
130600760
52441721
0.9
131049328
52441745
1.0
132352664
52441737
1.0
131785416
52441737
0.9
132471104
52441729
0.9
130698816
52441745
0.9
130870952
52441729
1.0
131113664
52441745
0.9
128912600
52441825
0.9
130611992
52441737
1.0
133243840
52441753
1.0
125143640
52441817
0.9
126505088
52441897
0.9
130923720
52441729
1.0
129184440
52441905
1.0
131607808
52441737
0.9
135347920
52441737
0.9
133422440
52441745
0.9
132331648
52441737
0.9
131117128
52441809
0.9
134632984
52441729
0.9
132083856
52441737
0.9
132461704
52441745
1.0
134841208
52441737
1.0
134712136
52441737
1.0
130797416
52441737
0.9
132946024
52441737
1.0
126610512
52442193
1.0
132364352
52441945
1.0
132894360
52441745
1.0
127044352
52441737
1.0
125161272
52441785
0.9
131152432
52441737
1.0
128394504
52442025
0.9
131399224
52441737
1.0
132466416
52441737
0.9
124942464
52442089
0.9
130143608
52441745
0.9
131532648
52441777
1.0
133236328
52441849
0.9
133071000
52441729
0.9
132776656
52441737
1.0
132655664
52442065
1.0
126498064
52441737
1.0
133871216
52441801
0.9
132047872
52441737
0.9
130897312
52441753
1.0
133734312
52441833
1.0
132521760
52441745
0.9
130802352
52441737
1.0
127807024
52441961
0.9
131604632
52441737
1.0
133110344
52441737
0.9
134584112
52441937
1.0
127899344
52441729
0.9
134967920
52441737
0.9
131430648
52441753
0.9
133019984
52441729
1.0
131597584
52441961
1.0
128716904
52441737
0.9
132893512
52441865
0.9
133074920
52441761
1.0
131023736
52441737
0.9
128679760
52441969
1.0
130940984
52441753
0.9
132846816
52441713
1.0
132486664
52441745
0.9
123916792
52441737
0.9
131956664
52441833
0.9
133202736
52441737
0.9
128153656
52441729
1.0
132533120
52441737
0.9
132821712
52441729
1.0
133253152
52441713
0.9
124256416
52441929
0.9
131424296
52441977
0.9
134208872
52442025
0.9
134580264
52441729
0.9
132020512
52441737
1.0
135069456
52441761
1.0
131054848
52441721
1.0
133205936
52441737
0.9
133016088
52441737
0.9
130882304
52441737
0.9
130747808
52441737
0.9
132114152
52441753
0.9
134341536
52441737
1.0
130355240
52441713
0.9
130575296
52441737
0.9
130852352
52441905
1.0
132188616
52441737
1.0
120882192
52441977
0.9
133773896
52441737
0.9
130677832
52441761
0.9
133561776
52441937
0.9
132018832
52441729
0.9
128828584
52441737
0.9
132350992
52441753
1.0
130802928
52441737
1.0
126251184
52442225
0.9
128691176
52441737
0.9
131744392
52441737
0.9
132289256
52441905
0.9
133583112
52441713
1.0
122545984
52442457
0.9
132827664
52441737
0.9
132919960
52441745
1.0
133828728
52441737
0.9
130449408
52441729
1.0
132351112
52441881
0.9
132181432
52442033
0.9
127944848
52441745
1.0
132555040
52441745
0.9
133597344
52441737
0.9
129388336
52441737
1.0
133583464
52441737
1.0
130758352
52441729
0.9
134861704
52441729
1.0
131353136
52441849
0.9
130883288
52441905
1.0
131183464
52441841
0.9
135007360
52441857
1.0
134371144
52441737
0.9
131082376
52441817
0.9
129729592
52441753
1.0
133681224
52441761
1.0
132142360
52441737
0.9
128062520
52441785
0.9
126723360
52441873
0.9
128371704
52441729
0.9
132824424
52441737
1.0
131247528
52441737
0.9
132608200
52441737
0.9
131198480
52441857
1.0
134079048
52441761
1.0
126300216
52441737
0.9
134419016
52441737
0.9
133018320
52441953
1.0
130000712
52441881
0.9
134155080
52441737
0.9
132709768
52441753
0.9
130527336
52441761
0.9
133832448
52441801
0.9
129930056
52441729
0.9
131876704
52442001
1.0
131224336
52441721
1.0
131941904
52441737
1.0
130866808
52441737
0.9
131916088
52441745
1.0
133038624
52441721
0.9
126471296
52441721
1.0
133930360
52441737
1.0
132610016
52441761
0.9
132000832
52441737
1.0
132942280
52441737
1.0
129922488
52441745
0.9
127571680
52441737
0.9
132587784
52441737
0.9
133789000
52441737
1.0
131777560
52442017
0.9
129627464
52441817
0.9
130018872
52441737
0.9
129052880
52441737
0.9
131764976
52441857
1.0
132009552
52441737
1.0
133198208
52441737
1.0
132285864
52441737
0.9
133387664
52442089
0.9
126123136
52441865
0.9
129623224
52441737
0.9
131174216
52441745
1.0
131177184
52441729
1.0
120794768
52442433
1.0
133142840
52441745
1.0
131875152
52441737
0.9
134863688
52441737
1.0
132030072
52441953
0.9
129622352
52442161
0.9
130631648
52441721
0.9
132989064
52441761
0.9
129621160
52441721
1.0
131501184
52441721
0.9
131695208
52441737
0.9
132094576
52441737
