im-chacha-poly-1024
1000
08/28/18
0.9
130168386
52441729
1.0
133867973
52441801
1.0
132565905
52441825
1.0
130673432
52441913
1.0
132099592
52441737
1.0
133809371
52441737
0.9
134824223
52441753
0.9
132623695
52441729
1.0
130569897
52441737
0.9
133560211
52441993
1.0
132694952
52441737
1.0
131254289
52441929
1.0
132138578
52441737
1.0
129576869
52441737
1.0
132417768
52441745
1.0
131738979
52441737
1.0
128777660
52442145
1.0
130621432
52441945
1.0
133677353
52441753
1.0
131317106
52441737
0.9
133142485
52441737
1.0
131932210
52441737
0.9
131702172
52441737
1.0
133849756
52441745
1.0
125548671
52442913
0.9
131293450
52441713
1.0
132604138
52441729
1.0
129246103
52441737
0.9
130831798
52441801
1.0
132416431
52441737
1.0
130096617
52441745
1.0
133709900
52441737
1.0
134493834
52441737
1.0
133920391
52441913
1.0
134372469
52441737
1.0
134608330
52441729
1.0
130969094
52441873
1.0
132739705
52441729
1.0
129462440
52441713
1.0
132760298
52441737
0.9
131241223
52441737
1.0
130847790
52441809
0.9
132093688
52441737
1.0
134211725
52441729
1.0
127151448
52441753
0.9
133430095
52441737
1.0
134589187
52441745
1.0
129549274
52442177
1.0
133583617
52441729
0.9
132524274
52441745
0.9
131850528
52441729
1.0
131720149
52441737
1.0
130802569
52441897
1.0
130774196
52441737
1.0
134145651
52441737
0.9
131738550
52441737
1.0
127948271
52441737
0.9
134698517
52441825
1.0
131016217
52441753
1.0
130467112
52442097
1.0
132748057
52441905
0.9
129019558
52441769
1.0
134186282
52441969
1.0
130723994
52441737
1.0
132009176
52441865
1.0
131136975
52441721
1.0
134153635
52441737
1.0
130421727
52441729
1.0
132689684
52441737
0.9
133607572
52441737
1.0
132752005
52441737
1.0
133152899
52441737
1.0
133232365
52441737
1.0
134078086
52441889
1.0
130595324
52441737
0.9
133437161
52441729
0.9
131690028
52441737
0.9
134345738
52441737
0.9
132829856
52441977
0.9
130675524
52441809
1.0
132006395
52442049
0.9
131513548
52441737
0.9
130311648
52441753
1.0
133639618
52441729
1.0
134650126
52441737
1.0
132795352
52441729
1.0
129912934
52441745
1.0
129454380
52441737
1.0
131959216
52441769
0.9
134592099
52441737
1.0
131727563
52441913
1.0
135329160
52441753
1.0
126371444
52441729
1.0
125987574
52441737
1.0
131668058
52441737
1.0
129940351
52441777
1.0
133051255
52441753
1.0
131705768
52441737
1.0
133202131
52441745
0.9
131367359
52441737
1.0
132256546
52441857
1.0
121797635
52441737
1.0
127971915
52441921
1.0
132846757
52442121
1.0
128378843
52442025
0.9
132755412
52441737
1.0
133066607
52441737
1.0
130162381
52441713
1.0
129608991
52441737
0.9
133775468
52441729
1.0
135291369
52441961
0.9
134222736
52441737
0.9
129514563
52441737
1.0
131026529
52441985
1.0
132828683
52441737
1.0
131425025
52441745
1.0
130202215
52441729
1.0
122042439
52441729
1.0
134315769
52441729
1.0
130699001
52441737
0.9
128969662
52441737
0.9
132848810
52441737
1.0
133058868
52441737
1.0
134109063
52441737
1.0
133097346
52441737
1.0
132072166
52441737
1.0
129089940
52441713
1.0
131426385
52441905
1.0
132715963
52441889
1.0
128857979
52441729
1.0
132676511
52441929
1.0
129476040
52442233
0.9
132879138
52441737
1.0
131445857
52441785
0.9
134332223
52441737
0.9
133887180
52441753
1.0
124780647
52442241
1.0
132782657
52441745
0.9
123847693
52441737
1.0
128483779
52442185
1.0
132809914
52441745
1.0
134901167
52441825
1.0
130478024
52441889
1.0
131746929
52441745
1.0
134311388
52441729
1.0
132949218
52441937
0.9
131423519
52441721
1.0
128977978
52441737
1.0
133294087
52441809
1.0
134393282
52441737
0.9
129918147
52441801
0.9
133456508
52441889
1.0
132382897
52441729
0.9
132337008
52441737
1.0
131171115
52441993
1.0
133519793
52441737
1.0
132663961
52441737
1.0
132429848
52441745
1.0
131673136
52442153
0.9
131657124
52441745
1.0
132460280
52441737
1.0
131159541
52441745
1.0
133196316
52441737
1.0
127304120
52441729
1.0
132699481
52441737
1.0
134859717
52441777
1.0
135076359
52441737
1.0
134743985
52441737
1.0
133727344
52441913
1.0
132444807
52441737
1.0
132442364
52441737
0.9
135412833
52441745
1.0
134981291
52441737
0.9
131740975
52441737
1.0
133323404
52442097
1.0
132303438
52441961
1.0
128851198
52441721
0.9
134031696
52441737
1.0
134074613
52441753
1.0
130207673
52441729
1.0
131910432
52442201
1.0
132152451
52441729
1.0
134222111
52441905
1.0
128397195
52441737
1.0
133259984
52441729
1.0
131268906
52442001
1.0
131319218
52441745
1.0
131073175
52441753
1.0
131933222
52441737
0.9
134194153
52441753
1.0
132972416
52441873
1.0
133486139
52441785
1.0
127123880
52441793
1.0
132332168
52441753
0.9
130552272
52441921
0.9
132953493
52441993
0.9
133387835
52441745
1.0
135336822
52441737
1.0
132493793
52441865
0.9
132234012
52441737
1.0
129362432
52441833
1.0
117023428
52441865
1.0
132164927
52441737
1.0
132922329
52441753
1.0
132214299
52441721
1.0
132859147
52441729
1.0
130015386
52441849
1.0
125006446
52442145
1.0
128042900
52441977
1.0
128905469
52441817
1.0
129637754
52441769
1.0
126583511
52442105
1.0
129050851
52441753
0.9
130582693
52441737
1.0
135796071
52441737
0.9
130256096
52441745
1.0
130651760
52441737
0.9
132454846
52441785
1.0
132017839
52441729
0.9
132885316
52441737
0.9
131817173
52441865
1.0
132876322
52442041
0.9
134807954
52441721
0.9
131427085
52441737
1.0
130567168
52441817
1.0
133487285
52441737
1.0
127153480
52441753
1.0
135471068
52441737
1.0
131281467
52441737
1.0
129528152
52441737
1.0
135051080
52441745
1.0
134015532
52441737
1.0
132001259
52441729
1.0
134346839
52441737
1.0
130868408
52441729
1.0
132852970
52442025
1.0
132092603
52441737
1.0
131962423
52441753
1.0
133434091
52441809
0.9
127200585
52441953
0.9
135770770
52441737
1.0
134196325
52441737
1.0
131430673
52441753
1.0
125077375
52441833
1.0
131824546
52441777
1.0
132796122
52441737
1.0
135145047
52441737
1.0
129455727
52441729
1.0
132014111
52441713
0.9
133881666
52441737
1.0
130876794
52441737
1.0
134813381
52441737
0.9
132984910
52441753
0.9
133305385
52441737
1.0
130862089
52441753
0.9
132871067
52441729
1.0
132426241
52441961
1.0
134090028
52441737
1.0
132680189
52441737
1.0
133873183
52441753
1.0
133876631
52441873
1.0
133361085
52442169
1.0
130375265
52441745
1.0
131594289
52441737
1.0
133182800
52441729
1.0
130239609
52442417
1.0
131666479
52441721
1.0
133811340
52441809
1.0
133822094
52441737
1.0
127634396
52441873
1.0
133991764
52441737
1.0
131865529
52441729
1.0
132767337
52441737
1.0
130973758
52441785
1.0
133724375
52441721
1.0
128231633
52441729
1.0
130448479
52441737
1.0
133795835
52441737
1.0
129343756
52441753
1.0
131950362
52441833
1.0
131424901
52441721
1.0
134597221
52441737
1.0
134518742
52441769
1.0
133691888
52441737
1.0
133300702
52441737
1.0
132941081
52441737
1.0
134592101
52441897
1.0
132979743
52441737
1.0
130341159
52441745
1.0
131743773
52441881
0.9
131568110
52441737
1.0
134313464
52441737
1.0
130446329
52442025
0.9
130745019
52441737
1.0
132563746
52441737
1.0
122713062
52441713
0.9
130519576
52441865
1.0
133760111
52441729
1.0
132167667
52441721
1.0
126408063
52441817
0.9
132537169
52441777
1.0
133619727
52441729
1.0
135225276
52441937
1.0
133431821
52441993
1.0
133204832
52441737
0.9
130970936
52441737
1.0
132601471
52441729
1.0
128082396
52441801
1.0
131079071
52441785
1.0
132475408
52441865
1.0
131441872
52441753
0.9
134042528
52441889
1.0
131805501
52441713
1.0
129577709
52441737
1.0
127832620
52441737
1.0
132951756
52441737
1.0
133229144
52442025
1.0
133508626
52441833
1.0
127567960
52442057
0.9
133201160
52441913
1.0
131355232
52441737
1.0
130646953
52441833
0.9
134107575
52441737
1.0
130010641
52441873
1.0
131480066
52441721
0.9
133834240
52441737
1.0
135298821
52441737
1.0
130515498
52441737
0.9
133822135
52441729
1.0
132093251
52441737
1.0
130700174
52441873
1.0
128404278
52441897
1.0
128991907
52441745
1.0
132154521
52441761
1.0
125956402
52441753
1.0
128390429
52441737
1.0
133153198
52442089
1.0
128343184
52441745
1.0
132337210
52441737
0.9
131514612
52441945
0.9
133487850
52441737
1.0
132025958
52441833
1.0
134674324
52441785
1.0
134492497
52441785
0.9
129061412
52441745
1.0
125652172
52442425
1.0
130645794
52441801
1.0
133503734
52441729
0.9
130736390
52441729
1.0
134229483
52441753
0.9
133788314
52441953
1.0
131438333
52441985
0.9
134067401
52441833
1.0
133117779
52441737
1.0
130369490
52441737
1.0
132292972
52441737
1.0
131310632
52441745
1.0
134375075
52442049
0.9
133129513
52441737
1.0
132866961
52442129
1.0
132230959
52441737
1.0
134236381
52441737
1.0
130650716
52442137
0.9
129581673
52441769
1.0
134875220
52441737
1.0
131307051
52441737
0.9
131563352
52441769
0.9
129839557
52441729
0.9
133543222
52441753
1.0
132159746
52441745
0.9
132895679
52441753
1.0
130766208
52441953
1.0
134162352
52441737
1.0
129357710
52442073
1.0
130526701
52441809
1.0
132593191
52442009
1.0
129625659
52441913
1.0
131105090
52441737
0.9
132227636
52441945
1.0
131623103
52441745
0.9
134162284
52441897
1.0
129334686
52441737
1.0
132603877
52441737
1.0
125190866
52441729
1.0
133711024
52441889
1.0
133616465
52442017
1.0
132278177
52441737
1.0
133826628
52441753
1.0
131241630
52441729
1.0
130987496
52442113
1.0
133594376
52441745
0.9
128116748
52442273
1.0
133226137
52441889
1.0
132434453
52441713
1.0
131469446
52442025
1.0
129942684
52441721
1.0
132788357
52441737
1.0
129504327
52441737
1.0
130570027
52441729
1.0
130789611
52441737
1.0
132901041
52441937
1.0
130674295
52441873
1.0
131970704
52441737
1.0
133077614
52441729
1.0
133286459
52441737
1.0
133243729
52442025
1.0
131451793
52441729
1.0
134493424
52441753
1.0
118645548
52442257
1.0
131474704
52441801
1.0
129085263
52441737
1.0
131068561
52441713
1.0
133823567
52441897
1.0
125277823
52441761
0.9
131309379
52442033
1.0
131846361
52441753
0.9
129659647
52441737
1.0
130502344
52441737
0.9
129378431
52441729
1.0
134891984
52441737
1.0
133058210
52441729
1.0
128864736
52441721
1.0
132194872
52441897
1.0
131347252
52441737
1.0
132912671
52441833
1.0
130029137
52441737
1.0
130684499
52441737
1.0
135513182
52441873
0.9
130220136
52441721
1.0
127245620
52441833
1.0
133518780
52441737
1.0
131767586
52441737
0.9
132684470
52441737
1.0
133036972
52441945
0.9
133030751
52441913
1.0
134790071
52441945
1.0
131717217
52441961
1.0
132108145
52441897
1.0
133148524
52441753
0.9
131068682
52441713
1.0
133036636
52441737
0.9
134169460
52441745
1.0
128168080
52442129
0.9
132511220
52441721
1.0
128406257
52441745
1.0
132059966
52441721
1.0
132696481
52441737
1.0
132091004
52441961
1.0
130848625
52441737
1.0
130743563
52441897
1.0
126783934
52441737
1.0
134357786
52442041
0.9
133207475
52441737
1.0
133638795
52441737
1.0
133738645
52441729
1.0
130609122
52441737
1.0
133530802
52441857
0.9
132333891
52441737
1.0
130790072
52441753
1.0
134211393
52441737
1.0
133098585
52441833
1.0
132579436
52441793
1.0
131879712
52441737
1.0
131589563
52441737
1.0
129041987
52441777
1.0
133839005
52441737
1.0
134086261
52441729
1.0
133925319
52441737
1.0
129815629
52441873
1.0
133221964
52441729
1.0
131461277
52441753
1.0
133832971
52441737
1.0
127465881
52441737
1.0
134234875
52442009
1.0
133422257
52441737
1.0
132866873
52441873
0.9
134041940
52441753
1.0
129839157
52441825
0.9
131616209
52441745
0.9
133532654
52441737
1.0
132336255
52441857
1.0
134716817
52441745
1.0
130273535
52441977
0.9
131464606
52442041
1.0
132403241
52441985
1.0
125688559
52441737
0.9
133376135
52441833
1.0
133152149
52441737
0.9
132782165
52441737
0.9
131309310
52441737
1.0
129792662
52441737
1.0
130111946
52441977
1.0
132876477
52441737
0.9
130350227
52441737
1.0
135042483
52441737
1.0
129368627
52441737
1.0
128484254
52441801
0.9
131330891
52441737
1.0
132973915
52441753
1.0
134504101
52441945
1.0
134029097
52441737
1.0
130299144
52441857
0.9
134475766
52441737
1.0
133977697
52441737
1.0
133146713
52441905
1.0
132449180
52441817
1.0
135031449
52441913
1.0
133136480
52441721
1.0
132723529
52441737
1.0
131718353
52441761
0.9
132531766
52441897
0.9
131225980
52442169
1.0
135277895
52441729
1.0
128758664
52442113
0.9
131171804
52441729
1.0
134001062
52441729
1.0
130878620
52441737
0.9
129854378
52441737
1.0
133859743
52441713
1.0
135043386
52441777
1.0
130236324
52441977
1.0
130519571
52441809
1.0
132390344
52441721
1.0
131576393
52441721
1.0
131186947
52441729
1.0
133738741
52441737
0.9
131984269
52441737
0.9
133606067
52441825
0.9
131991818
52441737
1.0
133195174
52441753
1.0
133306569
52441713
1.0
130828354
52441737
0.9
131111381
52441881
1.0
132920477
52441737
1.0
129461653
52441737
1.0
133564500
52441865
1.0
127518432
52441737
1.0
134402291
52441793
1.0
133163950
52442089
0.9
131054039
52441737
1.0
132676227
52441937
0.9
133520777
52441929
0.9
130232255
52441737
1.0
126473871
52441857
1.0
121564491
52441737
1.0
133921969
52441753
0.9
132219555
52441889
1.0
131882142
52441737
1.0
131814993
52441737
1.0
132675292
52441985
1.0
132755504
52441737
1.0
132276703
52441721
0.9
131455155
52441921
0.9
134974101
52441873
1.0
130325130
52442153
1.0
125979950
52442209
1.0
128759350
52441857
1.0
125428241
52441905
1.0
134545817
52441737
1.0
132239093
52441737
1.0
132888614
52441737
1.0
120663407
52441753
1.0
133398791
52441849
1.0
130295702
52441721
1.0
133595480
52441737
1.0
130511738
52441737
1.0
134061158
52441793
1.0
133085430
52441737
1.0
135146570
52441865
0.9
132897122
52441737
0.9
128586688
52442057
0.9
132456783
52441737
1.0
134532098
52441793
1.0
134134026
52441865
1.0
133310457
52441737
1.0
130058839
52442153
1.0
133400304
52441737
1.0
133106547
52442137
1.0
129147275
52441745
1.0
132844198
52441913
1.0
131566630
52441961
1.0
133405275
52441897
0.9
131218527
52441929
0.9
132939688
52441745
0.9
132993013
52441929
0.9
132888392
52441737
1.0
130153276
52441761
1.0
133985607
52442065
1.0
132030216
52442057
1.0
133399363
52441737
1.0
132938386
52441977
1.0
133717988
52442001
1.0
135038776
52441825
1.0
132263109
52441761
1.0
132634954
52442017
1.0
133468574
52441793
1.0
131770180
52441777
1.0
133312737
52441905
1.0
129816352
52441745
0.9
131670217
52441833
1.0
128231028
52441953
1.0
132795551
52441993
1.0
129421296
52441801
1.0
133000815
52441865
1.0
132870900
52441753
0.9
131918759
52441745
1.0
132625061
52441769
0.9
133112228
52441849
1.0
132295879
52441729
1.0
128785727
52441825
0.9
132233267
52442065
1.0
134101543
52441801
1.0
131630859
52441745
1.0
131469966
52441745
1.0
128833368
52441737
1.0
132581055
52441737
1.0
133698793
52441937
1.0
132704732
52441793
1.0
130637295
52441737
1.0
132481040
52441825
0.9
134570891
52442129
1.0
130745203
52442105
0.9
134696310
52441737
1.0
131378358
52441737
1.0
132177986
52441737
1.0
133528351
52441737
1.0
131537520
52441729
1.0
127154019
52442081
1.0
133493751
52441889
1.0
133731353
52441753
1.0
131718559
52441729
1.0
133801270
52441817
1.0
131238556
52441753
1.0
132442894
52441737
1.0
133487368
52441785
1.0
130966611
52441817
0.9
132545684
52441737
1.0
132830599
52441753
1.0
135176025
52441745
1.0
132631851
52441801
1.0
133441429
52441737
1.0
132523013
52441737
1.0
132236822
52441737
1.0
129648896
52441721
1.0
132963549
52441737
1.0
127792317
52441737
1.0
133340349
52441737
1.0
131083751
52441753
1.0
132503349
52441737
1.0
131108070
52442129
1.0
134895453
52441889
1.0
131853134
52441793
0.9
132141058
52441737
1.0
133799554
52442033
1.0
131139850
52441729
0.9
131011578
52441729
0.9
122298109
52442169
1.0
134772881
52441985
1.0
133462378
52441769
1.0
131960982
52441753
1.0
132251025
52441969
1.0
127489922
52441785
1.0
132605968
52442057
1.0
132663041
52441737
1.0
134279166
52442057
1.0
134555078
52441745
1.0
127881924
52441737
1.0
131789616
52441841
1.0
133898721
52441737
1.0
131941140
52441753
1.0
132026203
52441729
0.9
129330006
52441929
1.0
132293733
52441737
1.0
131429044
52441977
1.0
132673251
52441737
1.0
132180533
52441745
0.9
135333212
52441753
1.0
132168057
52441737
0.9
131219533
52441969
0.9
132125928
52441745
0.9
132203125
52441737
0.9
134587500
52441737
0.9
132400955
52441737
0.9
131928558
52441753
1.0
126641748
52441865
1.0
129293894
52441729
1.0
131926779
52441737
1.0
132169946
52441969
1.0
132943406
52441985
1.0
133639814
52441865
1.0
134518967
52441825
1.0
134071959
52441737
1.0
134149209
52441737
1.0
132614598
52441737
1.0
132513783
52441817
0.9
131902984
52441865
1.0
127561737
52441993
1.0
132347673
52441857
1.0
132393861
52441881
0.9
131410615
52441753
1.0
130895131
52441737
1.0
132837589
52441737
1.0
129165970
52441713
1.0
130278270
52441737
1.0
132907608
52441753
1.0
133106802
52441817
1.0
132271805
52441737
1.0
132015002
52441737
1.0
131347667
52441729
1.0
133904524
52441753
1.0
133559098
52441737
1.0
132774053
52441737
1.0
132734343
52441737
1.0
130295303
52442353
1.0
129281737
52441737
1.0
131906177
52441945
1.0
127390859
52441737
1.0
130973136
52441737
1.0
132814319
52441729
1.0
127098583
52441737
1.0
133824975
52441873
0.9
132662965
52441737
1.0
132860913
52441737
1.0
130950684
52441737
1.0
130283488
52441729
1.0
133640356
52441945
0.9
130834225
52441737
1.0
126301272
52441745
1.0
129899647
52441737
1.0
132353517
52441729
1.0
133570909
52442065
1.0
133968948
52441785
0.9
133178524
52441761
0.9
133711889
52441737
1.0
133149153
52441833
1.0
130087067
52441737
1.0
133322919
52441737
1.0
132921987
52441737
1.0
133875460
52441737
1.0
128065385
52441737
1.0
132237846
52441809
1.0
131023405
52441705
1.0
131636692
52441809
1.0
133353291
52441737
1.0
129596853
52441825
1.0
133934921
52441737
1.0
133001029
52441729
1.0
133021580
52441737
0.9
132938938
52441753
0.9
131311272
52441929
0.9
129267949
52441825
0.9
131913478
52441769
0.9
131629304
52441737
0.9
131520520
52441753
1.0
134273580
52441753
1.0
131584494
52442033
1.0
133779436
52441737
1.0
124077604
52441801
1.0
133009375
52441753
0.9
131637843
52441737
0.9
130674468
52441737
1.0
132142840
52441817
1.0
133183746
52442049
1.0
132654459
52441737
1.0
132866339
52441961
0.9
132830840
52441833
1.0
133199029
52441737
1.0
133065537
52441713
1.0
130039863
52441737
1.0
132862932
52441937
1.0
135108478
52441753
0.9
130460185
52441737
0.9
134438117
52441737
1.0
129855049
52441769
1.0
133959868
52441737
0.9
132268546
52441745
1.0
129593772
52441737
1.0
134102422
52441745
1.0
134224042
52441753
0.9
132796881
52441753
1.0
133128008
52441737
0.9
132894414
52441969
1.0
126431275
52441729
0.9
128201610
52441729
1.0
130451025
52441737
1.0
132536178
52441737
1.0
128274765
52441737
1.0
134208240
52441745
1.0
133880716
52441977
1.0
129066608
52441737
1.0
129280342
52441905
1.0
133217877
52441737
1.0
131846769
52441737
0.9
128886343
52441721
0.9
131014294
52441729
1.0
130283721
52441913
0.9
132863591
52441737
1.0
133475518
52441713
1.0
126937242
52441737
0.9
133192012
52441833
1.0
131282920
52441737
1.0
132933861
52441745
1.0
126325544
52441825
1.0
134823612
52441737
1.0
130836491
52441721
1.0
134107220
52441729
0.9
133787924
52441737
1.0
131094131
52441729
0.9
131426369
52442025
1.0
132055855
52441841
1.0
131590694
52441753
1.0
129103189
52441793
1.0
133369632
52441737
1.0
131278631
52441737
0.9
131568865
52441721
0.9
133204787
52441745
1.0
132652740
52441737
1.0
135090499
52441777
1.0
126990700
52441737
1.0
133183326
52441729
1.0
131266023
52441881
1.0
129222467
52441737
1.0
130729302
52441737
1.0
128645286
52441737
0.9
133146620
52441849
1.0
128789320
52441977
1.0
133632910
52441713
0.9
128562894
52441801
0.9
133137923
52441729
1.0
133639900
52441945
0.9
130087505
52441713
1.0
128069573
52441737
1.0
132385697
52441977
1.0
134946086
52441737
1.0
133808314
52441737
1.0
134774059
52441825
1.0
133230275
52441985
1.0
126770352
52441737
1.0
123533869
52441745
1.0
129346994
52441993
1.0
132604551
52441729
1.0
129586707
52441937
1.0
128565422
52442145
1.0
133489356
52441953
1.0
132358389
52441769
1.0
132115488
52441745
0.9
131241712
52441737
1.0
126612104
52442369
0.9
133370450
52441833
1.0
132458800
52441753
0.9
127201138
52441729
1.0
132174745
52441737
1.0
134369449
52441865
1.0
135138927
52441737
1.0
130996805
52441745
0.9
132462976
52441929
1.0
134369423
52441737
1.0
132516363
52441737
1.0
130569694
52441953
1.0
131165967
52441737
1.0
132062891
52442329
1.0
129618607
52441753
1.0
132513499
52441737
1.0
129668329
52441801
0.9
133565604
52441737
1.0
129863137
52441713
1.0
133551292
52441737
1.0
129976581
52441817
1.0
131837378
52442033
1.0
130884485
52441753
0.9
129832131
52441737
1.0
133613660
52441913
1.0
134673515
52441737
1.0
132695496
52441737
1.0
134999130
52441737
1.0
132217562
52441737
0.9
133894796
52441753
1.0
134246401
52441737
1.0
133024658
52441737
0.9
133081051
52441729
0.9
130559140
52441737
0.9
129968136
52442009
1.0
131289845
52441745
0.9
131992971
52441857
1.0
131176734
52441825
0.9
132704537
52441737
1.0
127775484
52441945
1.0
133627573
52441721
1.0
133515332
52441737
1.0
133002121
52441737
1.0
131671160
52441745
1.0
130519591
52441737
1.0
133472404
52441985
1.0
129991841
52441737
1.0
129847263
52441737
1.0
131866457
52441729
1.0
131898963
52441737
1.0
133990454
52441737
1.0
131783413
52441737
0.9
129355869
52441969
1.0
131609640
52441905
1.0
134570074
52441753
1.0
126778931
52441753
0.9
131149234
52442025
1.0
127907759
52441721
1.0
135273297
52442001
1.0
134977874
52441729
1.0
133172555
52441737
1.0
131464575
52441961
1.0
134999807
52441745
1.0
133130092
52441745
1.0
134560786
52441817
1.0
131854427
52441737
1.0
130296384
52441713
1.0
132498473
52441969
1.0
132342599
52441737
1.0
133883737
52441729
1.0
129390946
52441873
0.9
130992836
52441873
1.0
131889812
52441921
0.9
133318225
52441737
0.9
133492184
52441737
1.0
134699514
52441737
1.0
134694715
52441737
1.0
133072457
52441721
1.0
132277875
52442057
1.0
131798016
52441889
1.0
121201526
52442377
1.0
134832823
52441841
1.0
127294863
52441961
1.0
133704384
52441993
1.0
134976840
52441729
1.0
134148611
52441737
1.0
133940091
52441737
1.0
131955655
52441737
1.0
131040321
52441753
1.0
134985929
52441985
1.0
134424702
52441961
1.0
132859095
52441721
1.0
132315298
52441905
1.0
131707522
52441785
1.0
133321065
52441809
1.0
127891703
52441865
1.0
129520486
52441737
1.0
135102162
52441809
0.9
135063156
52441745
1.0
132329368
52441729
0.9
131237224
52441737
0.9
130360036
52441809
1.0
132881539
52441833
0.9
132583808
52441729
1.0
129870770
52441737
1.0
132999076
52441753
1.0
133566304
52441737
1.0
132255472
52441993
1.0
129017116
52441737
1.0
131911143
52441969
1.0
132306507
52441737
1.0
133544570
52441745
1.0
131724732
52441753
0.9
129114912
52441737
0.9
131290120
52441785
1.0
132981859
52441753
1.0
133149208
52441753
0.9
132558134
52441737
0.9
129053762
52441737
1.0
133986411
52441753
1.0
129465645
52441737
1.0
132886580
52441929
0.9
130794656
52442009
0.9
130641100
52441737
1.0
130443341
52441737
1.0
132700869
52441953
1.0
131046208
52441729
1.0
130731715
52441745
1.0
132983531
52442001
1.0
132335736
52441753
0.9
129843672
52441737
1.0
133354941
52441761
1.0
132946565
52441977
0.9
133524243
52441737
1.0
132927010
52441721
1.0
129383145
52441825
0.9
128387369
52441745
1.0
130470867
52441913
1.0
128943649
52441729
0.9
132096583
52441753
1.0
131325058
52441737
1.0
133345268
52441737
1.0
131127879
52441729
1.0
130803335
52441793
1.0
130532806
52441809
0.9
132691392
52441729
1.0
128967073
52441833
1.0
123134523
52441817
1.0
126994330
52441937
1.0
132396745
52441913
1.0
130366647
52441729
1.0
132872119
52441753
0.9
130831317
52441737
