im-chacha-poly-8191
1000
08/28/18
0.0
2975112
1048968
0.0
3767040
1049040
0.0
3040792
1048968
0.0
3284496
1048960
0.0
3437376
1048960
0.0
3745016
1049008
0.0
3903544
1049000
0.0
3315504
1048976
0.0
2515984
1048944
0.0
3099888
1048960
0.0
3411000
1048976
0.0
3898104
1049040
0.0
3372504
1048976
0.0
2992112
1048960
0.0
3194104
1048960
0.0
2958232
1048952
0.0
3001160
1048968
0.1
3028792
1048960
0.0
3724912
1048992
0.0
2805584
1048960
0.0
3244672
1048960
0.0
3771960
1048976
0.0
3448160
1048992
0.0
3160176
1048952
0.0
3487184
1048984
0.0
2824808
1048968
0.0
3423024
1048976
0.0
3234168
1048960
0.0
3957232
1049056
0.0
3226680
1048976
0.0
4149040
1049104
0.0
3297704
1048992
0.0
3513528
1048952
0.0
2718752
1048952
0.0
3164008
1048960
0.0
3271296
1048968
0.0
2777928
1048960
0.0
3020304
1048960
0.0
3117392
1048968
0.0
3696224
1048968
0.0
4096280
1049064
0.0
3007128
1048960
0.0
3448976
1048976
0.0
4235608
1049072
0.0
3657552
1048992
0.0
3767544
1049008
0.0
3038728
1048968
0.0
3043296
1048976
0.0
2982000
1048960
0.0
3233512
1048960
0.0
2849416
1048968
0.0
3040992
1048968
0.0
2576888
1048960
0.0
2944528
1048976
0.0
2899896
1048968
0.0
2587424
1048952
0.0
3132520
1048976
0.0
4444416
1049048
0.0
2783808
1048960
0.0
2988104
1048968
0.0
3259200
1048968
0.0
3481888
1048984
0.0
2560600
1048952
0.0
2844464
1048976
0.0
3156408
1048960
0.0
2824112
1048960
0.0
2857944
1048968
0.0
2931336
1048960
0.0
3207288
1048952
0.0
3537912
1048968
0.0
2970736
1048968
0.0
2995312
1048960
0.0
3391136
1048992
0.0
2737544
1048952
0.0
3450912
1048960
0.0
2907472
1048960
0.0
3252328
1048968
0.0
3303064
1048968
0.0
3270536
1048960
0.0
3453320
1048968
0.0
3052384
1048960
0.0
3314312
1048960
0.0
3135152
1048960
0.0
2912096
1048968
0.0
3159928
1048960
0.0
2977712
1048960
0.0
2705616
1048968
0.0
2528624
1048952
0.0
2986568
1048960
0.0
3534992
1049024
0.0
2760080
1048968
0.0
2822544
1048968
0.0
2967304
1048960
0.0
3030632
1048968
0.0
3514000
1048968
0.0
3111568
1048952
0.0
3307848
1048960
0.0
3510208
1048984
0.0
2947072
1048968
0.0
3530720
1048968
0.0
2944224
1048992
0.0
3039640
1048960
0.0
2852912
1048960
0.0
4355432
1049056
0.0
3268200
1048992
0.0
2960776
1048952
0.0
3413656
1049000
0.0
3303768
1048992
0.0
2553168
1048952
0.0
2793992
1048968
0.0
2903400
1048960
0.0
2823032
1048968
0.0
3189552
1048960
0.0
3073744
1048968
0.0
2785168
1048944
0.0
3088456
1048944
0.0
3069152
1048968
0.0
2932560
1048928
0.0
3328144
1048960
0.0
3196768
1048984
0.0
3033152
1048968
0.0
2791544
1048960
0.0
2781944
1048952
0.0
2752584
1048952
0.0
2990800
1048960
0.0
2497912
1048952
0.0
3619744
1048992
0.0
3033952
1048960
0.0
3043920
1048968
0.0
3439528
1048968
0.0
2987616
1048960
0.0
3249288
1048968
0.0
3484984
1048984
0.0
2767224
1048968
0.0
2939016
1048968
0.0
3110848
1048960
0.0
3019624
1048968
0.0
3039224
1048968
0.0
3113712
1048968
0.0
2696936
1048960
0.0
3644536
1048968
0.0
3138400
1048992
0.0
3069296
1048968
0.0
2754872
1048952
0.0
2868792
1048960
0.0
2578208
1048968
0.0
3495080
1048992
0.0
3968200
1049024
0.0
2935064
1048968
0.0
2827400
1048944
0.0
3317376
1048968
0.0
2693184
1048960
0.0
2914352
1048976
0.0
2893152
1048960
0.0
3474248
1048968
0.0
3374464
1048960
0.0
3278928
1048960
0.0
3193984
1048968
0.0
2815160
1048968
0.0
3426408
1048968
0.0
3750728
1048992
0.0
2293848
1048952
0.0
2977352
1048960
0.0
3085432
1048968
0.0
2887416
1048960
0.0
3281088
1048968
0.0
2942184
1048976
0.0
3186800
1048968
0.0
3564520
1048968
0.0
3166368
1048968
0.0
3044416
1048968
0.0
3110840
1048976
0.0
3778680
1048968
0.0
3579520
1048984
0.0
2943832
1048960
0.0
3526832
1048992
0.0
3282952
1048960
0.0
3816880
1049128
0.0
2756600
1048960
0.0
3949040
1049016
0.0
3173808
1048960
0.0
3099880
1048960
0.0
3088224
1048976
0.0
3007552
1048960
0.0
3930792
1049128
0.0
3447808
1048992
0.0
2836792
1048968
0.0
2925752
1048960
0.0
3061040
1048968
0.0
2839856
1048976
0.0
3426864
1048968
0.0
3030528
1048960
0.0
3257936
1048960
0.0
3043712
1048960
0.0
3258800
1048976
0.0
3391656
1048968
0.0
3623464
1048960
0.0
2892408
1048960
0.0
2978144
1048960
0.0
4191440
1049112
0.0
2821096
1048968
0.0
3243672
1048968
0.0
2860848
1048960
0.0
2877528
1048960
0.0
3336856
1048976
0.0
2994056
1048976
0.0
2990368
1048976
0.0
2798384
1048984
0.0
2902704
1048960
0.0
2776240
1048960
0.0
2718728
1048952
0.0
2632120
1048960
0.0
2809192
1048952
0.0
3186184
1048968
0.0
3201536
1048960
0.0
3620248
1048976
0.0
4050352
1049064
0.0
3990080
1049128
0.0
3454832
1048968
0.0
3006768
1048968
0.0
3244136
1048960
0.0
3083848
1048968
0.0
3673736
1049000
0.0
2941280
1048960
0.0
3583344
1049000
0.0
3173432
1048960
0.0
3444336
1048968
0.0
3141048
1048960
0.0
3307720
1048968
0.0
2975488
1048976
0.0
2951944
1048968
0.0
3260072
1048976
0.0
2969384
1048968
0.0
2817120
1048960
0.0
3119896
1048968
0.0
3102944
1048960
0.0
2874464
1048952
0.0
2914960
1048960
0.0
3130288
1048976
0.0
3014624
1048960
0.0
3480832
1048968
0.0
3428696
1048976
0.0
3996024
1048992
0.0
3131080
1048968
0.0
3271280
1048960
0.0
3797112
1048968
0.0
3365904
1048960
0.0
2927200
1048960
0.0
2829824
1048960
0.0
2909792
1048960
0.0
3066288
1048960
0.0
3494216
1048992
0.0
3057768
1048968
0.0
3020856
1048968
0.0
3124776
1048968
0.0
2568000
1048944
0.0
3330584
1048976
0.0
3572600
1048968
0.0
3352528
1048976
0.0
3528232
1048992
0.0
3009488
1048960
0.0
3579024
1048976
0.0
3470480
1048968
0.0
2616344
1048952
0.0
3005312
1048976
0.0
3019840
1048976
0.0
3490944
1048984
0.0
2922632
1048960
0.0
3460320
1048976
0.0
3191808
1048960
0.0
3054656
1048984
0.0
3361208
1048968
0.0
3158296
1048968
0.0
3318248
1048968
0.0
3894400
1048992
0.0
3185024
1048960
0.0
3847560
1048992
0.0
3006544
1048976
0.0
2750408
1048968
0.0
2970640
1048960
0.0
3748544
1049024
0.0
3016592
1048968
0.0
2860648
1048960
0.0
2847320
1048960
0.0
3210304
1048968
0.0
3777264
1049008
0.0
3020728
1048976
0.0
3237152
1048960
0.0
3104144
1048976
0.0
3118080
1048976
0.0
2666432
1048944
0.0
2916928
1048960
0.0
3091872
1048960
0.0
3809224
1048984
0.0
3548952
1048968
0.0
2916680
1048968
0.0
3277096
1048968
0.0
2923384
1048968
0.0
3051072
1048960
0.0
4216864
1049024
0.0
4062208
1049056
0.0
3106672
1049024
0.0
4519560
1049088
0.0
3705400
1048984
0.0
2987096
1048960
0.0
3351152
1048960
0.0
2998776
1048944
0.0
2816800
1048976
0.0
2957384
1048960
0.0
2601720
1048952
0.0
3050128
1048968
0.0
2752704
1048976
0.0
2938144
1048968
0.0
3589008
1049048
0.0
3799952
1049000
0.0
3592240
1048976
0.0
2943080
1048976
0.0
3005504
1048968
0.0
2996320
1048968
0.0
3601640
1049000
0.0
3366384
1048976
0.0
3076896
1048952
0.0
3324384
1048968
0.0
2921160
1048960
0.0
3230104
1048960
0.0
3818992
1049048
0.0
3192640
1048960
0.0
3451880
1048968
0.0
3759216
1048976
0.0
3108288
1048960
0.0
3483368
1048984
0.0
2827048
1048960
0.0
3023032
1048968
0.0
3245304
1048960
0.0
3708520
1048992
0.0
3016944
1048968
0.0
3518656
1048976
0.0
2911048
1048960
0.0
3515248
1048960
0.0
3103800
1048984
0.0
3307000
1048968
0.0
3179280
1048960
0.0
2889856
1048952
0.0
3566736
1048968
0.0
3244184
1048960
0.0
2948168
1048960
0.0
3313480
1048968
0.0
3114360
1048968
0.0
2697432
1048952
0.0
2926056
1048968
0.0
3313280
1048960
0.0
3095064
1049000
0.0
3100872
1048960
0.0
2957536
1048968
0.0
3986016
1049024
0.0
4179920
1049080
0.0
3314320
1048976
0.0
3527904
1048976
0.0
3033952
1049000
0.0
3292992
1048968
0.0
2930848
1048960
0.0
2690184
1048960
0.0
3738152
1048992
0.0
3027576
1048960
0.0
2726832
1048968
0.0
3607352
1048984
0.0
3568088
1048976
0.0
3959888
1049000
0.0
3541664
1048968
0.0
3039496
1048960
0.0
2937048
1048968
0.0
3100680
1048960
0.0
3441296
1048992
0.0
3003024
1048968
0.0
3605576
1048968
0.0
3171232
1048984
0.0
3177304
1048960
0.0
2926464
1048960
0.0
4072952
1049008
0.0
3177056
1048984
0.0
3681792
1049048
0.0
3805816
1048992
0.0
3555160
1049000
0.0
3025064
1048944
0.0
3499272
1048976
0.0
2751064
1048952
0.0
3133224
1048968
0.0
3132712
1048968
0.0
3051616
1048952
0.0
3237648
1048968
0.0
3450712
1048960
0.0
2820528
1048952
0.0
2886672
1048984
0.0
3105216
1048976
0.0
3111064
1048968
0.0
2600112
1048944
0.0
3226328
1048952
0.0
3785704
1048992
0.0
2796392
1048952
0.0
3664024
1049040
0.0
3076552
1048968
0.0
3287552
1048960
0.0
3749408
1049000
0.0
4249376
1049040
0.0
2797328
1048984
0.0
2809632
1048960
0.0
2640552
1048976
0.0
3088128
1048960
0.0
3005144
1048960
0.0
2859552
1048960
0.0
3241528
1048968
0.0
3290184
1048992
0.0
2706648
1048952
0.0
2907888
1048960
0.0
3555152
1049128
0.0
3929288
1049048
0.0
2835576
1048968
0.0
2707888
1048944
0.0
2726920
1048952
0.0
3079984
1048976
0.0
3232728
1048960
0.0
2841896
1048944
0.0
3166160
1048976
0.0
3378224
1048960
0.0
3143616
1048960
0.0
3028176
1048968
0.0
3593176
1048992
0.0
4311592
1049112
0.0
3345584
1048976
0.0
3181296
1048968
0.0
3816864
1048984
0.0
3376928
1048984
0.0
3774952
1048992
0.0
2872768
1048960
0.0
3009488
1048960
0.0
2917248
1048960
0.0
2907904
1048960
0.0
3017160
1048976
0.0
3781368
1048976
0.0
3335776
1048992
0.0
2486472
1048944
0.0
2813456
1048952
0.0
2976096
1048952
0.0
3067384
1048976
0.0
2762848
1048960
0.0
2884640
1048976
0.0
3312112
1048968
0.0
3208536
1048960
0.0
3944040
1049008
0.0
3686928
1049032
0.0
3398656
1048960
0.0
2903256
1048920
0.0
2869544
1048960
0.0
3105664
1048968
0.0
2766192
1048960
0.0
3244640
1048968
0.0
3184608
1048968
0.0
3037576
1048960
0.0
2878680
1048960
0.0
3165208
1048960
0.0
3204224
1048976
0.0
3604152
1048992
0.0
3347544
1048960
0.0
3910600
1048976
0.0
2876712
1048952
0.0
3126536
1048960
0.0
3169384
1048960
0.0
2939848
1048968
0.0
3412120
1048960
0.0
3198464
1048968
0.0
3456280
1048968
0.0
3238728
1048968
0.0
3061696
1048960
0.0
3034960
1048960
0.0
3864184
1048976
0.0
3049480
1048960
0.0
3734320
1049032
0.0
3158632
1048960
0.0
3071712
1048960
0.0
3582488
1048968
0.0
2862304
1048960
0.0
3066640
1048960
0.0
2959008
1048968
0.0
3996792
1048976
0.0
3032312
1048952
0.0
2988272
1048960
0.0
3170504
1048960
0.0
3400920
1048960
0.0
3923640
1049040
0.0
3759376
1048976
0.0
3549952
1048976
0.0
3931856
1049016
0.0
3450512
1049000
0.0
3150872
1048968
0.0
2621064
1048952
0.0
2879376
1048960
0.0
2954328
1048960
0.0
2933440
1048976
0.0
3063080
1048968
0.0
2630944
1048960
0.0
3441040
1048960
0.0
2855096
1048960
0.0
3820192
1048992
0.0
3436712
1048968
0.0
3319112
1048960
0.0
3832088
1049072
0.0
2986264
1048960
0.0
2829448
1048960
0.0
3096648
1048960
0.0
2751368
1048944
0.0
3322904
1048992
0.0
2818008
1048952
0.0
3319232
1048968
0.0
3273264
1048968
0.0
2946696
1048960
0.0
3080136
1048984
0.0
3648960
1048976
0.0
2668600
1048952
0.0
3132352
1048960
0.0
2835272
1048960
0.1
3184320
1048912
0.0
2853392
1048952
0.0
3372704
1049000
0.0
2931496
1048968
0.0
3728464
1049016
0.0
2817632
1048976
0.0
3145568
1048960
0.0
3536160
1048984
0.0
2937592
1048960
0.0
3204568
1048968
0.0
3624976
1049032
0.0
3118504
1048968
0.0
4458448
1049064
0.0
3903632
1048968
0.0
2871720
1048952
0.0
2744984
1048952
0.0
2990736
1048960
0.0
2901400
1048960
0.0
3578088
1048992
0.0
3102816
1048960
0.0
3641072
1048992
0.0
3100808
1048952
0.0
2925624
1048960
0.0
4524392
1049072
0.0
3656936
1048968
0.0
4527368
1049112
0.0
3030800
1048960
0.0
2993064
1048960
0.0
2811176
1048968
0.0
2768648
1048952
0.0
3189752
1048976
0.0
3103776
1048968
0.0
3316056
1048968
0.0
3260064
1048960
0.0
3346280
1049000
0.0
2977632
1048960
0.0
2605648
1048960
0.0
3469656
1048976
0.0
3552800
1048960
0.0
3275224
1048976
0.0
3970232
1049000
0.0
3825704
1048984
0.0
3441328
1048992
0.0
2928408
1048976
0.0
3905488
1049024
0.0
2899784
1048968
0.0
2999136
1048968
0.0
3721696
1048968
0.0
3107264
1048968
0.0
3742144
1049000
0.0
4194168
1049128
0.0
3024760
1048968
0.0
3437344
1048976
0.0
2869936
1048960
0.0
2663776
1048960
0.0
3542024
1048992
0.0
2787208
1048960
0.0
3122232
1048976
0.0
3026136
1048968
0.0
4172400
1049096
0.0
2950904
1048952
0.0
3284728
1048968
0.0
3126816
1048976
0.0
3209600
1048960
0.0
2998120
1048960
0.0
3177008
1048960
0.0
3398176
1048968
0.0
2489408
1048952
0.0
2984872
1048960
0.0
2825552
1048968
0.0
2853024
1048952
0.0
3150704
1048968
0.0
3247808
1048968
0.0
3259640
1048968
0.0
3614704
1048984
0.0
3882624
1049000
0.0
2796504
1048960
0.0
3366320
1048992
0.0
2863952
1048960
0.0
2787208
1048960
0.0
2673040
1048912
0.0
2822616
1048952
0.1
3868720
1048960
0.0
3248336
1048968
0.0
3974768
1049016
0.0
2737584
1048960
0.0
2950568
1048976
0.0
3156112
1048968
0.0
3320632
1048960
0.0
3724376
1048984
0.0
2790632
1048952
0.0
3516208
1048984
0.0
3004768
1048944
0.0
3114824
1048960
0.0
3487136
1048984
0.0
3710056
1049024
0.0
3066904
1048992
0.0
3213552
1048960
0.0
2855840
1048968
0.0
3668336
1048976
0.0
3457792
1048984
0.0
3610888
1048992
0.0
2810792
1048944
0.0
3016272
1048968
0.0
3495152
1049000
0.0
2964408
1048960
0.0
3104288
1048968
0.0
2632768
1048952
0.0
3042312
1048968
0.0
2736368
1048960
0.0
3628344
1048976
0.0
4316736
1049080
0.0
2994400
1048968
0.0
3137728
1048960
0.0
2911080
1048976
0.0
2741880
1048960
0.0
2984792
1048968
0.0
3092368
1048992
0.0
3148640
1049000
0.0
3087536
1048968
0.0
2797608
1048960
0.0
3585408
1048968
0.0
3570152
1048968
0.0
4132568
1049040
0.0
3274768
1048960
0.0
3016560
1048960
0.0
2654544
1048960
0.0
3116008
1048976
0.0
3115520
1048960
0.0
2917512
1048984
0.0
2989464
1048960
0.0
3133176
1048968
0.0
3467288
1048968
0.0
3197488
1048960
0.0
3008400
1048968
0.0
2954864
1048968
0.0
3208048
1048968
0.0
3133608
1048960
0.0
2754432
1048960
0.0
3027080
1048960
0.0
3484072
1048976
0.0
3553664
1048992
0.0
3042984
1048984
0.0
2879744
1048968
0.0
3252248
1048960
0.0
2907464
1048968
0.0
3463952
1049008
0.0
2882488
1048960
0.0
3450624
1048960
0.0
2878184
1048952
0.0
2910528
1048960
0.0
3343312
1048960
0.0
3117392
1048968
0.0
3669216
1048968
0.0
3379168
1048952
0.0
4121912
1049008
0.0
2487112
1048928
0.0
4063112
1049064
0.0
3500072
1048968
0.0
2658920
1048960
0.0
2663800
1048960
0.0
2908136
1048960
0.0
2904736
1048960
0.0
2911544
1048960
0.0
3462776
1048976
0.0
2611488
1048952
0.0
3055944
1048976
0.0
3105392
1048952
0.0
2676648
1048960
0.0
3019960
1048952
0.0
3117456
1048968
0.0
2576744
1048944
0.0
2812072
1048960
0.0
3156904
1048944
0.0
3098576
1048960
0.0
3055328
1048960
0.0
3362808
1048960
0.0
3116560
1048976
0.0
3364064
1048968
0.0
2658336
1048952
0.0
3493184
1048976
0.0
3197224
1048960
0.0
2966328
1048968
0.0
3405736
1048976
0.0
3474600
1048968
0.0
3000280
1048968
0.0
3768344
1048968
0.0
3623304
1048960
0.0
3101744
1048960
0.0
2637712
1048960
0.0
3916208
1049128
0.0
3089416
1048960
0.0
3574920
1048976
0.0
3653576
1048992
0.0
3321752
1048960
0.0
3090232
1048968
0.0
3024960
1048968
0.0
2762664
1048968
0.0
2962320
1048968
0.0
3482736
1048960
0.0
3705568
1048976
0.0
3052672
1048960
0.0
3704448
1048984
0.0
3096920
1048976
0.0
2716520
1048952
0.0
3241840
1048960
0.0
3028848
1048960
0.0
2904568
1048952
0.0
2723344
1048968
0.0
2824992
1048960
0.0
2816480
1048952
0.0
3169760
1048968
0.0
3033848
1048968
0.0
2728688
1048976
0.0
2747896
1048960
0.0
2945896
1048944
0.0
3065920
1048952
0.0
2865912
1048976
0.0
2699632
1048960
0.0
3888296
1048984
0.0
3174768
1048968
0.0
3057560
1048960
0.0
2848784
1048960
0.0
3230312
1048968
0.0
3691248
1048968
0.0
3150176
1048976
0.0
2978208
1048968
0.0
3427032
1048960
0.0
3053024
1048968
0.0
3108176
1048976
0.0
3012320
1048984
0.0
3078416
1048944
0.0
3137936
1048968
0.0
2682712
1048960
0.0
2994672
1048968
0.0
2965792
1048968
0.0
3370976
1048960
0.0
3089504
1048960
0.0
3590280
1048976
0.0
3634672
1048968
0.0
2870544
1048976
0.0
2867544
1048968
0.0
3849120
1049088
0.0
3121616
1048960
0.0
3472912
1048976
0.0
2887880
1048960
0.0
3065296
1048952
0.0
2755344
1048960
0.0
3323160
1048960
0.0
3116664
1048960
0.0
2977728
1048968
0.0
2809288
1048968
0.0
3001928
1048976
0.0
3241504
1048960
0.0
3013512
1048968
0.0
2907520
1048968
0.0
3031808
1048968
0.0
4153712
1049128
0.0
3249088
1048968
0.0
2628192
1048952
0.0
3445624
1048968
0.0
3446120
1048968
0.0
3117312
1048960
0.0
3452304
1048968
0.0
3571440
1048968
0.0
2780128
1048960
0.0
3598672
1049000
0.0
2669416
1048968
0.0
3245472
1048968
0.0
3158072
1048976
0.0
3163528
1048968
0.0
3203312
1048960
0.0
2727016
1048960
0.0
2842496
1048952
0.0
2753272
1048952
0.0
2786024
1048952
0.0
3320272
1048968
0.0
2989632
1048968
0.0
3063920
1048968
0.0
3497512
1048968
0.0
2727960
1048960
0.0
3881568
1048984
0.0
2902680
1048968
0.0
3461416
1048960
0.0
2834856
1048952
0.0
3290040
1048968
0.0
3664456
1048992
0.0
3989680
1049024
0.0
3021360
1048960
0.0
3297192
1048960
0.0
3251624
1048976
0.0
3255720
1048968
0.0
3140224
1048976
0.0
3079984
1048976
0.0
3462912
1048968
0.0
3111600
1048968
0.0
3024840
1048944
0.0
3736232
1048992
0.0
3193464
1048960
0.0
2817864
1048952
0.0
3014960
1048944
0.0
3461296
1048976
0.0
2956904
1048968
0.0
3103912
1048960
0.0
3269368
1048976
0.0
4231376
1049128
0.0
3682336
1049024
0.0
3637080
1048992
0.0
2787912
1048920
0.0
3265808
1048984
0.0
2307440
1048928
0.0
2901744
1048976
0.0
3627600
1049008
0.0
3118928
1048968
0.0
3472656
1048984
0.0
2992856
1048960
0.0
2651280
1048968
0.0
3734776
1048984
0.0
3096864
1048968
0.0
2837048
1048968
0.0
3131208
1048968
0.0
2959744
1048968
0.0
2902640
1048960
0.0
2925296
1048952
0.0
3495528
1048968
0.0
3556216
1049000
0.0
2545168
1048952
0.0
3088032
1048952
0.0
3130784
1048968
0.0
3650592
1048984
0.0
3791992
1049000
0.0
3278488
1048976
0.0
3012744
1048968
0.0
2872744
1048960
0.0
3123016
1048960
0.0
3353992
1048992
0.0
2814560
1048952
0.0
4022488
1049032
0.0
2849200
1048968
0.0
3794184
1049000
0.0
2739176
1048960
0.0
3294752
1048960
0.0
2949728
1048968
0.0
3565136
1048968
0.0
3110400
1048960
0.0
3846648
1048984
0.0
3394672
1048984
0.0
2952960
1048960
0.0
4364584
1049072
0.0
3695408
1048992
0.0
2755352
1048960
0.0
3150280
1048960
0.0
3421096
1048992
0.0
3094080
1048968
0.0
3015368
1048952
0.0
3960472
1048992
0.0
3316872
1048960
0.0
2825240
1048960
0.0
3627976
1048968
0.0
3174120
1048992
0.0
3147304
1048976
0.0
3743464
1048992
0.0
3140408
1048968
0.0
3178136
1048968
0.0
3169056
1048960
0.0
3197280
1048960
0.0
2730288
1048960
0.0
3741160
1048976
0.0
3057728
1048952
0.0
2868544
1048960
0.0
3130176
1048960
0.0
2958888
1048960
0.0
3903584
1049104
0.0
3898312
1048968
0.0
2816032
1048968
0.0
3033528
1048976
0.0
2876296
1048960
0.0
3169728
1048968
0.0
3340864
1048960
0.0
3144528
1048968
0.0
3262000
1048992
0.0
2953824
1048952
0.0
3004800
1048960
0.0
2907544
1048952
0.0
3036336
1048952
0.0
3658152
1048968
0.0
2798792
1048960
0.0
3007760
1048960
0.0
3050328
1048968
0.0
3173528
1048960
0.0
4331544
1049064
0.0
3025912
1048968
0.0
3735152
1048960
0.0
3512264
1048968
0.0
2761664
1048952
0.0
3791728
1048984
0.0
2862248
1048968
0.0
2844224
1048968
0.0
3311584
1048968
0.0
3131272
1048968
0.0
3283368
1048976
0.0
3035360
1048960
0.0
2994192
1048968
0.0
3285096
1048976
0.0
3137568
1048960
0.0
2849416
1048960
0.0
2933776
1048992
0.0
3277912
1048992
0.0
3459176
1049008
0.0
2907256
1048968
0.0
3654272
1049008
0.0
4794648
1049088
0.0
3286976
1048992
0.0
3420256
1048984
0.0
3022696
1048944
0.0
3176704
1048968
0.0
2915328
1048968
0.0
3142864
1048976
0.0
4347856
1049056
0.0
3005312
1048968
0.0
3052968
1048976
0.0
4213624
1049024
0.0
2849768
1048960
0.0
3130280
1048968
0.0
3061640
1048960
0.0
3037792
1048968
0.0
3079648
1048976
0.0
3798744
1048984
0.0
3353536
1048976
0.0
2904544
1048960
0.0
3175240
1048968
0.0
2771184
1048952
0.0
3600520
1048952
0.0
2824848
1048960
0.0
2677128
1048952
0.0
2844504
1048968
0.0
3196568
1048960
0.0
3526464
1048992
0.0
2898008
1048960
0.0
3404096
1048968
0.0
2810704
1048960
0.0
2886528
1048960
0.0
3204920
1048976
0.0
2904776
1048968
0.0
2895120
1048960
0.0
3296144
1048968
0.0
3407144
1048968
0.0
3020424
1048960
0.0
2692416
1048960
0.0
3299616
1048968
0.0
3302992
1048976
0.0
3516112
1048976
0.0
2980872
1048968
0.0
2918568
1048960
0.0
3247632
1048968
0.0
3966464
1048976
0.0
3231600
1048968
0.0
3197240
1048968
0.0
3396024
1048960
0.0
3394432
1048968
0.0
3614312
1048976
0.0
3016448
1048960
0.0
3956640
1049008
0.0
3110648
1048960
0.0
4505200
1049112
0.0
3215640
1048976
0.0
3237360
1048960
0.0
3185416
1048960
0.0
3109400
1048968
0.0
2841280
1048960
0.0
3271048
1048960
0.0
3892024
1048992
0.0
3883096
1049040
0.0
2984280
1048968
0.0
2873664
1048952
0.0
3103368
1048968
0.0
3972064
1048992
0.0
3001576
1048968
0.0
2956752
1048968
0.0
3018792
1048968
