aes128-ctr+hmac-md5
1000
08/28/18
0.1
2096896
1048912
0.1
2262168
1048912
0.1
2231616
1048912
0.1
2114944
1048912
0.1
2144680
1048912
0.1
2241408
1048912
0.1
2231984
1048912
0.1
2152392
1048912
0.1
2102040
1048912
0.1
2320816
1048912
0.1
2166080
1048912
0.1
2275192
1048912
0.1
2149696
1048912
0.1
2028368
1048912
0.1
2230800
1048912
0.1
2106128
1048912
0.1
2142256
1048912
0.1
2148264
1048912
0.1
2133152
1048912
0.1
1952424
1048912
0.1
2068264
1048912
0.1
2149968
1048912
0.1
2111544
1048912
0.1
2062144
1048912
0.1
2172504
1048912
0.1
2300432
1048912
0.1
2204704
1048912
0.1
2307712
1048912
0.1
2109280
1048912
0.1
2062472
1048912
0.1
2138944
1048912
0.1
2124248
1048912
0.1
2075248
1048912
0.1
2030928
1048912
0.1
2142224
1048912
0.1
2233840
1048912
0.1
2165008
1048912
0.1
2206296
1048912
0.1
2140648
1048912
0.1
2271824
1048912
0.1
2086344
1048912
0.1
2188792
1048912
0.1
2084024
1048912
0.1
2221280
1048912
0.1
2191072
1048912
0.1
2074216
1048912
0.1
2211632
1048912
0.1
2225008
1048912
0.1
2316704
1048912
0.1
2296704
1048912
0.1
2236584
1048912
0.1
2194080
1048912
0.1
2110960
1048912
0.1
2272920
1048912
0.1
1952112
1048912
0.1
2133896
1048912
0.1
2258936
1048912
0.1
2223184
1048912
0.1
2268440
1048912
0.1
2072752
1048912
0.1
2106256
1048912
0.1
2106128
1048912
0.1
2027880
1048912
0.1
2200392
1048912
0.1
2053456
1048912
0.1
2136664
1048912
0.1
2332416
1048912
0.1
2182312
1048912
0.1
2090688
1048912
0.1
2208560
1048912
0.1
2107960
1048912
0.1
2258552
1048912
0.1
2244608
1048912
0.1
2255544
1048912
0.1
2176592
1048912
0.1
2295256
1048912
0.1
2167528
1048912
0.1
2304160
1048912
0.1
2189912
1048912
0.1
2282256
1048912
0.1
2114440
1048912
0.1
2305608
1048912
0.1
2064624
1048912
0.1
2316704
1048912
0.1
2185768
1048912
0.1
2144848
1048912
0.1
2147760
1048912
0.1
2274368
1048912
0.1
2128248
1048912
0.1
2060224
1048912
0.1
2151600
1048912
0.1
2254096
1048912
0.1
2342768
1048912
0.1
2277424
1048912
0.1
2073312
1048912
0.1
2336184
1048912
0.1
2147760
1048912
0.1
2166944
1048912
0.1
2286448
1048912
0.1
2248792
1048912
0.1
2120864
1048912
0.1
2130688
1048912
0.1
2118616
1048912
0.1
2107032
1048912
0.1
2172248
1048912
0.1
2143904
1048912
0.1
2134872
1048912
0.1
2309280
1048912
0.1
2154984
1048912
0.1
2106128
1048912
0.1
2285152
1048912
0.1
2130256
1048912
0.1
2259088
1048912
0.1
2145624
1048912
0.1
2326048
1048912
0.1
2077112
1048912
0.1
2153048
1048912
0.1
2319224
1048912
0.1
2109024
1048912
0.1
2185768
1048912
0.1
2274200
1048912
0.1
2318152
1048912
0.1
2097928
1048912
0.1
2305608
1048912
0.1
2177080
1048912
0.1
2261336
1048912
0.1
2252648
1048912
0.1
2190736
1048912
0.1
2103488
1048912
0.1
2291744
1048912
0.1
2103016
1048912
0.1
2027880
1048912
0.1
2020640
1048912
0.1
2234656
1048912
0.1
2041856
1048912
0.1
2054744
1048912
0.1
2227904
1048912
0.1
2121352
1048912
0.1
2039952
1048912
0.1
2142096
1048912
0.1
2226272
1048912
0.1
2149336
1048912
0.1
2042544
1048912
0.1
2295152
1048912
0.1
2115888
1048912
0.1
2297696
1048912
0.1
2321048
1048912
0.1
2217760
1048912
0.1
2144680
1048912
0.1
2093840
1048912
0.1
2330968
1048912
0.1
2106128
1048912
0.1
2184888
1048912
0.1
2138944
1048912
0.1
2164648
1048912
0.1
2284992
1048912
0.1
1999896
1048912
0.1
2045744
1048912
0.1
2170424
1048912
0.1
1974320
1048912
0.1
2225624
1048912
0.1
2287512
1048912
0.1
2182536
1048912
0.1
2236408
1048912
0.1
1914376
1048912
0.1
2144520
1048912
0.1
2142328
1048912
0.1
2256192
1048912
0.1
2100336
1048912
0.1
2244608
1048912
0.1
2293192
1048912
0.1
2277880
1048912
0.1
2106128
1048912
0.1
2209896
1048912
0.1
2262168
1048912
0.1
2159472
1048912
0.1
2209232
1048912
0.1
2244576
1048912
0.1
2191560
1048912
0.1
2111920
1048912
0.1
2114440
1048912
0.1
2048952
1048912
0.1
2218584
1048912
0.1
2251152
1048912
0.1
2236592
1048912
0.1
2137608
1048912
0.1
2032224
1048912
0.1
2157896
1048912
0.1
2074232
1048912
0.1
2077112
1048912
0.1
2112664
1048912
0.1
2231760
1048912
0.1
2211600
1048912
0.1
2258552
1048912
0.1
2163816
1048912
0.1
2319904
1048912
0.1
2039952
1048912
0.1
2142584
1048912
0.1
2034472
1048912
0.1
2068008
1048912
0.1
2084336
1048912
0.1
2285952
1048912
0.1
2159216
1048912
0.1
2100336
1048912
0.1
2108320
1048912
0.1
2130744
1048912
0.1
2139560
1048912
0.1
2223984
1048912
0.1
2120608
1048912
0.1
2278712
1048912
0.1
2037056
1048912
0.1
2109768
1048912
0.1
2108320
1048912
0.1
2119416
1048912
0.1
2144664
1048912
0.1
2027880
1048912
0.1
2102352
1048912
0.1
2192808
1048912
0.1
2125208
1048912
0.1
2110856
1048912
0.1
2193264
1048912
0.1
1919976
1048912
0.1
2155288
1048912
0.1
2289336
1048912
0.1
2272304
1048912
0.1
2284336
1048912
0.1
2105296
1048912
0.1
2141008
1048912
0.1
2142096
1048912
0.1
2148376
1048912
0.1
2103488
1048912
0.1
2244448
1048912
0.1
2261336
1048912
0.1
2259856
1048912
0.1
2036880
1048912
0.1
2222112
1048912
0.1
2145224
1048912
0.1
2103848
1048912
0.1
2347056
1048912
0.1
2221768
1048912
0.1
2260720
1048912
0.1
2158024
1048912
0.1
2260720
1048912
0.1
2153048
1048912
0.1
1953072
1048912
0.1
2116392
1048912
0.1
2123760
1048912
0.1
2185768
1048912
0.1
2020152
1048912
0.1
2290944
1048912
0.1
2245896
1048912
0.1
2106128
1048912
0.1
2012928
1048912
0.1
2284616
1048912
0.1
2266168
1048912
0.1
2289680
1048912
0.1
2120536
1048912
0.1
2289008
1048912
0.1
2198936
1048912
0.1
2147760
1048912
0.1
2272296
1048912
0.1
2063304
1048912
0.1
2211344
1048912
0.1
2227896
1048912
0.1
2257640
1048912
0.1
2170928
1048912
0.1
2063576
1048912
0.1
2167904
1048912
0.1
2196864
1048912
0.1
2131128
1048912
0.1
2132320
1048912
0.1
2056352
1048912
0.1
2256856
1048912
0.1
2213424
1048912
0.1
2318152
1048912
0.1
2038328
1048912
0.1
2312056
1048912
0.1
2183272
1048912
0.1
2205552
1048912
0.1
2084896
1048912
0.1
2122056
1048912
0.1
2322664
1048912
0.1
2136792
1048912
0.1
2214040
1048912
0.1
2156752
1048912
0.1
2086600
1048912
0.1
2254584
1048912
0.1
2133280
1048912
0.1
2224664
1048912
0.1
2145224
1048912
0.1
2265208
1048912
0.1
2039464
1048912
0.1
2278712
1048912
0.1
2025592
1048912
0.1
2106128
1048912
0.1
2105752
1048912
0.1
2106616
1048912
0.1
2182328
1048912
0.1
2319224
1048912
0.1
2199872
1048912
0.1
2231240
1048912
0.1
2244448
1048912
0.1
2109280
1048912
0.1
2149464
1048912
0.1
2079104
1048912
0.1
1980112
1048912
0.1
2098344
1048912
0.1
2092264
1048912
0.1
1995064
1048912
0.1
2088048
1048912
0.1
2110472
1048912
0.1
2254928
1048912
0.1
2291904
1048912
0.1
2105736
1048912
0.1
2285336
1048912
0.1
2067520
1048912
0.1
2250400
1048912
0.1
2215648
1048912
0.1
2276464
1048912
0.1
2244608
1048912
0.1
2226424
1048912
0.1
2179976
1048912
0.1
2198800
1048912
0.1
2042672
1048912
0.1
2159472
1048912
0.1
2144032
1048912
0.1
2157392
1048912
0.1
2076336
1048912
0.1
2063432
1048912
0.1
1998272
1048912
0.1
2306872
1048912
0.1
2138944
1048912
0.1
2284992
1048912
0.1
2097928
1048912
0.1
2099456
1048912
0.1
2097568
1048912
0.1
2082000
1048912
0.1
2139688
1048912
0.1
2015808
1048912
0.1
2066976
1048912
0.1
2144160
1048912
0.1
2312928
1048912
0.1
2065528
1048912
0.1
2361248
1048912
0.1
2012912
1048912
0.1
2073312
1048912
0.1
2286952
1048912
0.1
2143288
1048912
0.1
2272920
1048912
0.1
2163184
1048912
0.1
1980600
1048912
0.1
2251200
1048912
0.1
2022088
1048912
0.1
2099960
1048912
0.1
2129296
1048912
0.1
2323760
1048912
0.1
2280320
1048912
0.1
2105752
1048912
0.1
2097696
1048912
0.1
2238040
1048912
0.1
2165752
1048912
0.1
2149208
1048912
0.1
2111920
1048912
0.1
2131488
1048912
0.1
2122800
1048912
0.1
2210344
1048912
0.1
2178040
1048912
0.1
2110112
1048912
0.1
2120736
1048912
0.1
2279848
1048912
0.1
2094544
1048912
0.1
2126400
1048912
0.1
2149192
1048912
0.1
2229168
1048912
0.1
2065528
1048912
0.1
2007728
1048912
0.1
2222728
1048912
0.1
2220160
1048912
0.1
2194456
1048912
0.1
2130512
1048912
0.1
2146672
1048912
0.1
2009664
1048912
0.1
2212720
1048912
0.1
2281264
1048912
0.1
2163816
1048912
0.1
2153424
1048912
0.1
2144736
1048912
0.1
2335344
1048912
0.1
2073312
1048912
0.1
2277424
1048912
0.1
1958880
1048912
0.1
2182640
1048912
0.1
2041584
1048912
0.1
2098184
1048912
0.1
2117712
1048912
0.1
2220936
1048912
0.1
2153352
1048912
0.1
2038616
1048912
0.1
2119736
1048912
0.1
2247352
1048912
0.1
2275016
1048912
0.1
1996024
1048912
0.1
2154656
1048912
0.1
2119160
1048912
0.1
2205496
1048912
0.1
2091904
1048912
0.1
2313624
1048912
0.1
2170928
1048912
0.1
2285336
1048912
0.1
1993128
1048912
0.1
2180376
1048912
0.1
2125384
1048912
0.1
2091104
1048912
0.1
2133152
1048912
0.1
2325536
1048912
0.1
2253928
1048912
0.1
2173952
1048912
0.1
2116392
1048912
0.1
2234624
1048912
0.1
2119416
1048912
0.1
2183016
1048912
0.1
2139560
1048912
0.1
2320864
1048912
0.1
2186024
1048912
0.1
2320864
1048912
0.1
2150680
1048912
0.1
2174184
1048912
0.1
2196472
1048912
0.1
2073312
1048912
0.1
2114344
1048912
0.1
2275368
1048912
0.1
2268104
1048912
0.1
2141968
1048912
0.1
2079520
1048912
0.1
2138112
1048912
0.1
2193496
1048912
0.1
2064624
1048912
0.1
2261824
1048912
0.1
2252024
1048912
0.1
2137440
1048912
0.1
2131784
1048912
0.1
2139328
1048912
0.1
2083864
1048912
0.1
2104792
1048912
0.1
2165136
1048912
0.1
2143544
1048912
0.1
2160816
1048912
0.1
2170424
1048912
0.1
2166080
1048912
0.1
2276464
1048912
0.1
2106128
1048912
0.1
2237824
1048912
0.1
2123504
1048912
0.1
2058776
1048912
0.1
2285152
1048912
0.1
1989272
1048912
0.1
2185768
1048912
0.1
2153424
1048912
0.1
2160792
1048912
0.1
2109160
1048912
0.1
2119904
1048912
0.1
2235760
1048912
0.1
2128920
1048912
0.1
2139688
1048912
0.1
2150312
1048912
0.1
2222928
1048912
0.1
1959256
1048912
0.1
2026448
1048912
0.1
2274712
1048912
0.1
2029640
1048912
0.1
2110472
1048912
0.1
2007400
1048912
0.1
2042360
1048912
0.1
2138744
1048912
0.1
2267776
1048912
0.1
2266656
1048912
0.1
2247504
1048912
0.1
2039464
1048912
0.1
2091416
1048912
0.1
2151272
1048912
0.1
2181424
1048912
0.1
2144264
1048912
0.1
2289136
1048912
0.1
2158656
1048912
0.1
2181224
1048912
0.1
2061024
1048912
0.1
2264064
1048912
0.1
2117552
1048912
0.1
2312128
1048912
0.1
2251848
1048912
0.1
2224304
1048912
0.1
2115704
1048912
0.1
2326840
1048912
0.1
2007192
1048912
0.1
2091104
1048912
0.1
2197608
1048912
0.1
2085984
1048912
0.1
2094000
1048912
0.1
2106128
1048912
0.1
2248792
1048912
0.1
1953072
1048912
0.1
2138064
1048912
0.1
2250240
1048912
0.1
2326496
1048912
0.1
2016296
1048912
0.1
2277264
1048912
0.1
2239480
1048912
0.1
2130256
1048912
0.1
2252456
1048912
0.1
2102400
1048912
0.1
2088504
1048912
0.1
2055304
1048912
0.1
1953112
1048912
0.1
2106128
1048912
0.1
2342936
1048912
0.1
2329632
1048912
0.1
2023976
1048912
0.1
2188792
1048912
0.1
2288048
1048912
0.1
2256144
1048912
0.1
2152952
1048912
0.1
2123504
1048912
0.1
2186352
1048912
0.1
2165008
1048912
0.1
2143776
1048912
0.1
2185392
1048912
0.1
2122184
1048912
0.1
2074216
1048912
0.1
2153368
1048912
0.1
2138944
1048912
0.1
2198800
1048912
0.1
2340336
1048912
0.1
2159472
1048912
0.1
2158256
1048912
0.1
2115304
1048912
0.1
2161232
1048912
0.1
2277424
1048912
0.1
2083864
1048912
0.1
2155128
1048912
0.1
2152104
1048912
0.1
2256192
1048912
0.1
2147160
1048912
0.1
2197752
1048912
0.1
2274368
1048912
0.1
2150312
1048912
0.1
2218208
1048912
0.1
2058128
1048912
0.1
2278576
1048912
0.1
2209896
1048912
0.1
2277376
1048912
0.1
2260680
1048912
0.1
2008704
1048912
0.1
2167528
1048912
0.1
2295464
1048912
0.1
2158888
1048912
0.1
2068424
1048912
0.1
2155000
1048912
0.1
2120552
1048912
0.1
2236584
1048912
0.1
2036880
1048912
0.1
2044072
1048912
0.1
2173696
1048912
0.1
2116520
1048912
0.1
2261336
1048912
0.1
2354136
1048912
0.1
2232064
1048912
0.1
2292744
1048912
0.1
2162112
1048912
0.1
2216256
1048912
0.1
2191704
1048912
0.1
2104136
1048912
0.1
2042672
1048912
0.1
2116832
1048912
0.1
2221280
1048912
0.1
2293536
1048912
0.1
2231528
1048912
0.1
2290944
1048912
0.1
2121352
1048912
0.1
2229352
1048912
0.1
2173320
1048912
0.1
2147160
1048912
0.1
2225624
1048912
0.1
2103232
1048912
0.1
2070416
1048912
0.1
2214328
1048912
0.1
2310728
1048912
0.1
2238032
1048912
0.1
2164048
1048912
0.1
2002304
1048912
0.1
2138568
1048912
0.1
2065368
1048912
0.1
2198944
1048912
0.1
2100104
1048912
0.1
2278872
1048912
0.1
2189288
1048912
0.1
2228344
1048912
0.1
1945120
1048912
0.1
2156920
1048912
0.1
2020640
1048912
0.1
2114816
1048912
0.1
2170800
1048912
0.1
2109408
1048912
0.1
2185568
1048912
0.1
2071320
1048912
0.1
2075176
1048912
0.1
2065840
1048912
0.1
2233936
1048912
0.1
2218584
1048912
0.1
2156320
1048912
0.1
2218384
1048912
0.1
2187472
1048912
0.1
2141368
1048912
0.1
2040440
1048912
0.1
2198800
1048912
0.1
2316872
1048912
0.1
2113856
1048912
0.1
2106128
1048912
0.1
2134384
1048912
0.1
2115888
1048912
0.1
2021440
1048912
0.1
2290640
1048912
0.1
2280992
1048912
0.1
2129296
1048912
0.1
2125208
1048912
0.1
2220032
1048912
0.1
2133152
1048912
0.1
2308160
1048912
0.1
2039464
1048912
0.1
2170424
1048912
0.1
2165984
1048912
0.1
2109024
1048912
0.1
1989584
1048912
0.1
2116208
1048912
0.1
2107704
1048912
0.1
2094544
1048912
0.1
2233936
1048912
0.1
2027704
1048912
0.1
2169952
1048912
0.1
2144344
1048912
0.1
2245064
1048912
0.1
2096120
1048912
0.1
2122056
1048912
0.1
2272120
1048912
0.1
2249624
1048912
0.1
2241552
1048912
0.1
2194456
1048912
0.1
2021248
1048912
0.1
2203144
1048912
0.1
2161736
1048912
0.1
2283832
1048912
0.1
2106128
1048912
0.1
2102688
1048912
0.1
2186168
1048912
0.1
2169296
1048912
0.1
2130744
1048912
0.1
2115888
1048912
0.1
2098816
1048912
0.1
2041560
1048912
0.1
2258448
1048912
0.1
2117840
1048912
0.1
1942096
1048912
0.1
2228976
1048912
0.1
2257312
1048912
0.1
2137424
1048912
0.1
2106128
1048912
0.1
2054904
1048912
0.1
2092136
1048912
0.1
2058304
1048912
0.1
2253136
1048912
0.1
2258880
1048912
0.1
2127304
1048912
0.1
2297536
1048912
0.1
2002360
1048912
0.1
2141840
1048912
0.1
2063592
1048912
0.1
2233480
1048912
0.1
2266816
1048912
0.1
2140880
1048912
0.1
2105424
1048912
0.1
2100336
1048912
0.1
2303672
1048912
0.1
2130040
1048912
0.1
2163000
1048912
0.1
2019192
1048912
0.1
2332288
1048912
0.1
2136664
1048912
0.1
2324088
1048912
0.1
2257032
1048912
0.1
2231704
1048912
0.1
2179272
1048912
0.1
2181192
1048912
0.1
2235312
1048912
0.1
2247344
1048912
0.1
2283888
1048912
0.1
2123504
1048912
0.1
2165008
1048912
0.1
2135216
1048912
0.1
2208584
1048912
0.1
2318320
1048912
0.1
2224520
1048912
0.1
2246856
1048912
0.1
2109456
1048912
0.1
2163312
1048912
0.1
2100400
1048912
0.1
2178168
1048912
0.1
2272784
1048912
0.1
2063576
1048912
0.1
2106872
1048912
0.1
2085944
1048912
0.1
2127848
1048912
0.1
2302528
1048912
0.1
2300472
1048912
0.1
2114440
1048912
0.1
2254928
1048912
0.1
2162112
1048912
0.1
2298048
1048912
0.1
2093584
1048912
0.1
2142272
1048912
0.1
2205216
1048912
0.1
2290944
1048912
0.1
2223864
1048912
0.1
2117152
1048912
0.1
2169296
1048912
0.1
2243824
1048912
0.1
2080680
1048912
0.1
2092136
1048912
0.1
2233936
1048912
0.1
2114816
1048912
0.1
1960800
1048912
0.1
2031088
1048912
0.1
2170096
1048912
0.1
2119160
1048912
0.1
2139328
1048912
0.1
2135344
1048912
0.1
2219832
1048912
0.1
2154984
1048912
0.1
2138240
1048912
0.1
2134856
1048912
0.1
2027880
1048912
0.1
1976536
1048912
0.1
2114440
1048912
0.1
2282256
1048912
0.1
2109024
1048912
0.1
2160104
1048912
0.1
2211792
1048912
0.1
2311672
1048912
0.1
2265032
1048912
0.1
1950104
1048912
0.1
2246056
1048912
0.1
2073312
1048912
0.1
2221848
1048912
0.1
2282680
1048912
0.1
2032712
1048912
0.1
2303664
1048912
0.1
2091504
1048912
0.1
2220656
1048912
0.1
2056680
1048912
0.1
2109928
1048912
0.1
2198424
1048912
0.1
1794048
1048912
0.1
2217080
1048912
0.1
1990072
1048912
0.1
2223216
1048912
0.1
1987824
1048912
0.1
2273264
1048912
0.1
2142584
1048912
0.1
2106872
1048912
0.1
2271160
1048912
0.1
2164952
1048912
0.1
2296248
1048912
0.1
2293352
1048912
0.1
2198800
1048912
0.1
2277880
1048912
0.1
2067776
1048912
0.1
2143776
1048912
0.1
2173952
1048912
0.1
2114816
1048912
0.1
2254696
1048912
0.1
2282256
1048912
0.1
2119728
1048912
0.1
2008096
1048912
0.1
2294144
1048912
0.1
2162368
1048912
0.1
2258864
1048912
0.1
2138944
1048912
0.1
2140392
1048912
0.1
2103720
1048912
0.1
1975104
1048912
0.1
2250176
1048912
0.1
2266168
1048912
0.1
2168392
1048912
0.1
2262168
1048912
0.1
2320672
1048912
0.1
2218656
1048912
0.1
2344696
1048912
0.1
2104936
1048912
0.1
2258928
1048912
0.1
2060696
1048912
0.1
2125208
1048912
0.1
2092392
1048912
0.1
1986392
1048912
0.1
2244448
1048912
0.1
2299328
1048912
0.1
2096736
1048912
0.1
2147256
1048912
0.1
1997056
1048912
0.1
2205840
1048912
0.1
2198800
1048912
0.1
2123504
1048912
0.1
2187664
1048912
0.1
2160592
1048912
0.1
2232864
1048912
0.1
2128480
1048912
0.1
2267616
1048912
0.1
2021736
1048912
0.1
2102040
1048912
0.1
2103488
1048912
0.1
2140336
1048912
0.1
2238816
1048912
0.1
2075200
1048912
0.1
2100960
1048912
0.1
2117712
1048912
0.1
2160792
1048912
0.1
2232240
1048912
0.1
2090688
1048912
0.1
2061184
1048912
0.1
2022696
1048912
0.1
2357064
1048912
0.1
2101728
1048912
0.1
2176592
1048912
0.1
2282208
1048912
0.1
2211600
1048912
0.1
2065696
1048912
0.1
1991032
1048912
0.1
2274232
1048912
0.1
2255232
1048912
0.1
2034160
1048912
0.1
2194712
1048912
0.1
2308952
1048912
0.1
2144800
1048912
0.1
2037544
1048912
0.1
2234768
1048912
0.1
2168392
1048912
0.1
2220320
1048912
0.1
2082128
1048912
0.1
2310912
1048912
0.1
2172736
1048912
0.1
2182640
1048912
0.1
2297248
1048912
0.1
2175400
1048912
0.1
2164448
1048912
0.1
2219032
1048912
0.1
2222400
1048912
0.1
2189776
1048912
0.1
2128104
1048912
0.1
2128136
1048912
0.1
2278400
1048912
0.1
2105424
1048912
0.1
2135576
1048912
0.1
2147560
1048912
0.1
2191360
1048912
0.1
2186392
1048912
0.1
2290752
1048912
0.1
2192192
1048912
0.1
2200520
1048912
0.1
2228512
1048912
0.1
2281952
1048912
0.1
2272784
1048912
0.1
2151016
1048912
0.1
2182872
1048912
0.1
2253136
1048912
0.1
2091104
1048912
0.1
2010816
1048912
0.1
2274528
1048912
0.1
2165752
1048912
0.1
2156248
1048912
0.1
2251544
1048912
0.1
2148048
1048912
0.1
2101784
1048912
0.1
2194456
1048912
0.1
2127848
1048912
0.1
2183496
1048912
0.1
2176120
1048912
0.1
2224520
1048912
0.1
2135992
1048912
0.1
2072120
1048912
0.1
2204488
1048912
0.1
2265032
1048912
0.1
2253480
1048912
0.1
2153680
1048912
0.1
2045744
1048912
0.1
2102688
1048912
0.1
2147760
1048912
0.1
2284616
1048912
0.1
2031264
1048912
0.1
2237552
1048912
0.1
2044312
1048912
0.1
2169784
1048912
0.1
2207000
1048912
0.1
2082904
1048912
0.1
2104680
1048912
0.1
2140880
1048912
0.1
2119416
1048912
0.1
2288376
1048912
0.1
2245280
1048912
0.1
1995464
1048912
0.1
2147256
1048912
0.1
2271960
1048912
0.1
2074760
1048912
0.1
2191816
1048912
0.1
2236760
1048912
0.1
2226584
1048912
0.1
2246968
1048912
0.1
2231056
1048912
0.1
2046984
1048912
0.1
2131704
1048912
0.1
2279064
1048912
0.1
2164304
1048912
0.1
2105296
1048912
0.1
2089368
1048912
0.1
2097696
1048912
0.1
2247544
1048912
0.1
2015288
1048912
0.1
2287888
1048912
0.1
2111544
1048912
0.1
2118928
1048912
0.1
1994576
1048912
0.1
2109024
1048912
0.1
2167344
1048912
0.1
2138944
1048912
0.1
2071320
1048912
0.1
2117008
1048912
0.1
2052008
1048912
0.1
2244608
1048912
0.1
2222728
1048912
0.1
2125856
1048912
0.1
2150656
1048912
0.1
2233656
1048912
0.1
2625616
1048912
0.1
2740128
1048912
0.1
2169480
1048912
0.1
2125208
1048912
0.1
2318152
1048912
0.1
2240104
1048912
0.1
2178040
1048912
0.1
2294192
1048912
0.1
2149968
1048912
0.1
2032728
1048912
0.1
2285152
1048912
0.1
2309280
1048912
0.1
2422264
1048912
0.1
2092536
1048912
0.1
2042672
1048912
0.1
2243648
1048912
0.1
2066976
1048912
0.1
2236104
1048912
0.1
2198728
1048912
0.1
2095776
1048912
0.1
2317808
1048912
0.1
2134560
1048912
0.1
2152232
1048912
0.1
2038016
1048912
0.1
2106872
1048912
0.1
2314080
1048912
0.1
2082128
1048912
0.1
2316960
1048912
0.1
2060048
1048912
0.1
2013888
1048912
0.1
2031176
1048912
0.1
2134528
1048912
0.1
2290160
1048912
0.1
2252968
1048912
0.1
2063744
1048912
0.1
2138944
1048912
0.1
1956944
1048912
0.1
2168160
1048912
0.1
2226120
1048912
0.1
2268576
1048912
0.1
2280160
1048912
0.1
2222928
1048912
0.1
2187216
1048912
0.1
1979448
1048912
0.1
2130200
1048912
0.1
2063904
1048912
0.1
2291744
1048912
0.1
2154168
1048912
0.1
2327944
1048912
0.1
2090688
1048912
0.1
2249256
1048912
0.1
2075488
1048912
0.1
2312056
1048912
0.1
2277424
1048912
0.1
2110472
1048912
0.1
2114944
1048912
0.1
2100336
1048912
0.1
2052008
1048912
0.1
2339280
1048912
0.1
2107032
1048912
0.1
2134712
1048912
0.1
2160328
1048912
