im-chacha-poly-512
1000
08/28/18
0.1
1834043
1049128
0.1
1886414
1049128
0.1
2113355
1049128
0.1
2059232
1049128
0.1
1607102
1049128
0.1
1956242
1049128
0.1
1484903
1049128
0.1
3532905
1049024
0.1
1764215
1049128
0.1
1572188
1049128
0.1
1833101
1049128
0.1
1694387
1049128
0.1
1607831
1049128
0.1
1921328
1049128
0.1
1415075
1049128
0.1
1624559
1049128
0.1
1572188
1049128
0.1
1449989
1049128
0.1
1362704
1049128
0.1
1362704
1049128
0.1
1577261
1049128
0.1
1397618
1049128
0.1
1818206
1049128
0.1
1930907
1049128
0.1
1397618
1049128
0.1
1380161
1049128
0.1
1327790
1049128
0.1
1436400
1049128
0.1
1345247
1049128
0.1
1799129
1049128
0.1
1607102
1049128
0.1
1781672
1049128
0.1
1991156
1049128
0.1
1362704
1049128
0.1
1362704
1049128
0.1
1397618
1049128
0.1
1292876
1049128
0.1
1327790
1049128
0.1
2813670
1048992
0.1
1956971
1049128
0.1
1432532
1049128
0.1
1380161
1049128
0.1
1432532
1049128
0.1
1409607
1049128
0.1
1327790
1049128
0.1
1449989
1049128
0.1
1397618
1049128
0.1
1415075
1049128
0.1
1397618
1049128
0.1
2998562
1048984
0.1
1991156
1049128
0.1
1432532
1049128
0.1
1554731
1049128
0.1
1607102
1049128
0.1
1868957
1049128
0.1
1188134
1049128
0.1
1327790
1049128
0.1
4038169
1049040
0.1
1589645
1049128
0.1
1554731
1049128
0.1
1537274
1049128
0.1
2661902
1048968
0.1
1813376
1049128
0.1
2505604
1048968
0.1
2426608
1049128
0.1
1659473
1049128
0.1
1711844
1049128
0.1
1380161
1049128
0.1
1310333
1049128
0.1
1415075
1049128
0.1
1310333
1049128
0.1
1415075
1049128
0.1
1397618
1049128
0.1
1310333
1049128
0.1
1380161
1049128
0.1
1275419
1049128
0.1
1566720
1049128
0.1
1432532
1049128
0.1
1572188
1049128
0.1
1537274
1049128
0.1
1750059
1049128
0.1
1502360
1049128
0.1
1572188
1049128
0.1
1345247
1049128
0.1
1432532
1049128
0.1
2113355
1049128
0.1
1310333
1049128
0.1
1257962
1049128
0.1
1554731
1049128
0.1
1779920
1049128
0.1
1559804
1049128
0.1
1816586
1049128
0.1
1694387
1049128
0.1
1537274
1049128
0.1
1502360
1049128
0.1
1572188
1049128
0.1
1764215
1049128
0.1
1659473
1049128
0.1
1484903
1049128
0.1
1607102
1049128
0.1
1502360
1049128
0.1
1851500
1049128
0.1
1816586
1049128
0.1
1572188
1049128
0.1
1524890
1049128
0.1
1676930
1049128
0.1
1711844
1049128
0.1
2008613
1049128
0.1
1380161
1049128
0.1
2710561
1048968
0.1
1868957
1049128
0.1
1783292
1049128
0.1
1868957
1049128
0.1
1751831
1049128
0.1
1624559
1049128
0.1
1676930
1049128
0.1
1781672
1049128
0.1
1537274
1049128
0.1
1746758
1049128
0.1
1572188
1049128
0.1
1781672
1049128
0.1
1607102
1049128
0.1
2537228
1048968
0.1
1729301
1049128
0.1
2060984
1049128
0.1
1694387
1049128
0.1
1537274
1049128
0.1
1624559
1049128
0.1
1668890
1049128
0.1
1484903
1049128
0.1
1624559
1049128
0.1
1538003
1049128
0.1
1659473
1049128
0.1
1694387
1049128
0.1
1519817
1049128
0.1
1596409
1049128
0.1
1729301
1049128
0.1
1589645
1049128
0.1
1642016
1049128
0.1
1711844
1049128
0.1
1415075
1049128
0.1
1519817
1049128
0.1
2031102
1048936
0.1
1816586
1049128
0.1
2328023
1049128
0.1
1777895
1049128
0.1
1781672
1049128
0.1
2240540
1048960
0.1
2551668
1048952
0.1
2158658
1049128
0.1
1572188
1049128
0.1
1764215
1049128
0.1
1437605
1049128
0.1
1625288
1049128
0.1
1956242
1049128
0.1
1572188
1049128
0.1
1600034
1049128
0.1
1484903
1049128
0.1
1642016
1049128
0.1
1624559
1049128
0.1
1868957
1049128
0.1
1886414
1049128
0.1
1781672
1049128
0.1
1676930
1049128
0.1
1821659
1049128
0.1
1554731
1049128
0.1
1554731
1049128
0.1
1629632
1049128
0.1
1711844
1049128
0.1
1624559
1049128
0.1
1712573
1049128
0.1
1676930
1049128
0.1
1659473
1049128
0.1
1642016
1049128
0.1
1554731
1049128
0.1
1572188
1049128
0.1
1607102
1049128
0.1
1799129
1049128
0.1
1519817
1049128
0.1
1921328
1049128
0.1
1938785
1049128
0.1
1781672
1049128
0.1
1642016
1049128
0.1
1449989
1049128
0.1
4418583
1049128
0.1
1577261
1049128
0.1
1676930
1049128
0.1
1781672
1049128
0.1
1607102
1049128
0.1
1711844
1049128
0.1
2759008
1048984
0.1
1834043
1049128
0.1
2706893
1049128
0.1
1292876
1049128
0.1
2388312
1049128
0.1
1345247
1049128
0.1
1380161
1049128
0.1
1851500
1049128
0.1
1432532
1049128
0.1
1432532
1049128
0.1
1449989
1049128
0.1
1397618
1049128
0.1
1397618
1049128
0.1
1572188
1049128
0.1
1362704
1049128
0.1
1659473
1049128
0.1
1764215
1049128
0.1
1488204
1049128
0.1
1607102
1049128
0.1
3080187
1048984
0.1
1991156
1049128
0.1
1729301
1049128
0.1
1484903
1049128
0.1
1642016
1049128
0.1
1799129
1049128
0.1
1432532
1049128
0.1
1397618
1049128
0.1
1746758
1049128
0.1
1397618
1049128
0.1
1467446
1049128
0.1
1362704
1049128
0.1
2532323
1049128
0.1
1449989
1049128
0.1
1362704
1049128
0.1
1327790
1049128
0.1
2110286
1049128
0.1
1711844
1049128
0.1
1642016
1049128
0.1
1612175
1049128
0.1
1519817
1049128
0.1
1834043
1049128
0.1
1537274
1049128
0.1
2118428
1049128
0.1
1310333
1049128
0.1
1520789
1049128
0.1
1415075
1049128
0.1
1624559
1049128
0.1
1624559
1049128
0.1
1537274
1049128
0.1
1659473
1049128
0.1
1572188
1049128
0.1
1519817
1049128
0.1
1781672
1049128
0.1
2355707
1049128
0.1
1397618
1049128
0.1
1534550
1049128
0.1
1432532
1049128
0.1
1519817
1049128
0.1
1415075
1049128
0.1
1676930
1049128
0.1
1607102
1049128
0.1
1659473
1049128
0.1
1589645
1049128
0.1
1956242
1049128
0.1
1572188
1049128
0.1
1537274
1049128
0.1
1572188
1049128
0.1
1676930
1049128
0.1
2611039
1048984
0.1
2130812
1049128
0.1
1607102
1049128
0.1
1380161
1049128
0.1
3403747
1048992
0.1
2130812
1049128
0.1
1607102
1049128
0.1
1589645
1049128
0.1
1851500
1049128
0.1
2564306
1048968
0.1
2768648
1048984
0.1
2235554
1049128
0.1
1327790
1049128
0.1
1415075
1049128
0.1
1519817
1049128
0.1
1397618
1049128
0.1
1327790
1049128
0.1
1397618
1049128
0.1
1380161
1049128
0.1
1397618
1049128
0.1
1362704
1049128
0.1
1380161
1049128
0.1
1589645
1049128
0.1
1380161
1049128
0.1
1345247
1049128
0.1
1397618
1049128
0.1
1380161
1049128
0.1
1380161
1049128
0.1
1327790
1049128
0.1
1362704
1049128
0.1
1380161
1049128
0.1
1589645
1049128
0.1
1624559
1049128
0.1
1380161
1049128
0.1
1310333
1049128
0.1
1416695
1049128
0.1
1362704
1049128
0.1
1624559
1049128
0.1
1537274
1049128
0.1
1345247
1049128
0.1
1292876
1049128
0.1
1554731
1049128
0.1
1729301
1049128
0.1
1397618
1049128
0.1
1310333
1049128
0.1
1362704
1049128
0.1
1362704
1049128
0.1
1397618
1049128
0.1
1310333
1049128
0.1
1519817
1049128
0.1
1345247
1049128
0.1
1380161
1049128
0.1
1362704
1049128
0.1
1380161
1049128
0.1
1362704
1049128
0.1
1380161
1049128
0.1
1362704
1049128
0.1
1380161
1049128
0.1
3425585
1049024
0.1
1607102
1049128
0.1
1843703
1049128
0.1
1572188
1049128
0.1
1594718
1049128
0.1
1519817
1049128
0.1
1590374
1049128
0.1
1502360
1049128
0.1
1793661
1049128
0.1
2218097
1049128
0.1
1432532
1049128
0.1
1397618
1049128
0.1
2861326
1048992
0.1
1834043
1049128
0.1
1554731
1049128
0.1
1554731
1049128
0.1
1746758
1049128
0.1
1607102
1049128
0.1
1484903
1049128
0.1
1572917
1049128
0.1
1716917
1049128
0.1
1537274
1049128
0.1
1660202
1049128
0.1
1851500
1049128
0.1
1711844
1049128
0.1
1851500
1049128
0.1
1558032
1049128
0.1
1599872
1049128
0.1
1432532
1049128
0.1
1467446
1049128
0.1
1711844
1049128
0.1
1415075
1049128
0.1
1467446
1049128
0.1
1502360
1049128
0.1
3034410
1048968
0.1
1729301
1049128
0.1
1676930
1049128
0.1
1886414
1049128
0.1
2043527
1049128
0.1
1380161
1049128
0.1
2666228
1048968
0.1
1886414
1049128
0.1
1868957
1049128
0.1
1397618
1049128
0.1
1380161
1049128
0.1
1397618
1049128
0.1
1397618
1049128
0.1
1345247
1049128
0.1
1362704
1049128
0.1
1381295
1049128
0.1
1310333
1049128
0.1
1397618
1049128
0.1
2521548
1048968
0.1
2206604
1049128
0.1
1362704
1049128
0.1
1310333
1049128
0.1
1397618
1049128
0.1
1380161
1049128
0.1
1397618
1049128
0.1
1519817
1049128
0.1
1397618
1049128
0.1
1432532
1049128
0.1
1397618
1049128
0.1
1345247
1049128
0.1
2919789
1048976
0.1
2253011
1049128
0.1
1589645
1049128
0.1
1816586
1049128
0.1
1729301
1049128
0.1
1572188
1049128
0.1
1659473
1049128
0.1
1484903
1049128
0.1
1589645
1049128
0.1
1781672
1049128
0.1
1380161
1049128
0.1
1666237
1049128
0.1
1589645
1049128
0.1
1711844
1049128
0.1
1746758
1049128
0.1
1537274
1049128
0.1
1519817
1049128
0.1
2023660
1049128
0.1
1345247
1049128
0.1
1362704
1049128
0.1
2937769
1048968
0.1
2930561
1049128
0.1
1380161
1049128
0.1
1345247
1049128
0.1
1886414
1049128
0.1
1624559
1049128
0.1
1467446
1049128
0.1
1397618
1049128
0.1
1397618
1049128
0.1
1362704
1049128
0.1
1519817
1049128
0.1
1432532
1049128
0.1
1467446
1049128
0.1
1432532
1049128
0.1
1467446
1049128
0.1
1362704
1049128
0.1
1362704
1049128
0.1
1467446
1049128
0.1
1638239
1049128
0.1
3298047
1048992
0.1
1704776
1049128
0.1
1668890
1049128
0.1
1921328
1049128
0.1
1659473
1049128
0.1
1537274
1049128
0.1
1484903
1049128
0.1
1554731
1049128
0.1
1572188
1049128
0.1
1607102
1049128
0.1
1589645
1049128
0.1
1746758
1049128
0.1
3035837
1049000
0.1
2536828
1049128
0.1
1484903
1049128
0.1
1449989
1049128
0.1
1432532
1049128
0.1
1694387
1049128
0.1
1402691
1049128
0.1
1676930
1049128
0.1
1415075
1049128
0.1
1397618
1049128
0.1
1502360
1049128
0.1
1511777
1049128
0.1
1589645
1049128
0.1
1816586
1049128
0.1
1804202
1049128
0.1
1467446
1049128
0.1
1903871
1049128
0.1
1519817
1049128
0.1
1624559
1049128
0.1
1659473
1049128
0.1
1519817
1049128
0.1
1729301
1049128
0.1
1537274
1049128
0.1
1642016
1049128
0.1
1938785
1049128
0.1
1467446
1049128
0.1
1746758
1049128
0.1
1711844
1049128
0.1
1415075
1049128
0.1
1764215
1049128
0.1
1432532
1049128
0.1
1537274
1049128
0.1
1449989
1049128
0.1
1764215
1049128
0.1
1362704
1049128
0.1
1385234
1049128
0.1
1397618
1049128
0.1
1467446
1049128
0.1
1432532
1049128
0.1
1397618
1049128
0.1
1362704
1049128
0.1
1345247
1049128
0.1
1624559
1049128
0.1
1415075
1049128
0.1
1467446
1049128
0.1
1484903
1049128
0.1
1468175
1049128
0.1
1554731
1049128
0.1
1416209
1049128
0.1
1397618
1049128
0.1
1607102
1049128
0.1
1512668
1049128
0.1
1415075
1049128
0.1
1554731
1049128
0.1
1589645
1049128
0.1
1940405
1049128
0.1
1380161
1049128
0.1
1467446
1049128
0.1
1799129
1049128
0.1
1799129
1049128
0.1
1559804
1049128
0.1
1607102
1049128
0.1
1711844
1049128
0.1
1554731
1049128
0.1
1851500
1049128
0.1
1572188
1049128
0.1
1537274
1049128
0.1
1659473
1049128
0.1
1694387
1049128
0.1
1624559
1049128
0.1
1449989
1049128
0.1
1659473
1049128
0.1
3173537
1049008
0.1
2026070
1049128
0.1
2026070
1049128
0.1
1624559
1049128
0.1
2801996
1048968
0.1
1659473
1049128
0.1
1503089
1049128
0.1
1607102
1049128
0.1
1903871
1049128
0.1
1589645
1049128
0.1
1899577
1049128
0.1
1903871
1049128
0.1
1380161
1049128
0.1
1467446
1049128
0.1
1764215
1049128
0.1
1537274
1049128
0.1
1642016
1049128
0.1
1607102
1049128
0.1
1624559
1049128
0.1
1554731
1049128
0.1
1676930
1049128
0.1
2677313
1048976
0.1
2451891
1049128
0.1
1275419
1049128
0.1
1415075
1049128
0.1
1362704
1049128
0.1
2800291
1048992
0.1
2058017
1049128
0.1
1345247
1049128
0.1
1484903
1049128
0.1
1449989
1049128
0.1
1624559
1049128
0.1
1572188
1049128
0.1
1991156
1049128
0.1
1676930
1049128
0.1
1449989
1049128
0.1
1817882
1049128
0.1
1659473
1049128
0.1
1974914
1049128
0.1
1607102
1049128
0.1
1659473
1049128
0.1
1642016
1049128
0.1
1572188
1049128
0.1
1554731
1049128
0.1
1624559
1049128
0.1
1519817
1049128
0.1
1746758
1049128
0.1
1572188
1049128
0.1
1502360
1049128
0.1
1625288
1049128
0.1
2138943
1049128
0.1
1577261
1049128
0.1
1746758
1049128
0.1
1380161
1049128
0.1
1921328
1049128
0.1
1938785
1049128
0.1
1554731
1049128
0.1
1559804
1049128
0.1
1433261
1049128
0.1
2269931
1049128
0.1
1711844
1049128
0.1
1647089
1049128
0.1
1537274
1049128
0.1
1659473
1049128
0.1
1624559
1049128
0.1
1502360
1049128
0.1
1607831
1049128
0.1
1519817
1049128
0.1
1629632
1049128
0.1
1868957
1049128
0.1
1432532
1049128
0.1
1729301
1049128
0.1
1694387
1049128
0.1
2048600
1049128
0.1
1327790
1049128
0.1
1362704
1049128
0.1
3702733
1048992
0.1
2130812
1049128
0.1
1781672
1049128
0.1
1699460
1049128
0.1
1537274
1049128
0.1
2165726
1049128
0.1
1380161
1049128
0.1
1554731
1049128
0.1
1642016
1049128
0.1
1676930
1049128
0.1
1572188
1049128
0.1
1484903
1049128
0.1
1625288
1049128
0.1
1624559
1049128
0.1
1572188
1049128
0.1
2665281
1048968
0.1
2192073
1049128
0.1
1502360
1049128
0.1
1380161
1049128
0.1
1467446
1049128
0.1
1694387
1049128
0.1
1519817
1049128
0.1
1432532
1049128
0.1
1589645
1049128
0.1
1886414
1049128
0.1
1449989
1049128
0.1
1659473
1049128
0.1
1449989
1049128
0.1
1380161
1049128
0.1
1432532
1049128
0.1
1449989
1049128
0.1
2941426
1048976
0.1
1694387
1049128
0.1
2551459
1048984
0.1
1851500
1049128
0.1
1711844
1049128
0.1
1554731
1049128
0.1
1624559
1049128
0.1
1575489
1049128
0.1
1537274
1049128
0.1
1886414
1049128
0.1
1327790
1049128
0.1
1362704
1049128
0.1
1380161
1049128
0.1
1502360
1049128
0.1
1467446
1049128
0.1
1537274
1049128
0.1
1956242
1049128
0.1
1310333
1049128
0.1
1502360
1049128
0.1
1642016
1049128
0.1
1554731
1049128
0.1
1397618
1049128
0.1
1502360
1049128
0.1
1467446
1049128
0.1
1607102
1049128
0.1
1764215
1049128
0.1
2931107
1049128
0.1
1589645
1049128
0.1
1554731
1049128
0.1
1659473
1049128
0.1
1677659
1049128
0.1
1572188
1049128
0.1
1938785
1049128
0.1
1903871
1049128
0.1
1554731
1049128
0.1
1729301
1049128
0.1
1694387
1049128
0.1
1561495
1049128
0.1
1589645
1049128
0.1
1380161
1049128
0.1
1415075
1049128
0.1
1537274
1049128
0.1
1554731
1049128
0.1
1397618
1049128
0.1
1502360
1049128
0.1
1345247
1049128
0.1
1552007
1049128
0.1
1467446
1049128
0.1
1449989
1049128
0.1
1694387
1049128
0.1
1415075
1049128
0.1
1502360
1049128
0.1
1572188
1049128
0.1
1380161
1049128
0.1
1537274
1049128
0.1
1362704
1049128
0.1
1502360
1049128
0.1
1449989
1049128
0.1
1484903
1049128
0.1
1537274
1049128
0.1
1694387
1049128
0.1
1537274
1049128
0.1
1589645
1049128
0.1
1867114
1049128
0.1
1659473
1049128
0.1
1519817
1049128
0.1
1484903
1049128
0.1
1694387
1049128
0.1
1572188
1049128
0.1
1607102
1049128
0.1
1690934
1049128
0.1
1572188
1049128
0.1
1502360
1049128
0.1
1380161
1049128
0.1
1484903
1049128
0.1
1397618
1049128
0.1
1607102
1049128
0.1
1345247
1049128
0.1
1467446
1049128
0.1
1694387
1049128
0.1
1380161
1049128
0.1
1484903
1049128
0.1
1362704
1049128
0.1
1956242
1049128
0.1
1432532
1049128
0.1
1415075
1049128
0.1
3020505
1048968
0.1
1886414
1049128
0.1
1746758
1049128
0.1
1450718
1049128
0.1
1676930
1049128
0.1
1607102
1049128
0.1
1711844
1049128
0.1
1624559
1049128
0.1
2934001
1048992
0.1
1781672
1049128
0.1
1956242
1049128
0.1
1659473
1049128
0.1
1938785
1049128
0.1
1589645
1049128
0.1
1886414
1049128
0.1
1694387
1049128
0.1
1554731
1049128
0.1
1676930
1049128
0.1
1634705
1049128
0.1
1589645
1049128
0.1
1729301
1049128
0.1
1467446
1049128
0.1
2274234
1049128
0.1
1572188
1049128
0.1
1362704
1049128
0.1
1484903
1049128
0.1
2369741
1049128
0.1
1345247
1049128
0.1
1459244
1049128
0.1
1362704
1049128
0.1
1363190
1049128
0.1
1746758
1049128
0.1
1764215
1049128
0.1
1484903
1049128
0.1
1415075
1049128
0.1
1467446
1049128
0.1
3332831
1049000
0.1
1659473
1049128
0.1
1921328
1049128
0.1
2873207
1049128
0.1
1537274
1049128
0.1
4304018
1049128
0.1
1677659
1049128
0.1
1642016
1049128
0.1
1704290
1049128
0.1
1729301
1049128
0.1
2705417
1048968
0.1
1956242
1049128
0.1
1781672
1049128
0.1
1589645
1049128
0.1
1676930
1049128
0.1
1432532
1049128
0.1
1694387
1049128
0.1
2499744
1049128
0.1
1607102
1049128
0.1
1415075
1049128
0.1
1484903
1049128
0.1
2511201
1048968
0.1
2078441
1049128
0.1
1991885
1049128
0.1
1240505
1049128
0.1
1310333
1049128
0.1
1310333
1049128
0.1
1240505
1049128
0.1
1310333
1049128
0.1
1467446
1049128
0.1
4082861
1049128
0.1
1756175
1049128
0.1
1554731
1049128
0.1
2188924
1049128
0.1
1519817
1049128
0.1
1467446
1049128
0.1
1415075
1049128
0.1
1572188
1049128
0.1
1310333
1049128
0.1
2324154
1049128
0.1
1380161
1049128
0.1
1449989
1049128
0.1
1449989
1049128
0.1
3321292
1049016
0.1
1694387
1049128
0.1
1554731
1049128
0.1
1834772
1049128
0.1
1659473
1049128
0.1
1607102
1049128
0.1
1607102
1049128
0.1
1746758
1049128
0.1
1484903
1049128
0.1
1633976
1049128
0.1
1764215
1049128
0.1
1572188
1049128
0.1
1572917
1049128
0.1
1502360
1049128
0.1
1694387
1049128
0.1
1484903
1049128
0.1
1572188
1049128
0.1
1834043
1049128
0.1
1467446
1049128
0.1
1624559
1049128
0.1
1589645
1049128
0.1
1607102
1049128
0.1
1642016
1049128
0.1
2026070
1049128
0.1
1345247
1049128
0.1
1621835
1049128
0.1
1694387
1049128
0.1
1886414
1049128
0.1
1624559
1049128
0.1
1449989
1049128
0.1
1467446
1049128
0.1
1345976
1049128
0.1
3294893
1049000
0.1
2095898
1049128
0.1
1502360
1049128
0.1
1484903
1049128
0.1
1770979
1049128
0.1
1721261
1049128
0.1
1834772
1049128
0.1
1676930
1049128
0.1
1729301
1049128
0.1
1572917
1049128
0.1
1612175
1049128
0.1
1449989
1049128
0.1
1589645
1049128
0.1
1781672
1049128
0.1
1769288
1049128
0.1
1607102
1049128
0.1
1642016
1049128
0.1
1711844
1049128
0.1
1607102
1049128
0.1
1969922
1049128
0.1
1519817
1049128
0.1
1502360
1049128
0.1
1589645
1049128
0.1
1781672
1049128
0.1
1651676
1049128
0.1
1711844
1049128
0.1
1449989
1049128
0.1
1956242
1049128
0.1
1639292
1049128
0.1
1572188
1049128
0.1
1537274
1049128
0.1
1607102
1049128
0.1
1432532
1049128
0.1
1327790
1049128
0.1
1748702
1049128
0.1
1415075
1049128
0.1
1642016
1049128
0.1
1781672
1049128
0.1
1432532
1049128
0.1
1734374
1049128
0.1
1484903
1049128
0.1
1915860
1049128
0.1
2127035
1049128
0.1
1572188
1049128
0.1
2218097
1049128
0.1
1624559
1049128
0.1
1607102
1049128
0.1
1835420
1049128
0.1
1468823
1049128
0.1
1764215
1049128
0.1
1519817
1049128
0.1
1764215
1049128
0.1
1502360
1049128
0.1
1432532
1049128
0.1
3240732
1049024
0.1
1834043
1049128
0.1
1327790
1049128
0.1
1432532
1049128
0.1
1390307
1049128
0.1
1659473
1049128
0.1
1956242
1049128
0.1
1554731
1049128
0.1
1624559
1049128
0.1
1607102
1049128
0.1
1665194
1049128
0.1
1642016
1049128
0.1
1694387
1049128
0.1
1624559
1049128
0.1
1572188
1049128
0.1
1634705
1049128
0.1
1680798
1049128
0.1
1696493
1049128
0.1
1660202
1049128
0.1
1607102
1049128
0.1
1642016
1049128
0.1
1973699
1049128
0.1
1523685
1049128
0.1
1572188
1049128
0.1
1415075
1049128
0.1
1397618
1049128
0.1
1519817
1049128
0.1
1327790
1049128
0.1
1624559
1049128
0.1
1394651
1049128
0.1
1706538
1049128
0.1
1415075
1049128
0.1
1659473
1049128
0.1
1432532
1049128
0.1
1415075
1049128
0.1
1603325
1049128
0.1
1572188
1049128
0.1
1499393
1049128
0.1
2270468
1049128
0.1
2380283
1049128
0.1
1315244
1049128
0.1
3862095
1049016
0.1
1781672
1049128
0.1
1700108
1049128
0.1
1694387
1049128
0.1
3328878
1049016
0.1
1764215
1049128
0.1
1624559
1049128
0.1
1589645
1049128
0.1
1659473
1049128
0.1
1699298
1049128
0.1
1537274
1049128
0.1
1572188
1049128
0.1
1868957
1049128
0.1
1362704
1049128
0.1
1380161
1049128
0.1
1377194
1049128
0.1
1380161
1049128
0.1
1746758
1049128
0.1
3388459
1048984
0.1
1851500
1049128
0.1
2043527
1049128
0.1
1983389
1049128
0.1
1816586
1049128
0.1
1572188
1049128
0.1
1572188
1049128
0.1
1433261
1049128
0.1
1711844
1049128
0.1
1589645
1049128
0.1
1868957
1049128
0.1
1467446
1049128
0.1
2890498
1049000
0.1
2060984
1049128
0.1
1332863
1049128
0.1
1415075
1049128
0.1
1292876
1049128
0.1
1432532
1049128
0.1
1407764
1049128
0.1
1345247
1049128
0.1
1415075
1049128
0.1
1345247
1049128
0.1
1397618
1049128
0.1
1397618
1049128
0.1
1327790
1049128
0.1
2577208
1048984
0.1
1961315
1049128
0.1
1805893
1049128
0.1
1537274
1049128
0.1
1589645
1049128
0.1
1746758
1049128
0.1
1561495
1049128
0.1
2908075
1049040
0.1
1799129
1049128
0.1
1991156
1049128
0.1
1519817
1049128
0.1
1729301
1049128
0.1
1572188
1049128
0.1
1613552
1049128
0.1
1659473
1049128
0.1
1643393
1049128
0.1
3119980
1048984
0.1
1746758
1049128
0.1
1676930
1049128
0.1
2471930
1048984
0.1
2224617
1049128
0.1
1519817
1049128
0.1
1467446
1049128
0.1
1449989
1049128
0.1
1327790
1049128
0.1
1362704
1049128
0.1
1468175
1049128
0.1
2001221
1049128
0.1
1659473
1049128
0.1
1757552
1049128
0.1
1956242
1049128
0.1
1589645
1049128
0.1
1729301
1049128
0.1
2410124
1049128
0.1
1310333
1049128
0.1
1350320
1049128
0.1
1467446
1049128
0.1
1362704
1049128
0.1
1292876
1049128
0.1
1345247
1049128
0.1
3138732
1048992
0.1
2022374
1049128
0.1
1729301
1049128
0.1
1729301
1049128
0.1
1903871
1049128
0.1
1484903
1049128
0.1
1380161
1049128
0.1
1484903
1049128
0.1
1397618
1049128
0.1
1380161
1049128
0.1
1467446
1049128
0.1
1519817
1049128
0.1
1415075
1049128
0.1
1519817
1049128
0.1
1519817
1049128
