im-aes128-gcm-8191
1000
08/28/18
0.0
2759152
1048904
0.0
3065200
1048904
0.0
2958440
1048904
0.0
2981216
1048904
0.0
2858312
1048904
0.0
2819280
1048904
0.0
2959760
1048904
0.0
2825824
1048904
0.0
2834120
1048904
0.0
3081960
1048904
0.0
3027968
1048904
0.0
2998840
1048904
0.0
2952480
1048904
0.0
3054984
1048904
0.0
2968664
1048904
0.0
2990488
1048904
0.0
3114728
1048904
0.0
2856408
1048904
0.0
3086248
1048904
0.0
3174928
1048904
0.0
2899232
1048904
0.0
2822272
1048904
0.0
3028344
1048904
0.0
2993096
1048904
0.0
3025696
1048904
0.0
2984288
1048904
0.0
3038784
1048904
0.0
2872440
1048904
0.0
2744224
1048904
0.0
2802816
1048904
0.0
3035712
1048904
0.0
2969840
1048904
0.0
3285968
1048904
0.0
2799072
1048904
0.0
2989616
1048904
0.0
2811488
1048904
0.0
2813400
1048904
0.0
2773056
1048904
0.0
2896328
1048904
0.0
2854240
1048904
0.0
3085392
1048904
0.0
2799920
1048904
0.0
3091024
1048904
0.0
3150928
1048904
0.0
2954920
1048904
0.0
3023632
1048904
0.0
2859080
1048904
0.0
3099592
1048904
0.0
2900872
1048904
0.0
3143440
1048904
0.0
2911168
1048904
0.0
3042080
1048904
0.0
3072080
1048904
0.0
2898344
1048904
0.0
2783392
1048904
0.0
3054704
1048904
0.0
2915928
1048904
0.0
3112504
1048904
0.0
2916112
1048904
0.0
2952432
1048904
0.0
2992640
1048904
0.0
3129704
1048904
0.0
3067024
1048904
0.0
3118288
1048904
0.0
2902152
1048904
0.0
3079480
1048904
0.0
2891640
1048904
0.0
3120272
1048904
0.0
2755448
1048904
0.0
2840392
1048904
0.0
3023544
1048904
0.0
3033440
1048904
0.0
2875792
1048904
0.0
3076584
1048904
0.0
3106704
1048904
0.0
3038272
1048904
0.0
2921224
1048904
0.0
2889712
1048904
0.0
2684704
1048904
0.0
2916088
1048904
0.0
3056056
1048904
0.0
3046480
1048904
0.0
3092472
1048904
0.0
2955248
1048904
0.0
2963224
1048904
0.0
3124616
1048904
0.0
2961152
1048904
0.0
2973736
1048904
0.0
2816264
1048904
0.0
3061568
1048904
0.0
2857552
1048904
0.0
3070504
1048904
0.0
2937152
1048904
0.0
2889704
1048904
0.0
2867960
1048904
0.0
3055048
1048904
0.0
3157888
1048904
0.0
3187264
1048904
0.0
3005192
1048904
0.0
3160656
1048904
0.0
3240872
1048904
0.0
2768912
1048904
0.0
3114984
1048904
0.0
3095656
1048904
0.0
2733584
1048904
0.0
3080768
1048904
0.0
2892064
1048904
0.0
3092872
1048904
0.0
2945808
1048904
0.0
2990008
1048904
0.0
2903736
1048904
0.0
3047312
1048904
0.0
2918792
1048904
0.0
2872248
1048904
0.0
2989704
1048904
0.1
4758256
1048904
0.0
3119200
1048904
0.0
2943072
1048904
0.0
2866472
1048904
0.0
3061520
1048904
0.0
2789264
1048904
0.0
3224192
1048904
0.0
3064600
1048904
0.0
3151720
1048904
0.0
2944856
1048904
0.0
2827920
1048904
0.0
3000000
1048904
0.0
2806320
1048904
0.0
2962624
1048904
0.0
2800680
1048904
0.0
3095656
1048904
0.0
3131192
1048904
0.0
2938488
1048904
0.0
3018504
1048904
0.0
3005760
1048904
0.0
2976584
1048904
0.0
3061032
1048904
0.0
2819416
1048904
0.0
3133304
1048904
0.0
3068472
1048904
0.0
2839936
1048904
0.0
3048776
1048904
0.0
3240040
1048904
0.0
2864600
1048904
0.0
3046272
1048904
0.0
3151088
1048904
0.0
2932040
1048904
0.0
2938328
1048904
0.0
3227088
1048904
0.0
2815864
1048904
0.0
2856360
1048904
0.0
2949464
1048904
0.0
2908616
1048904
0.0
3076640
1048904
0.0
2928224
1048904
0.0
3039736
1048904
0.0
2880936
1048904
0.0
2904600
1048904
0.0
3005760
1048904
0.0
2915352
1048904
0.0
2905008
1048904
0.0
2781704
1048904
0.0
3159616
1048904
0.0
2819216
1048904
0.0
2952048
1048904
0.0
2902912
1048904
0.0
2934248
1048904
0.0
2741504
1048904
0.0
3114600
1048904
0.0
3042280
1048904
0.0
2625120
1048904
0.0
2759912
1048904
0.0
3034872
1048904
0.0
3095080
1048904
0.0
3159368
1048904
0.0
3109016
1048904
0.0
2955272
1048904
0.0
2930008
1048904
0.0
2875184
1048904
0.0
2918840
1048904
0.0
3146336
1048904
0.0
3010680
1048904
0.0
3077784
1048904
0.0
2844256
1048904
0.0
3009784
1048904
0.0
2843224
1048904
0.0
2788736
1048904
0.0
3113408
1048904
0.0
3130528
1048904
0.0
2939904
1048904
0.0
2905088
1048904
0.0
2818416
1048904
0.0
2872136
1048904
0.0
3149856
1048904
0.0
2962992
1048904
0.0
2893304
1048904
0.0
2889544
1048904
0.0
2827760
1048904
0.0
2848008
1048904
0.0
2927168
1048904
0.0
3050144
1048904
0.0
2930024
1048904
0.0
2859472
1048904
0.0
2895680
1048904
0.0
3082376
1048904
0.0
2957600
1048904
0.0
3124616
1048904
0.0
2895304
1048904
0.0
2875144
1048904
0.0
2952096
1048904
0.0
2690384
1048904
0.0
3001864
1048904
0.0
2940920
1048904
0.0
3035344
1048904
0.0
2634224
1048904
0.0
2949880
1048904
0.0
2943088
1048904
0.0
2888048
1048904
0.0
3155400
1048904
0.0
2734432
1048904
0.0
3022792
1048904
0.0
2964208
1048904
0.0
3091192
1048904
0.0
3115928
1048904
0.0
2941392
1048904
0.0
3000208
1048904
0.0
3215384
1048904
0.0
3291760
1048904
0.0
2924264
1048904
0.0
3018192
1048904
0.0
3086968
1048904
0.0
3122384
1048904
0.0
2893680
1048904
0.0
2902656
1048904
0.0
2896240
1048904
0.0
2938808
1048904
0.0
3020400
1048904
0.0
3076840
1048904
0.0
2942576
1048904
0.0
2656536
1048904
0.0
3091720
1048904
0.0
3016456
1048904
0.0
2986016
1048904
0.0
2877664
1048904
0.0
3047984
1048904
0.0
2985064
1048904
0.0
3085112
1048904
0.0
2792240
1048904
0.0
3090904
1048904
0.0
2897272
1048904
0.0
3155648
1048904
0.0
2865432
1048904
0.0
2897136
1048904
0.0
3126848
1048904
0.0
2934368
1048904
0.0
2996360
1048904
0.0
2939536
1048904
0.0
2960328
1048904
0.0
2663160
1048904
0.0
2946488
1048904
0.0
2862328
1048904
0.0
3074312
1048904
0.0
2989504
1048904
0.0
2824344
1048904
0.0
3136480
1048904
0.0
2841744
1048904
0.0
3151088
1048904
0.0
2984632
1048904
0.0
2778888
1048904
0.0
3038352
1048904
0.0
3056608
1048904
0.0
2733384
1048904
0.0
2883960
1048904
0.0
2858376
1048904
0.0
2750600
1048904
0.0
2987592
1048904
0.0
3136736
1048904
0.0
2568688
1048904
0.0
3133304
1048904
0.0
2950392
1048904
0.0
2934096
1048904
0.0
2826368
1048904
0.0
2952024
1048904
0.0
2863296
1048904
0.0
2912368
1048904
0.0
2999096
1048904
0.0
2941544
1048904
0.0
3090240
1048904
0.0
2973080
1048904
0.0
2898888
1048904
0.0
2972776
1048904
0.0
2896480
1048904
0.0
2915480
1048904
0.0
2798104
1048904
0.0
3132232
1048904
0.0
3091848
1048904
0.0
2971904
1048904
0.0
2936752
1048904
0.0
3224368
1048904
0.0
2799064
1048904
0.0
3188608
1048904
0.0
3073936
1048904
0.0
2850744
1048904
0.0
2938872
1048904
0.0
2858448
1048904
0.0
3077944
1048904
0.0
2835064
1048904
0.0
3097640
1048904
0.0
2773792
1048904
0.0
2918008
1048904
0.0
3103432
1048904
0.0
2892472
1048904
0.0
2971280
1048904
0.0
3148288
1048904
0.0
2976000
1048904
0.0
2781736
1048904
0.0
3116552
1048904
0.0
3069968
1048904
0.0
2920440
1048904
0.0
2834664
1048904
0.0
2987720
1048904
0.0
3258328
1048904
0.0
3283480
1048904
0.0
3009152
1048904
0.0
2895144
1048904
0.0
2964328
1048904
0.0
3071416
1048904
0.0
2831928
1048904
0.0
2755920
1048904
0.0
2938640
1048904
0.0
3128576
1048904
0.0
2961272
1048904
0.0
2904976
1048904
0.0
2985680
1048904
0.0
2810472
1048904
0.0
2877880
1048904
0.0
3003536
1048904
0.0
2895288
1048904
0.0
2871920
1048904
0.0
3144064
1048904
0.0
2952064
1048904
0.0
2986616
1048904
0.0
2975656
1048904
0.0
3029904
1048904
0.0
3173224
1048904
0.0
2905264
1048904
0.0
3063912
1048904
0.0
3115400
1048904
0.0
2773016
1048904
0.0
2903264
1048904
0.0
3171328
1048904
0.0
2865408
1048904
0.0
2877712
1048904
0.0
2898400
1048904
0.0
2867640
1048904
0.0
2975352
1048904
0.0
2691032
1048904
0.0
3031080
1048904
0.0
2588784
1048904
0.0
3094376
1048904
0.0
2961584
1048904
0.0
3130408
1048904
0.0
2752744
1048904
0.0
3020976
1048904
0.0
2951312
1048904
0.0
3073024
1048904
0.0
3012000
1048904
0.0
2855984
1048904
0.0
2903088
1048904
0.0
2925896
1048904
0.0
2933488
1048904
0.0
3046552
1048904
0.0
2780336
1048904
0.0
3149856
1048904
0.0
3013456
1048904
0.0
3163472
1048904
0.0
3147120
1048904
0.0
2758688
1048904
0.0
2948056
1048904
0.0
2994368
1048904
0.0
2882168
1048904
0.0
2957968
1048904
0.0
3003896
1048904
0.0
2967032
1048904
0.0
2983952
1048904
0.0
2957696
1048904
0.0
2833896
1048904
0.0
3038112
1048904
0.0
2915416
1048904
0.0
2899136
1048904
0.0
2803640
1048904
0.0
3063640
1048904
0.0
3126568
1048904
0.0
2937280
1048904
0.0
2929272
1048904
0.0
3163424
1048904
0.0
2996240
1048904
0.0
2901528
1048904
0.0
3130832
1048904
0.0
3156848
1048904
0.0
2795592
1048904
0.0
2983040
1048904
0.0
3035344
1048904
0.0
2992968
1048904
0.0
2849952
1048904
0.0
2821432
1048904
0.0
3008520
1048904
0.0
2795688
1048904
0.0
2808624
1048904
0.0
3137400
1048904
0.0
2987648
1048904
0.0
2890184
1048904
0.0
2805520
1048904
0.0
3211464
1048904
0.0
2938024
1048904
0.0
2826352
1048904
0.0
3072864
1048904
0.0
2825432
1048904
0.0
3080056
1048904
0.0
3014488
1048904
0.0
2956408
1048904
0.0
2956488
1048904
0.0
3117160
1048904
0.0
3153416
1048904
0.0
2879656
1048904
0.0
3064336
1048904
0.0
3210672
1048904
0.0
2996488
1048904
0.0
2811080
1048904
0.0
2814896
1048904
0.0
3004176
1048904
0.0
2885560
1048904
0.0
3031280
1048904
0.0
2937280
1048904
0.0
2924360
1048904
0.0
2901224
1048904
0.0
2734640
1048904
0.0
2622104
1048904
0.0
2935056
1048904
0.0
2697448
1048904
0.0
3120272
1048904
0.0
2840176
1048904
0.0
3070920
1048904
0.0
2816224
1048904
0.0
2895384
1048904
0.0
2926728
1048904
0.0
2979656
1048904
0.0
3075392
1048904
0.0
2985576
1048904
0.0
2696480
1048904
0.0
2746120
1048904
0.0
2954496
1048904
0.0
3100000
1048904
0.0
3115928
1048904
0.0
3009040
1048904
0.0
2843056
1048904
0.0
2844344
1048904
0.0
2979352
1048904
0.0
2875544
1048904
0.0
2863808
1048904
0.0
2597488
1048904
0.0
2825728
1048904
0.0
2953288
1048904
0.0
2700104
1048904
0.0
2796816
1048904
0.0
2879368
1048904
0.0
2959472
1048904
0.0
3043984
1048904
0.0
2922640
1048904
0.0
2903392
1048904
0.0
2881968
1048904
0.0
2898344
1048904
0.0
2932080
1048904
0.0
2936272
1048904
0.0
3153576
1048904
0.0
3022792
1048904
0.0
2789224
1048904
0.0
3078504
1048904
0.0
3013736
1048904
0.0
2829368
1048904
0.0
2900248
1048904
0.0
2867200
1048904
0.0
3216464
1048904
0.0
3105504
1048904
0.0
3044976
1048904
0.0
2800488
1048904
0.0
2946384
1048904
0.0
2773392
1048904
0.0
3012584
1048904
0.0
2886848
1048904
0.0
2956064
1048904
0.0
3063688
1048904
0.0
3120584
1048904
0.0
3019696
1048904
0.0
2819768
1048904
0.0
2975384
1048904
0.0
3046752
1048904
0.0
3214888
1048904
0.0
2935800
1048904
0.0
2931320
1048904
0.0
2845016
1048904
0.0
3003768
1048904
0.0
3093672
1048904
0.0
2955888
1048904
0.0
3148160
1048904
0.0
3077216
1048904
0.0
2892280
1048904
0.0
2959496
1048904
0.0
2881680
1048904
0.0
3015896
1048904
0.0
3124208
1048904
0.0
3046672
1048904
0.0
2877040
1048904
0.0
3135168
1048904
0.0
2958968
1048904
0.0
3052712
1048904
0.0
2986512
1048904
0.0
2954264
1048904
0.0
2961336
1048904
0.0
2836528
1048904
0.0
2828520
1048904
0.0
2852064
1048904
0.0
2953952
1048904
0.0
2897672
1048904
0.0
2797848
1048904
0.0
2723080
1048904
0.0
2787576
1048904
0.0
2887056
1048904
0.0
2710352
1048904
0.0
3036288
1048904
0.0
2944400
1048904
0.0
2834848
1048904
0.0
3087904
1048904
0.0
3002520
1048904
0.0
2939472
1048904
0.0
3170472
1048904
0.0
2975056
1048904
0.0
2720832
1048904
0.0
3038104
1048904
0.0
2887512
1048904
0.0
2816672
1048904
0.0
2816296
1048904
0.0
2990576
1048904
0.0
2864296
1048904
0.0
3077208
1048904
0.0
2932424
1048904
0.0
3073744
1048904
0.0
3172936
1048904
0.0
2962232
1048904
0.0
2954608
1048904
0.0
3220560
1048904
0.0
3016456
1048904
0.0
2862552
1048904
0.0
3101696
1048904
0.0
3060688
1048904
0.0
2761672
1048904
0.0
3003232
1048904
0.0
3144104
1048904
0.0
2981464
1048904
0.0
2862560
1048904
0.0
3007080
1048904
0.0
2811320
1048904
0.0
2753952
1048904
0.0
3046992
1048904
0.0
2845632
1048904
0.0
2830464
1048904
0.0
2859136
1048904
0.0
2646320
1048904
0.0
3032728
1048904
0.0
3030240
1048904
0.0
3044816
1048904
0.0
2903600
1048904
0.0
2850448
1048904
0.0
2765000
1048904
0.0
3054776
1048904
0.0
2871208
1048904
0.0
3016520
1048904
0.0
2932880
1048904
0.0
2981056
1048904
0.0
2813176
1048904
0.0
3053000
1048904
0.0
2712400
1048904
0.0
3178192
1048904
0.0
2991856
1048904
0.0
2870080
1048904
0.0
2824112
1048904
0.0
2816896
1048904
0.0
2976000
1048904
0.0
2853368
1048904
0.0
2846056
1048904
0.0
3034136
1048904
0.0
2875336
1048904
0.0
2906552
1048904
0.0
2847224
1048904
0.0
2979872
1048904
0.0
2773280
1048904
0.0
2885936
1048904
0.0
3137104
1048904
0.0
2719520
1048904
0.0
2776752
1048904
0.0
2869176
1048904
0.0
3003184
1048904
0.0
2807328
1048904
0.0
2987592
1048904
0.0
2667112
1048904
0.0
2922808
1048904
0.0
2894832
1048904
0.0
3093288
1048904
0.0
2934720
1048904
0.0
3046800
1048904
0.0
3031032
1048904
0.0
2896528
1048904
0.0
3075632
1048904
0.0
2876568
1048904
0.0
3093144
1048904
0.0
2823656
1048904
0.0
3100536
1048904
0.0
3092552
1048904
0.0
2989008
1048904
0.0
3010016
1048904
0.0
2865744
1048904
0.0
3139504
1048904
0.0
2922160
1048904
0.0
2816264
1048904
0.0
2697320
1048904
0.0
2870584
1048904
0.0
2966120
1048904
0.0
2898488
1048904
0.0
2846672
1048904
0.0
3074312
1048904
0.0
2853120
1048904
0.0
2872552
1048904
0.0
2931496
1048904
0.0
3001824
1048904
0.0
2915304
1048904
0.0
2889784
1048904
0.0
2906112
1048904
0.0
2680744
1048904
0.0
2942616
1048904
0.0
3118696
1048904
0.0
3178192
1048904
0.0
2850272
1048904
0.0
3084400
1048904
0.0
2788720
1048904
0.0
2897688
1048904
0.0
3030744
1048904
0.0
2817128
1048904
0.0
2809096
1048904
0.0
3080768
1048904
0.0
2873696
1048904
0.0
3130784
1048904
0.0
3023912
1048904
0.0
2961424
1048904
0.0
3123040
1048904
0.0
3127512
1048904
0.0
2942496
1048904
0.0
3044432
1048904
0.0
2820832
1048904
0.0
3006736
1048904
0.0
2833336
1048904
0.0
3014032
1048904
0.0
3024840
1048904
0.0
2903128
1048904
0.0
2876112
1048904
0.0
3179512
1048904
0.0
2960904
1048904
0.0
2872168
1048904
0.0
3210672
1048904
0.0
2909352
1048904
0.0
3003664
1048904
0.0
3086848
1048904
0.0
3056688
1048904
0.0
2858936
1048904
0.0
2974808
1048904
0.0
2943928
1048904
0.0
2945400
1048904
0.0
2697776
1048904
0.0
3080640
1048904
0.0
3132064
1048904
0.0
3020976
1048904
0.0
2915352
1048904
0.0
2977896
1048904
0.0
3021808
1048904
0.0
2929304
1048904
0.0
2792872
1048904
0.0
3071448
1048904
0.0
3071416
1048904
0.0
3146536
1048904
0.0
2689192
1048904
0.0
3072952
1048904
0.0
2749688
1048904
0.0
2908912
1048904
0.0
3075712
1048904
0.0
2817584
1048904
0.0
2805936
1048904
0.0
2886232
1048904
0.0
3074784
1048904
0.0
2790992
1048904
0.0
3028136
1048904
0.0
2855816
1048904
0.0
2969136
1048904
0.0
2969472
1048904
0.0
3102136
1048904
0.0
2988704
1048904
0.0
2793552
1048904
0.0
2748040
1048904
0.0
2873480
1048904
0.0
3142400
1048904
0.0
3104456
1048904
0.0
2882360
1048904
0.0
2809632
1048904
0.0
3076832
1048904
0.0
3047704
1048904
0.0
3032320
1048904
0.0
2898272
1048904
0.0
3018768
1048904
0.0
2840984
1048904
0.0
3067856
1048904
0.0
2852600
1048904
0.0
2830440
1048904
0.0
2984280
1048904
0.0
3008632
1048904
0.0
2950512
1048904
0.0
2888192
1048904
0.0
3094320
1048904
0.0
2847568
1048904
0.0
2884416
1048904
0.0
2771040
1048904
0.0
2843400
1048904
0.0
3018248
1048904
0.0
2935912
1048904
0.0
3088248
1048904
0.0
3110136
1048904
0.0
3019224
1048904
0.0
2817416
1048904
0.0
3012048
1048904
0.0
3070000
1048904
0.0
2853968
1048904
0.0
3092760
1048904
0.0
3130944
1048904
0.0
3124992
1048904
0.0
2923208
1048904
0.0
3110640
1048904
0.0
2841744
1048904
0.0
3142904
1048904
0.0
3100328
1048904
0.0
3124992
1048904
0.0
2877624
1048904
0.0
2831856
1048904
0.0
3139216
1048904
0.0
2985752
1048904
0.0
3116464
1048904
0.0
3037784
1048904
0.0
2923352
1048904
0.0
2932600
1048904
0.0
2878656
1048904
0.0
3005880
1048904
0.0
3119736
1048904
0.0
3136608
1048904
0.0
2922408
1048904
0.0
2917968
1048904
0.0
3017000
1048904
0.0
2866448
1048904
0.0
2923896
1048904
0.0
3127344
1048904
0.0
3064208
1048904
0.0
3043648
1048904
0.0
3057552
1048904
0.0
3030288
1048904
0.0
3048400
1048904
0.0
2752800
1048904
0.0
2690488
1048904
0.0
2696696
1048904
0.0
2881648
1048904
0.0
2870104
1048904
0.0
2798288
1048904
0.0
3041048
1048904
0.0
3160928
1048904
0.0
2927592
1048904
0.0
2977448
1048904
0.0
2726008
1048904
0.0
2962592
1048904
0.0
3130880
1048904
0.0
2808600
1048904
0.0
3083032
1048904
0.0
2887808
1048904
0.0
2709976
1048904
0.0
2753536
1048904
0.0
2894784
1048904
0.0
2761312
1048904
0.0
3117752
1048904
0.0
2922352
1048904
0.0
2983824
1048904
0.0
2879784
1048904
0.0
2806080
1048904
0.0
3070512
1048904
0.0
2841368
1048904
0.0
3098928
1048904
0.0
3053864
1048904
0.0
2995776
1048904
0.0
2995248
1048904
0.0
3007880
1048904
0.0
2825552
1048904
0.0
2858960
1048904
0.0
3100376
1048904
0.0
3017792
1048904
0.0
2921296
1048904
0.0
3088960
1048904
0.0
2951440
1048904
0.0
2718608
1048904
0.0
3027896
1048904
0.0
2900760
1048904
0.0
2860256
1048904
0.0
3194368
1048904
0.0
2754080
1048904
0.0
3038520
1048904
0.0
3091688
1048904
0.0
2948664
1048904
0.0
3058912
1048904
0.0
3099088
1048904
0.0
3017128
1048904
0.0
2949712
1048904
0.0
2788176
1048904
0.0
3131312
1048904
0.0
2949400
1048904
0.0
2817904
1048904
0.0
2868184
1048904
0.0
2975880
1048904
0.0
2853888
1048904
0.0
3081424
1048904
0.0
2921272
1048904
0.0
2943288
1048904
0.0
3126280
1048904
0.0
2801200
1048904
0.0
2973936
1048904
0.0
2909576
1048904
0.0
2730056
1048904
0.0
3013576
1048904
0.0
3136568
1048904
0.0
3007248
1048904
0.0
3039960
1048904
0.0
3043208
1048904
0.0
2892600
1048904
0.0
3130744
1048904
0.0
2936576
1048904
0.0
3127512
1048904
0.0
2805032
1048904
0.0
2895480
1048904
0.0
2842448
1048904
0.0
2951400
1048904
0.0
2907912
1048904
0.0
3134624
1048904
0.0
2887048
1048904
0.0
3094016
1048904
0.0
2699864
1048904
0.0
3098392
1048904
0.0
2840632
1048904
0.0
3121720
1048904
0.0
3033928
1048904
0.0
2752096
1048904
0.0
2984536
1048904
0.0
3043904
1048904
0.0
2937520
1048904
0.0
3007720
1048904
0.0
2935328
1048904
0.0
2779960
1048904
0.0
2822880
1048904
0.0
2985360
1048904
0.0
2952488
1048904
0.0
2950112
1048904
0.0
2893752
1048904
0.0
3190024
1048904
0.0
2877064
1048904
0.0
3156344
1048904
0.0
2846464
1048904
0.0
2673616
1048904
0.0
2985808
1048904
0.0
2906296
1048904
0.0
3012208
1048904
0.0
2894592
1048904
0.0
3009848
1048904
0.0
2859632
1048904
0.0
3113440
1048904
0.0
3055896
1048904
0.0
2852032
1048904
0.0
2963344
1048904
0.0
3071376
1048904
0.0
3074720
1048904
0.0
3023000
1048904
0.0
2876088
1048904
0.0
2743320
1048904
0.0
2923136
1048904
0.0
2843592
1048904
0.0
2831464
1048904
0.0
3014944
1048904
0.0
2935056
1048904
0.0
2817600
1048904
0.0
2984000
1048904
0.0
2829136
1048904
0.0
3008656
1048904
0.0
2911048
1048904
0.0
2791896
1048904
0.0
3061016
1048904
0.0
3080968
1048904
0.0
3039096
1048904
0.0
2780784
1048904
0.0
2866912
1048904
0.0
3075472
1048904
0.0
3068912
1048904
0.1
3545160
1048904
0.0
2983720
1048904
0.0
3052840
1048904
0.0
3161480
1048904
0.0
2906120
1048904
0.0
2777976
1048904
0.0
2865320
1048904
0.0
2983040
1048904
0.0
3015008
1048904
0.0
2950032
1048904
0.0
2669232
1048904
0.0
3024864
1048904
0.0
2997376
1048904
0.0
2930776
1048904
0.0
2690936
1048904
0.0
2936096
1048904
0.0
3137936
1048904
0.0
3078944
1048904
0.1
3359128
1048904
0.0
2793464
1048904
0.0
3143688
1048904
0.0
3165360
1048904
0.0
2767872
1048904
0.0
2933360
1048904
0.0
3088664
1048904
0.0
3074720
1048904
0.0
2904432
1048904
0.0
2908576
1048904
0.0
2843080
1048904
0.0
2970104
1048904
0.0
2886320
1048904
0.0
2977960
1048904
0.0
3019240
1048904
0.0
2911296
1048904
0.0
3067072
1048904
0.0
2739376
1048904
0.0
2829072
1048904
0.0
2793168
1048904
0.0
2949920
1048904
0.0
3109472
1048904
0.0
2863936
1048904
0.0
2829712
1048904
0.0
2947696
1048904
0.0
2830096
1048904
0.0
3174592
1048904
0.0
2962568
1048904
0.0
2955512
1048904
0.0
2870584
1048904
0.0
3072488
1048904
0.0
3012416
1048904
0.0
3062224
1048904
0.0
2946712
1048904
0.0
2848752
1048904
0.0
3000136
1048904
0.0
2950088
1048904
0.0
3055360
1048904
0.0
2973664
1048904
0.0
3180016
1048904
0.0
3045352
1048904
0.0
3074264
1048904
0.0
2981848
1048904
0.0
2832296
1048904
0.0
2827016
1048904
0.0
3069064
1048904
0.0
3253304
1048904
0.0
2970136
1048904
0.0
2903336
1048904
0.0
3013320
1048904
0.0
2893080
1048904
0.0
3120384
1048904
0.0
3087344
1048904
0.0
3082416
1048904
0.0
2952632
1048904
0.0
2879616
1048904
0.0
2894296
1048904
0.0
2736200
1048904
0.0
2883336
1048904
0.0
3061280
1048904
0.0
3033312
1048904
0.0
2776064
1048904
0.0
3065824
1048904
0.0
2888696
1048904
0.0
2877688
1048904
0.0
3090240
1048904
0.0
3001760
1048904
0.0
2860360
1048904
0.0
2867648
1048904
0.0
2777776
1048904
0.0
3113816
1048904
0.0
2982544
1048904
0.0
2824528
1048904
