im-chacha-poly-1023
1000
08/28/18
0.1
3510504
1049048
0.1
2414440
1048944
0.1
3848024
1049040
0.1
4020744
1049128
0.1
3580792
1049000
0.1
2601040
1049128
0.1
2694912
1048968
0.1
3065968
1049008
0.1
2972320
1049128
0.1
3769680
1049128
0.1
2601040
1049128
0.1
3041840
1049128
0.1
2970744
1049128
0.1
2724800
1049128
0.1
2685152
1048968
0.1
3487328
1049032
0.1
2512640
1049128
0.1
2583360
1049128
0.1
2052960
1049128
0.1
3808424
1049128
0.1
2548000
1049128
0.1
3628984
1049032
0.1
3882616
1049128
0.1
2934816
1049128
0.1
2795520
1049128
0.1
2017600
1049128
0.1
4443568
1049128
0.1
3398912
1049128
0.1
3347048
1049128
0.1
3212480
1049128
0.1
2424240
1049128
0.1
2077416
1049128
0.1
1681680
1049128
0.1
1929200
1049128
0.1
3361304
1048992
0.1
3149352
1049128
0.1
2583360
1049128
0.1
2813200
1049128
0.1
2581600
1048968
0.1
4244224
1049128
0.1
2706416
1049128
0.1
2980760
1049128
0.1
3668592
1049024
0.1
2724800
1049128
0.1
2678536
1049128
0.1
2353520
1049128
0.1
3309400
1049128
0.1
2873016
1049128
0.1
3083768
1048984
0.1
3744960
1049128
0.1
2504424
1048968
0.1
4179720
1049128
0.1
2678536
1049128
0.1
3290800
1048976
0.1
3087320
1049128
0.1
2494960
1049128
0.1
2757312
1048960
0.1
4112360
1049096
0.1
4542896
1049128
0.1
3049232
1049128
0.1
2830880
1049128
0.1
2088320
1049128
0.1
1964560
1049128
0.1
1840800
1049128
0.1
3259720
1049128
0.1
3255200
1049128
0.1
1971336
1049128
0.1
3177344
1049128
0.1
3977576
1049128
0.1
2569584
1048968
0.1
4191000
1049128
0.1
2482808
1048968
0.1
3888968
1049080
0.1
2830880
1049128
0.1
2388880
1049128
0.1
4183088
1049112
0.1
2671760
1049128
0.1
2388880
1049128
0.1
4074280
1049128
0.1
2548000
1049128
0.1
4220512
1049128
0.1
3091160
1049128
0.1
2553488
1048968
0.1
3390608
1049048
0.1
2937280
1049128
0.1
3846040
1049128
0.1
2689440
1049128
0.1
2459600
1049128
0.1
4596536
1049088
0.1
2590136
1049128
0.1
1787760
1049128
0.1
1717040
1049128
0.1
4201496
1049104
0.1
2477280
1049128
0.1
2940944
1049000
0.1
3356592
1049128
0.1
2795520
1049128
0.1
2636400
1049128
0.1
2548000
1049128
0.1
3474480
1049024
0.1
2866240
1049128
0.1
2548000
1049128
0.1
3003736
1048976
0.1
3876536
1049128
0.1
2696216
1049128
0.1
2052960
1049128
0.1
2981472
1049128
0.1
3330944
1049128
0.1
3893152
1049128
0.1
3899704
1049128
0.1
4187984
1049104
0.1
4145320
1049128
0.1
2654080
1049128
0.1
2724800
1049128
0.1
3181328
1049128
0.1
2406560
1049128
0.1
3476528
1049128
0.1
3400704
1049128
0.1
2601040
1049128
0.1
2671760
1049128
0.1
2280584
1048944
0.1
4081168
1049128
0.1
2972320
1049128
0.1
1999920
1049128
0.1
2194400
1049128
0.1
3922368
1049128
0.1
3201960
1049128
0.1
2194400
1049128
0.1
3550368
1049128
0.1
3182640
1049128
0.1
3817208
1049128
0.1
4058704
1049128
0.1
2532584
1048952
0.1
4165240
1049128
0.1
2607816
1049128
0.1
2194400
1049128
0.1
1752400
1049128
0.1
3024448
1048968
0.1
4379176
1049128
0.1
3974184
1049104
0.1
2585944
1048968
0.1
3910840
1049064
0.1
2643176
1049128
0.1
2760160
1049128
0.1
3341936
1049128
0.1
2811592
1049128
0.1
2548000
1049128
0.1
3522144
1049128
0.1
2919280
1049128
0.1
2324232
1048968
0.1
3900624
1049056
0.1
3782312
1049064
0.1
4252064
1049128
0.1
2654080
1049128
0.1
3397136
1049008
0.1
3311776
1049128
0.1
2830880
1049128
0.1
2660856
1049128
0.1
2633280
1048968
0.1
2747128
1048968
0.1
2541056
1048968
0.1
3675960
1049128
0.1
2565680
1049128
0.1
2607816
1049128
0.1
2035280
1049128
0.1
2042056
1049128
0.1
4405792
1049104
0.1
2548000
1049128
0.1
2246496
1049128
0.1
2954640
1049128
0.1
2459600
1049128
0.1
3007680
1049128
0.1
4104376
1049128
0.1
3620408
1049040
0.1
2535040
1049128
0.1
3086288
1049128
0.1
2176720
1049128
0.1
2247440
1049128
0.1
2758336
1048968
0.1
4194968
1049128
0.1
2477280
1049128
0.1
2768520
1048968
0.1
4171816
1049080
0.1
2742480
1049128
0.1
2760160
1049128
0.1
2551048
1048960
0.1
4540360
1049088
0.1
2554776
1049128
0.1
2590136
1049128
0.1
1699360
1049128
0.1
1787760
1049128
0.1
2592480
1048968
0.1
4310648
1049128
0.1
2607816
1049128
0.1
2617392
1049128
0.1
3870640
1049128
0.1
3335688
1049000
0.1
3394864
1049128
0.1
2689616
1048944
0.1
3331240
1049016
0.1
3074680
1049128
0.1
2353520
1049128
0.1
2229760
1049128
0.1
1823120
1049128
0.1
2975216
1048968
0.1
3980296
1049072
0.1
2838384
1049128
0.1
3545824
1049128
0.1
2530320
1049128
0.1
2176720
1049128
0.1
2512640
1049128
0.1
3862216
1049056
0.1
3552040
1049128
0.1
2802296
1049128
0.1
4160080
1049088
0.1
2724800
1049128
0.1
2123680
1049128
0.1
2882160
1048960
0.1
2593208
1048976
0.1
2558480
1048960
0.1
3316112
1049128
0.1
2176720
1049128
0.1
2530320
1049128
0.1
3912208
1049128
0.1
2934152
1048992
0.1
4122192
1049040
0.1
2854832
1049128
0.1
3793016
1049128
0.1
2748888
1048968
0.1
4200160
1049128
0.1
2654080
1049128
0.1
2212080
1049128
0.1
2618720
1049128
0.1
1964560
1049128
0.1
2546392
1049128
0.1
2388880
1049128
0.1
3489024
1049128
0.1
2388880
1049128
0.1
2466376
1049128
0.1
3427568
1049128
0.1
2489944
1049008
0.1
4302584
1049128
0.1
2494960
1049128
0.1
2998064
1049128
0.1
3393168
1049128
0.1
3836744
1049128
0.1
2727680
1048968
0.1
3227360
1048984
0.1
3664048
1049128
0.1
2353520
1049128
0.1
3425016
1049024
0.1
2686456
1048944
0.1
3027904
1048976
0.1
3664456
1049128
0.1
2353520
1049128
0.1
2371200
1049128
0.1
3541736
1049128
0.1
3298992
1049024
0.1
3096080
1049128
0.1
3958672
1049048
0.1
3626208
1049128
0.1
3721888
1049128
0.1
2707120
1049128
0.1
3141848
1049128
0.1
2682960
1048944
0.1
4065408
1049128
0.1
2637424
1048968
0.1
4114424
1049128
0.1
3265960
1049128
0.1
4030912
1049128
0.1
2866240
1049128
0.1
2335840
1049128
0.1
2088320
1049128
0.1
2995176
1048992
0.1
3119120
1049128
0.1
2724800
1049128
0.1
1787760
1049128
0.1
2583360
1049128
0.1
2689440
1049128
0.1
2349984
1048936
0.1
3683312
1049056
0.1
2831680
1049128
0.1
3890280
1049128
0.1
3664456
1049128
0.1
2636400
1049128
0.1
2618720
1049128
0.1
2696216
1049128
0.1
3881056
1049128
0.1
2968240
1049128
0.1
2755360
1048944
0.1
4143144
1049128
0.1
2578384
1048944
0.1
3090888
1048976
0.1
3829680
1049128
0.1
2795520
1049128
0.1
3701440
1049128
0.1
2484056
1049128
0.1
2070640
1049128
0.1
2229760
1049128
0.1
2548000
1049128
0.1
3872568
1049128
0.1
3900048
1049128
0.1
3530320
1049128
0.1
2643176
1049128
0.1
2991088
1048968
0.1
4691056
1049112
0.1
2890688
1049128
0.1
3711800
1049080
0.1
2671760
1049128
0.1
2741408
1049128
0.1
3519408
1048984
0.1
3058360
1049128
0.1
3913760
1049128
0.1
4415992
1049128
0.1
3343600
1049128
0.1
2229760
1049128
0.1
1717040
1049128
0.1
4039376
1049128
0.1
2371200
1049128
0.1
3649080
1049128
0.1
2554776
1049128
0.1
2822016
1048960
0.1
2745376
1048968
0.1
2619480
1048968
0.1
2628432
1048984
0.1
2830880
1049128
0.1
2724800
1049128
0.1
2212080
1049128
0.1
2673888
1049128
0.1
3591888
1049064
0.1
3484320
1049128
0.1
2592320
1048968
0.1
4346584
1049128
0.1
2724800
1049128
0.1
3432336
1049128
0.1
2670688
1049128
0.1
2423168
1049128
0.1
2424240
1049128
0.1
3676232
1049128
0.1
3444592
1049048
0.1
2794016
1048968
0.1
2748656
1048976
0.1
3646264
1049128
0.1
2774648
1048960
0.1
4381048
1049104
0.1
2773232
1049128
0.1
2512640
1049128
0.1
3279320
1049008
0.1
4403904
1049128
0.1
4029728
1049064
0.1
4074272
1049064
0.1
3263576
1049128
0.1
2424240
1049128
0.1
2494960
1049128
0.1
3677840
1049056
0.1
2699680
1049128
0.1
2512640
1049128
0.1
2935888
1049128
0.1
3206608
1049128
0.1
3146040
1048984
0.1
4096584
1049032
0.1
2671760
1049128
0.1
2924912
1049128
0.1
3382440
1049128
0.1
3294144
1049128
0.1
4146184
1049112
0.1
2731576
1049128
0.1
1876160
1049128
0.1
3475632
1049024
0.1
3293584
1049128
0.1
2644912
1049128
0.1
2830608
1049128
0.1
1628640
1049128
0.1
2848560
1049128
0.1
3448968
1049128
0.1
3735840
1049128
0.1
3924512
1049128
0.1
2035280
1049128
0.1
3099120
1049128
0.1
2848560
1049128
0.1
2335840
1049128
0.1
2675632
1049128
0.1
2571032
1048968
0.1
3439704
1049056
0.1
2907720
1049008
0.1
3656512
1049128
0.1
2914992
1048968
0.1
2699608
1048968
0.1
3090168
1049008
0.1
3373912
1049128
0.1
2643176
1049128
0.1
4328984
1049128
0.1
4130488
1049088
0.1
2505552
1048944
0.1
4039392
1049048
0.1
3484488
1049128
0.1
2948656
1048952
0.1
4396776
1049128
0.1
2811888
1048976
0.1
3691264
1049056
0.1
3524544
1049128
0.1
1964560
1049128
0.1
2707072
1048960
0.1
3995568
1049128
0.1
3815504
1049128
0.1
3612840
1049128
0.1
2530320
1049128
0.1
1929200
1049128
0.1
2558976
1048944
0.1
3622512
1049000
0.1
2512640
1049128
0.1
3043328
1049128
0.1
2618720
1049128
0.1
1840800
1049128
0.1
3332080
1049128
0.1
4065424
1049128
0.1
2471456
1048960
0.1
3624928
1049128
0.1
2830880
1049128
0.1
3634608
1049128
0.1
2424240
1049128
0.1
1882936
1049128
0.1
2657184
1048968
0.1
2794888
1048944
0.1
4328584
1049128
0.1
2530320
1049128
0.1
2671760
1049128
0.1
2586176
1048968
0.1
2580672
1048968
0.1
4127456
1049128
0.1
2853008
1049128
0.1
2896480
1049128
0.1
4138344
1049104
0.1
4088960
1049128
0.1
2760160
1049128
0.1
2587392
1048968
0.1
3797384
1049024
0.1
3557664
1049008
0.1
2742480
1049128
0.1
2814728
1049000
0.1
3737192
1049080
0.1
2724800
1049128
0.1
3161720
1049128
0.1
2360296
1049128
0.1
3698680
1049048
0.1
2530320
1049128
0.1
3369176
1049128
0.1
1876160
1049128
0.1
3919632
1049096
0.1
2679872
1048960
0.1
4270888
1049096
0.1
3231680
1049128
0.1
2874752
1049128
0.1
2141360
1049128
0.1
2123680
1049128
0.1
2695664
1048968
0.1
3150040
1049128
0.1
3304560
1049128
0.1
3209392
1049128
0.1
3460072
1049128
0.1
2805544
1048976
0.1
3930256
1049056
0.1
2936960
1049128
0.1
2088320
1049128
0.1
3043040
1049128
0.1
2890520
1049000
0.1
3709040
1049056
0.1
3965544
1049056
0.1
2723728
1049128
0.1
1946880
1049128
0.1
4086112
1049128
0.1
2176720
1049128
0.1
2863720
1048968
0.1
2558952
1048968
0.1
2524112
1048968
0.1
3673080
1049016
0.1
2625496
1049128
0.1
2866240
1049128
0.1
2300480
1049128
0.1
3043040
1049128
0.1
1787760
1049128
0.1
2630616
1048944
0.1
4266600
1049128
0.1
2724800
1049128
0.1
2335840
1049128
0.1
2159040
1049128
0.1
1876160
1049128
0.1
1999920
1049128
0.1
1964560
1049128
0.1
2813800
1049000
0.1
3888072
1049128
0.1
2802296
1049128
0.1
2972320
1049128
0.1
3486160
1049128
0.1
2680280
1048944
0.1
4559480
1049088
0.1
2586528
1048968
0.1
2547240
1048936
0.1
3831968
1049064
0.1
2388880
1049128
0.1
2832472
1048968
0.1
3817688
1049128
0.1
2459600
1049128
0.1
4374432
1049128
0.1
2724800
1049128
0.1
3909552
1049128
0.1
3243512
1049128
0.1
2388880
1049128
0.1
2908376
1049128
0.1
2883920
1049128
0.1
2551456
1048952
0.1
4143504
1049128
0.1
2639736
1049128
0.1
2794448
1049128
0.1
2671760
1049128
0.1
2671760
1049128
0.1
2618720
1049128
0.1
1964560
1049128
0.1
2698392
1048968
0.1
3667632
1049040
0.1
2774032
1049128
0.1
2854744
1048952
0.1
4013312
1049128
0.1
3612432
1049024
0.1
2572456
1049128
0.1
2777840
1049128
0.1
4005120
1049072
0.1
2707120
1049128
0.1
4046584
1049096
0.1
2707120
1049128
0.1
2901600
1049128
0.1
1823120
1049128
0.1
4223872
1049128
0.1
2654080
1049128
0.1
2006696
1049128
0.1
1717040
1049128
0.1
4170752
1049128
0.1
2512640
1049128
0.1
2654080
1049128
0.1
2862632
1048968
0.1
3584344
1049040
0.1
3389280
1049016
0.1
3796952
1049128
0.1
2458528
1049128
0.1
2667936
1049128
0.1
3992912
1049128
0.1
2901600
1049128
0.1
2565680
1049128
0.1
2526816
1048976
0.1
2897016
1048968
0.1
2779728
1048968
0.1
3195600
1049016
0.1
4821224
1049128
0.1
3263240
1049080
0.1
2968752
1049128
0.1
2813200
1049128
0.1
2464840
1048960
0.1
4045512
1049120
0.1
2498608
1049128
0.1
3025360
1049128
0.1
3943272
1049128
0.1
2017600
1049128
0.1
4390344
1049128
0.1
2530320
1049128
0.1
3593104
1049128
0.1
3476600
1049128
0.1
2592704
1048968
0.1
3206680
1049128
0.1
2794072
1048968
0.1
3631776
1049024
0.1
3271488
1049128
0.1
3679976
1049128
0.1
2797456
1048968
0.1
4554840
1049128
0.1
2967680
1049000
0.1
3468448
1049128
0.1
2731576
1049128
0.1
4092712
1049128
0.1
2671760
1049128
0.1
2353520
1049128
0.1
2123680
1049128
0.1
3741976
1049128
0.1
2477280
1049128
0.1
4076536
1049128
0.1
2494960
1049128
0.1
4085168
1049128
0.1
2848560
1049128
0.1
2535912
1048944
0.1
3651232
1049040
0.1
2512640
1049128
0.1
2565680
1049128
0.1
2713984
1048968
0.1
3386224
1049024
0.1
2265120
1049128
0.1
4195232
1049048
0.1
3065920
1049128
0.1
3698096
1049128
0.1
2494960
1049128
0.1
1946880
1049128
0.1
2106000
1049128
0.1
2586416
1048968
0.1
4120832
1049128
0.1
2972320
1049128
0.1
2371200
1049128
0.1
2654080
1049128
0.1
4069544
1049040
0.1
3093424
1049128
0.1
2636400
1049128
0.1
3079720
1049128
0.1
4287512
1049128
0.1
2744896
1048968
0.1
3697424
1049000
0.1
2889584
1049128
0.1
3361008
1049000
0.1
2848560
1049128
0.1
2592664
1048944
0.1
3595080
1049048
0.1
3092416
1049128
0.1
2441920
1049128
0.1
4175312
1049128
0.1
3165608
1049000
0.1
2551712
1048968
0.1
3609888
1049056
0.1
2903696
1048992
0.1
3494120
1049128
0.1
2583360
1049128
0.1
2459600
1049128
0.1
3286800
1049128
0.1
2830880
1049128
0.1
3822640
1049128
0.1
2070640
1049128
0.1
2300480
1049128
0.1
2654080
1049128
0.1
1858480
1049128
0.1
3366968
1049128
0.1
2618720
1049128
0.1
2516512
1049128
0.1
3776120
1049128
0.1
2707120
1049128
0.1
2282800
1049128
0.1
2724800
1049128
0.1
2654080
1049128
0.1
2418552
1048944
0.1
2302536
1048928
0.1
4319304
1049128
0.1
2807128
1049128
0.1
2548000
1049128
0.1
3622832
1049016
0.1
4116224
1049064
0.1
2760320
1048968
0.1
3681248
1049048
0.1
2635328
1049128
0.1
4066648
1049088
0.1
4105520
1049128
0.1
3260600
1049128
0.1
2406560
1049128
0.1
2800000
1048968
0.1
3936424
1049120
0.1
3844296
1049056
0.1
2920064
1049128
0.1
3254784
1049128
0.1
2335840
1049128
0.1
2448696
1049128
0.1
3302848
1049128
0.1
2530320
1049128
0.1
2459600
1049128
0.1
3067264
1049128
0.1
2689208
1048984
0.1
3960472
1049128
0.1
3157248
1049128
0.1
2212080
1049128
0.1
3305968
1049128
0.1
4336592
1049128
0.1
2796648
1049128
0.1
3483544
1049048
0.1
2671040
1049128
0.1
2247440
1049128
0.1
2953920
1049128
0.1
2307256
1049128
0.1
2424240
1049128
0.1
2194400
1049128
0.1
3734856
1049024
0.1
2660856
1049128
0.1
2706112
1049128
0.1
2106000
1049128
0.1
2641352
1048984
0.1
3927512
1049128
0.1
3422952
1049128
0.1
2715480
1048968
0.1
3815256
1049048
0.1
3219840
1049128
0.1
3983136
1049128
0.1
4493456
1049112
0.1
2586864
1048960
0.1
4629880
1049128
0.1
2969568
1049128
0.1
2625496
1049128
0.1
3326680
1049128
0.1
2848560
1049128
0.1
2088320
1049128
0.1
2337968
1049128
0.1
2194400
1049128
0.1
3392848
1049000
0.1
2718464
1048936
0.1
3433656
1049056
0.1
2901600
1049128
0.1
3568624
1049128
0.1
3036736
1049128
0.1
3744560
1049128
0.1
2547872
1048968
0.1
4568944
1049128
0.1
2654080
1049128
0.1
2974352
1049128
0.1
2875120
1048960
0.1
4219768
1049128
0.1
2052960
1049128
0.1
2652600
1048968
0.1
3488352
1049128
0.1
2742480
1049128
0.1
2441920
1049128
0.1
2613024
1048968
0.1
3799440
1049040
0.1
3292560
1049128
0.1
2934256
1048960
0.1
3271120
1049024
0.1
3179544
1049128
0.1
3130720
1049128
0.1
2477280
1049128
0.1
2590136
1049128
0.1
2289576
1049128
0.1
2565680
1049128
0.1
3822992
1049032
0.1
3686688
1049056
0.1
2618720
1049128
0.1
2123680
1049128
0.1
4242712
1049128
0.1
2855336
1049128
0.1
3317240
1049128
0.1
4149608
1049128
0.1
2590136
1049128
0.1
2579848
1048968
0.1
3529400
1049128
0.1
2792840
1049128
0.1
2476208
1049128
0.1
2371200
1049128
0.1
1717040
1049128
0.1
2265120
1049128
0.1
2530320
1049128
0.1
2424240
1049128
0.1
3538256
1049128
0.1
2972320
1049128
0.1
2636400
1049128
0.1
1911520
1049128
0.1
3332856
1049128
0.1
2764880
1049128
0.1
2581752
1049128
0.1
3068000
1049128
0.1
3439848
1049128
0.1
2565680
1049128
0.1
2548000
1049128
0.1
2477280
1049128
0.1
3849944
1049128
0.1
4377720
1049128
0.1
2565680
1049128
0.1
2829576
1048968
0.1
3827336
1049096
0.1
2621280
1048968
0.1
4171872
1049128
0.1
4194864
1049104
0.1
3799544
1049128
0.1
2887080
1049128
0.1
2919280
1049128
0.1
2958552
1049000
0.1
2791392
1049128
0.1
2583632
1048968
0.1
2815984
1048944
0.1
4302416
1049128
0.1
2353240
1048936
0.1
3833128
1049128
0.1
2176720
1049128
0.1
2176720
1049128
0.1
2265120
1049128
0.1
2636400
1049128
0.1
3478968
1049024
0.1
2788600
1048968
0.1
3540400
1049128
0.1
2477280
1049128
0.1
2622528
1048984
0.1
4094096
1049128
0.1
2689440
1049128
0.1
2640088
1048952
0.1
3625680
1049040
0.1
3090784
1049128
0.1
2866240
1049128
0.1
4100064
1049128
0.1
2734112
1049128
0.1
2552144
1048968
0.1
4029864
1049128
0.1
2618720
1049128
0.1
2815456
1048968
0.1
3470240
1049000
0.1
2652920
1048968
0.1
4062000
1049056
0.1
3355568
1049128
0.1
2830880
1049128
0.1
2512640
1049128
0.1
4504016
1049120
0.1
2636400
1049128
0.1
2830880
1049128
0.1
3025360
1049128
0.1
3812152
1049128
0.1
1929200
1049128
0.1
3770408
1049080
0.1
3412512
1049000
0.1
2671760
1049128
0.1
4091856
1049128
0.1
3424360
1049016
0.1
2965560
1049128
0.1
2530320
1049128
0.1
2984640
1049128
0.1
3132488
1048968
0.1
4044848
1049128
0.1
3269640
1049128
0.1
2548000
1049128
0.1
2601040
1049128
0.1
3186040
1048984
0.1
3859648
1049064
0.1
2599968
1049128
0.1
2530320
1049128
0.1
2565680
1049128
0.1
2265120
1049128
0.1
2194400
1049128
0.1
3734832
1049128
0.1
2052960
1049128
0.1
2371200
1049128
0.1
2741408
1049128
0.1
4369728
1049120
0.1
2694160
1049128
0.1
4043728
1049128
0.1
3241728
1049128
0.1
3859472
1049056
0.1
2717816
1048968
0.1
3234736
1049032
0.1
2662808
1049128
0.1
2123680
1049128
0.1
3266416
1049040
0.1
2689440
1049128
0.1
2035280
1049128
0.1
4179088
1049096
0.1
3298376
1049128
0.1
3719304
1049128
0.1
2643176
1049128
0.1
1893840
1049128
0.1
1929200
1049128
0.1
3602904
1049128
0.1
3985144
1049096
0.1
2608568
1048968
0.1
4057760
1049072
0.1
3759040
1049128
0.1
2898768
1049128
0.1
4008560
1049128
0.1
3413344
1049128
0.1
3896744
1049128
0.1
2749256
1049128
0.1
2795520
1049128
0.1
3180544
1049128
0.1
1929200
1049128
0.1
2512640
1049128
0.1
2324936
1049128
0.1
2477280
1049128
0.1
3581488
1049024
0.1
3030080
1049128
0.1
2671760
1049128
0.1
2006696
1049128
0.1
4135784
1049088
0.1
2548000
1049128
0.1
2406560
1049128
0.1
1935976
1049128
0.1
3901984
1049032
0.1
2848368
1048976
0.1
3736328
1049048
0.1
3146080
1049128
0.1
3491472
1049040
0.1
2595472
1048960
0.1
4444032
1049128
0.1
3061840
1049128
0.1
3528928
1049128
0.1
4300784
1049128
0.1
3921608
1049128
0.1
2959664
1049128
0.1
3871144
1049128
0.1
4192408
1049128
0.1
3139592
1049128
0.1
2371200
1049128
0.1
1935976
1049128
0.1
3632656
1049128
0.1
2618720
1049128
0.1
3271176
1049128
0.1
3025360
1049128
0.1
4065848
1049024
0.1
3314488
1049128
0.1
3435600
1049128
0.1
3287336
1049128
0.1
2431016
1049128
0.1
2070640
1049128
0.1
2265120
1049128
0.1
1847576
1049128
0.1
2229760
1049128
0.1
2605352
1048968
0.1
2744144
1048968
0.1
4097408
1049104
0.1
2689440
1049128
0.1
2487064
1048976
0.1
3211792
1049128
0.1
4413168
1049112
0.1
3097456
1049128
0.1
2318160
1049128
0.1
2070640
1049128
0.1
3149120
1049128
0.1
3896744
1049128
0.1
4417760
1049128
0.1
3791984
1049128
0.1
2912112
1048968
0.1
4087840
1049128
0.1
2976616
1048968
0.1
2555432
1048968
0.1
3437248
1049040
0.1
2910288
1049128
0.1
3857880
1049128
0.1
2381736
1048960
0.1
2757408
1048992
0.1
2552576
1048968
0.1
4263104
1049128
0.1
2654080
1049128
0.1
2335840
1049128
0.1
3981144
1049128
0.1
2550128
1049128
0.1
3829384
1049128
0.1
3272328
1049128
0.1
2548000
1049128
0.1
2282800
1049128
0.1
1593280
1049128
0.1
2785064
1049128
0.1
2906624
1048968
0.1
4148688
1049128
0.1
3423656
1049128
0.1
2863416
1048976
0.1
3577000
1049008
0.1
2654080
1049128
0.1
2466128
1048968
0.1
4053056
1049104
0.1
2830880
1049128
0.1
2575192
1049128
0.1
3669696
1049128
0.1
4103088
1049128
0.1
1911520
1049128
0.1
2946160
1048992
0.1
3940352
1049128
0.1
2424240
1049128
0.1
2911608
1049128
0.1
2424240
1049128
0.1
4233712
1049128
0.1
3391640
1049128
0.1
2760160
1049128
0.1
2684096
1049024
0.1
3143448
1049128
0.1
3498288
1049000
0.1
3552912
1049128
0.1
2466376
1049128
0.1
3806000
1049024
0.1
2883920
1049128
0.1
3592960
1049128
0.1
2684288
1048968
0.1
4391312
1049128
0.1
2532368
1048968
0.1
3530656
1049128
0.1
2618720
1049128
0.1
2300480
1049128
0.1
2052960
1049128
0.1
3222800
1049128
0.1
2353520
1049128
0.1
2954448
1048984
0.1
2761792
1048976
0.1
2617368
1048968
0.1
3664232
1049056
0.1
2494960
1049128
0.1
2777840
1049128
0.1
3258400
1049128
0.1
3038656
1049128
0.1
3110400
1049128
0.1
2832624
1048976
0.1
4011472
1049128
0.1
2565680
1049128
0.1
2282800
1049128
0.1
1805440
1049128
0.1
3627840
1049128
0.1
3134120
1049128
0.1
2760160
1049128
0.1
3909464
1049128
0.1
2980688
1048968
