im-aes128-gcm-4096
1000
08/28/18
0.0
2361331
1048904
0.0
2299799
1048904
0.0
2370521
1048904
0.0
2370375
1048904
0.0
2261391
1048904
0.0
2344367
1048904
0.0
2496594
1048904
0.0
2253176
1048904
0.0
2272000
1048904
0.0
2130354
1048904
0.0
2595931
1048904
0.0
2757048
1048904
0.0
2245390
1048904
0.0
2444065
1048904
0.0
2331036
1048904
0.0
2237969
1048904
0.0
2312471
1048904
0.0
2331024
1048904
0.0
2923005
1048904
0.0
2312111
1048904
0.0
2216272
1048904
0.0
2213376
1048904
0.0
2182151
1048904
0.0
2391610
1048904
0.0
2506454
1048904
0.0
2248185
1048904
0.0
2712932
1048904
0.0
2250381
1048904
0.0
2233005
1048904
0.0
2411837
1048904
0.0
2334947
1048904
0.0
2251599
1048904
0.0
2262839
1048904
0.0
2750243
1048904
0.0
2473571
1048904
0.0
2426030
1048904
0.0
2426944
1048904
0.0
2343094
1048904
0.0
2829448
1048904
0.0
2128405
1048904
0.0
2663102
1048904
0.0
2326709
1048904
0.0
3158343
1048904
0.0
2179429
1048904
0.0
2228661
1048904
0.0
2324427
1048904
0.0
2293433
1048904
0.0
2734598
1048904
0.0
2493709
1048904
0.0
2297671
1048904
0.0
2380172
1048904
0.0
2738152
1048904
0.0
2931532
1048904
0.0
2435422
1048904
0.0
2206654
1048904
0.0
2394461
1048904
0.0
2255999
1048904
0.0
2444640
1048904
0.0
2218525
1048904
0.0
2375467
1048904
0.0
2457097
1048904
0.0
2281950
1048904
0.0
2538861
1048904
0.0
2252635
1048904
0.0
2220616
1048904
0.0
2358233
1048904
0.0
2770407
1048904
0.0
2222825
1048904
0.0
2297445
1048904
0.0
2605477
1048904
0.0
2513520
1048904
0.0
2309935
1048904
0.0
2406518
1048904
0.0
2411032
1048904
0.0
2248500
1048904
0.0
2527357
1048904
0.0
2663559
1048904
0.0
2395464
1048904
0.0
2187543
1048904
0.0
2288802
1048904
0.0
2241693
1048904
0.0
2832599
1048904
0.0
2318635
1048904
0.0
2450476
1048904
0.0
2500295
1048904
0.0
2951881
1048904
0.0
2333949
1048904
0.0
2351106
1048904
0.0
2229535
1048904
0.0
2398534
1048904
0.0
2388123
1048904
0.0
2433023
1048904
0.0
2406001
1048904
0.0
2449141
1048904
0.0
2319339
1048904
0.0
2277218
1048904
0.0
2499546
1048904
0.0
2227213
1048904
0.0
2416035
1048904
0.0
2629264
1048904
0.0
2218424
1048904
0.0
2503162
1048904
0.0
2433557
1048904
0.0
2526787
1048904
0.0
2312212
1048904
0.0
2497790
1048904
0.0
2444425
1048904
0.0
2321001
1048904
0.0
2619241
1048904
0.0
2474405
1048904
0.0
2330749
1048904
0.0
2314765
1048904
0.0
2290476
1048904
0.0
2324670
1048904
0.0
2230510
1048904
0.0
2657536
1048904
0.0
2385891
1048904
0.0
2364413
1048904
0.0
2374950
1048904
0.0
2318760
1048904
0.0
2569215
1048904
0.0
2298971
1048904
0.0
2327740
1048904
0.0
2140964
1048904
0.0
2234453
1048904
0.0
2350334
1048904
0.0
2708188
1048904
0.0
2228718
1048904
0.0
2357185
1048904
0.0
2314279
1048904
0.0
2230510
1048904
0.0
2234453
1048904
0.0
2360470
1048904
0.0
2501654
1048904
0.0
2419077
1048904
0.0
2387581
1048904
0.0
2289663
1048904
0.0
2346609
1048904
0.0
2349043
1048904
0.0
2215629
1048904
0.0
2359179
1048904
0.0
2413629
1048904
0.0
2449412
1048904
0.0
2339263
1048904
0.0
2327566
1048904
0.0
2330834
1048904
0.0
2347223
1048904
0.0
2266670
1048904
0.0
2251001
1048904
0.0
2307039
1048904
0.0
2327785
1048904
0.0
2231732
1048904
0.0
2370759
1048904
0.0
1996558
1048904
0.0
2433974
1048904
0.0
2345059
1048904
0.0
2369372
1048904
0.0
2167845
1048904
0.0
2966656
1048904
0.0
2128405
1048904
0.0
2413177
1048904
0.0
2338980
1048904
0.0
2438245
1048904
0.0
2370606
1048904
0.0
2270079
1048904
0.0
2829961
1048904
0.0
2369028
1048904
0.0
2356780
1048904
0.0
2489168
1048904
0.0
2127932
1048904
0.0
2025033
1048904
0.0
2327566
1048904
0.0
2608744
1048904
0.0
2510447
1048904
0.0
2361889
1048904
0.0
2325131
1048904
0.0
2304026
1048904
0.0
2333723
1048904
0.0
2301542
1048904
0.0
2204231
1048904
0.0
2450731
1048904
0.0
2376398
1048904
0.0
2217077
1048904
0.0
2316201
1048904
0.2
2311266
1048904
0.0
2121408
1048904
0.0
2358176
1048904
0.0
2583919
1048904
0.0
2333577
1048904
0.0
2354722
1048904
0.0
2369716
1048904
0.0
2227833
1048904
0.0
2381700
1048904
0.0
2469256
1048904
0.0
2412784
1048904
0.0
2338665
1048904
0.0
2387581
1048904
0.0
2212446
1048904
0.0
2396135
1048904
0.0
2184343
1048904
0.0
2330219
1048904
0.0
2227833
1048904
0.0
2087861
1048904
0.0
2375281
1048904
0.0
2324326
1048904
0.0
2503259
1048904
0.0
2578155
1048904
0.0
2544175
1048904
0.0
2423421
1048904
0.0
2433350
1048904
0.0
2188117
1048904
0.0
2391290
1048904
0.0
2278795
1048904
0.0
2275624
1048904
0.0
2416073
1048904
0.0
2339628
1048904
0.0
2366431
1048904
0.0
2232831
1048904
0.0
2435377
1048904
0.0
2567569
1048904
0.0
2346649
1048904
0.0
2409664
1048904
0.0
2533740
1048904
0.0
2451305
1048904
0.0
2363236
1048904
0.0
3044639
1048904
0.0
2622141
1048904
0.0
2134197
1048904
0.0
2268902
1048904
0.0
2648544
1048904
0.0
2294982
1048904
0.0
2245232
1048904
0.0
2194783
1048904
0.0
2383237
1048904
0.0
2330923
1048904
0.0
2959324
1048904
0.0
2258241
1048904
0.0
3013651
1048904
0.0
2227833
1048904
0.0
2185221
1048904
0.0
2344824
1048904
0.0
2213353
1048904
0.0
2337087
1048904
0.0
2198884
1048904
0.0
2373643
1048904
0.0
2446302
1048904
0.0
2339983
1048904
0.0
2262585
1048904
0.0
2618254
1048904
0.0
2920037
1048904
0.0
2375508
1048904
0.0
2351838
1048904
0.0
2758670
1048904
0.0
2222869
1048904
0.0
2287387
1048904
0.0
2545539
1048904
0.0
2298351
1048904
0.0
2325503
1048904
0.0
2203758
1048904
0.0
2237349
1048904
0.0
2384669
1048904
0.0
2358621
1048904
0.0
2323121
1048904
0.0
2310555
1048904
0.0
2661654
1048904
0.0
2301867
1048904
0.0
2423219
1048904
0.0
2237693
1048904
0.0
2323441
1048904
0.0
2116855
1048904
0.0
2276271
1048904
0.0
2283596
1048904
0.0
2290064
1048904
0.0
2390716
1048904
0.0
2619132
1048904
0.0
2243141
1048904
0.0
2332275
1048904
0.0
2464665
1048904
0.0
2194682
1048904
0.0
2417459
1048904
0.0
2703011
1048904
0.0
2842430
1048904
0.0
2402061
1048904
0.0
2227856
1048904
0.0
2340440
1048904
0.0
2326951
1048904
0.0
2584505
1048904
0.0
2257621
1048904
0.0
2385818
1048904
0.0
2408468
1048904
0.0
2171845
1048904
0.0
2343882
1048904
0.0
2365805
1048904
0.0
2414389
1048904
0.0
2239417
1048904
0.0
2493980
1048904
0.0
2229281
1048904
0.0
2233005
1048904
0.0
2561010
1048904
0.0
2221421
1048904
0.0
2603734
1048904
0.0
2228398
1048904
0.0
2584194
1048904
0.0
2463346
1048904
0.0
2438617
1048904
0.0
2430414
1048904
0.0
2479314
1048904
0.0
2341387
1048904
0.0
2419348
1048904
0.0
2333070
1048904
0.0
2212733
1048904
0.0
2322979
1048904
0.0
2333819
1048904
0.0
2650409
1048904
0.0
2311419
1048904
0.0
2236521
1048904
0.0
2214023
1048904
0.0
2233005
1048904
0.0
2243384
1048904
0.0
2493276
1048904
0.0
2221033
1048904
0.0
2269460
1048904
0.0
2416897
1048904
0.0
2198152
1048904
0.0
2267183
1048904
0.0
2361089
1048904
0.0
2242967
1048904
0.0
2232330
1048904
0.0
2280502
1048904
0.0
2317300
1048904
0.0
2467678
1048904
0.0
2250782
1048904
0.0
2223743
1048904
0.0
2521233
1048904
0.0
2324552
1048904
0.0
2232831
1048904
0.0
2341803
1048904
0.0
2215629
1048904
0.0
2227833
1048904
0.0
2428712
1048904
0.0
2278795
1048904
0.0
2782408
1048904
0.0
2346390
1048904
0.0
2217077
1048904
0.0
2509039
1048904
0.0
2350734
1048904
0.0
2240201
1048904
0.0
2399323
1048904
0.0
2429832
1048904
0.0
2242595
1048904
0.0
2406575
1048904
0.0
2317175
1048904
0.0
2367123
1048904
0.0
2214582
1048904
0.0
2326709
1048904
0.0
2264287
1048904
0.0
2209713
1048904
0.0
2320917
1048904
0.0
2348064
1048904
0.0
2301681
1048904
0.0
2388224
1048904
0.0
2317802
1048904
0.0
2328670
1048904
0.0
2305231
1048904
0.0
2450031
1048904
0.0
2290283
1048904
0.0
2384810
1048904
0.0
2900845
1048904
0.0
2487218
1048904
0.0
2336473
1048904
0.0
2464811
1048904
0.0
2410446
1048904
0.0
2375901
1048904
0.0
2424250
1048904
0.0
2740416
1048904
0.0
2666095
1048904
0.0
2195988
1048904
0.0
2854064
1048904
0.0
2177981
1048904
0.0
2393373
1048904
0.0
2277201
1048904
0.0
2515627
1048904
0.0
2278779
1048904
0.0
2531960
1048904
0.0
2614164
1048904
0.0
2274936
1048904
0.0
2304143
1048904
0.0
2406976
1048904
0.0
2227833
1048904
0.0
2955538
1048904
0.0
2115717
1048904
0.0
2335397
1048904
0.0
2690840
1048904
0.0
2246308
1048904
0.0
2345533
1048904
0.0
2336873
1048904
0.0
2126168
1048904
0.0
2349399
1048904
0.0
2216919
1048904
0.0
2392326
1048904
0.0
2359580
1048904
0.0
2388895
1048904
0.0
2386562
1048904
0.0
2952973
1048904
0.0
2283511
1048904
0.0
2529813
1048904
0.0
2496351
1048904
0.0
2413055
1048904
0.0
2301304
1048904
0.0
2281595
1048904
0.0
2787581
1048904
0.0
2383221
1048904
0.0
2499647
1048904
0.0
2389401
1048904
0.0
2414373
1048904
0.0
2510313
1048904
0.0
2338907
1048904
0.0
2372385
1048904
0.0
2287653
1048904
0.0
2387075
1048904
0.0
2331910
1048904
0.0
2254050
1048904
0.0
2597882
1048904
0.0
2820954
1048904
0.0
2453942
1048904
0.0
2316945
1048904
0.0
2818479
1048904
0.0
2217077
1048904
0.0
2448760
1048904
0.0
2308487
1048904
0.0
2203848
1048904
0.0
2339032
1048904
0.0
2764462
1048904
0.0
2264416
1048904
0.0
2175891
1048904
0.0
2351911
1048904
0.0
2880010
1048904
0.0
2347595
1048904
0.0
2180303
1048904
0.0
2205493
1048904
0.0
2370577
1048904
0.0
2189836
1048904
0.0
2684871
1048904
0.0
2464624
1048904
0.0
2532219
1048904
0.0
2220256
1048904
0.0
2368809
1048904
0.0
2312099
1048904
0.0
2254196
1048904
0.0
2305591
1048904
0.0
2375423
1048904
0.0
2296171
1048904
0.0
2403622
1048904
0.0
2194540
1048904
0.0
2415077
1048904
0.0
2684822
1048904
0.0
2335696
1048904
0.0
2790546
1048904
0.0
2699128
1048904
0.0
2475420
1048904
0.0
2238797
1048904
0.0
2505253
1048904
0.0
2450540
1048904
0.0
2522787
1048904
0.0
2317086
1048904
0.0
2305862
1048904
0.0
2195988
1048904
0.0
2413775
1048904
0.0
2243141
1048904
0.0
2341928
1048904
0.0
2338907
1048904
0.0
2207815
1048904
0.0
2309203
1048904
0.0
2438488
1048904
0.0
2311294
1048904
0.0
2335267
1048904
0.0
2484767
1048904
0.0
2346592
1048904
0.0
2230510
1048904
0.0
2223310
1048904
0.0
2575845
1048904
0.0
2325035
1048904
0.0
2243761
1048904
0.0
2292312
1048904
0.0
2360470
1048904
0.0
2286480
1048904
0.0
2505314
1048904
0.0
2345945
1048904
0.0
2331295
1048904
0.0
2285753
1048904
0.0
2652707
1048904
0.0
2240646
1048904
0.0
2248759
1048904
0.0
2227833
1048904
0.0
2288988
1048904
0.0
2370606
1048904
0.0
2309935
1048904
0.0
2484795
1048904
0.0
2325035
1048904
0.0
2212919
1048904
0.0
2321013
1048904
0.0
2497597
1048904
0.0
2480079
1048904
0.0
2415837
1048904
0.0
2228115
1048904
0.0
2331267
1048904
0.0
2271652
1048904
0.0
2610913
1048904
0.0
2658843
1048904
0.0
2495501
1048904
0.0
2422131
1048904
0.0
2313458
1048904
0.0
2367681
1048904
0.0
2319177
1048904
0.0
2415861
1048904
0.0
2453153
1048904
0.0
2370606
1048904
0.0
2200332
1048904
0.0
2549769
1048904
0.0
2900390
1048904
0.0
2594872
1048904
0.0
2258895
1048904
0.0
2833145
1048904
0.0
2250381
1048904
0.0
2652686
1048904
0.0
2265735
1048904
0.0
2142412
1048904
0.0
2242567
1048904
0.0
2313232
1048904
0.0
2320071
1048904
0.0
2374985
1048904
0.0
2358993
1048904
0.0
2173440
1048904
0.0
2472818
1048904
0.0
2898575
1048904
0.0
2427506
1048904
0.0
2511429
1048904
0.0
2390878
1048904
0.0
2341977
1048904
0.0
2287540
1048904
0.0
2446229
1048904
0.0
2275617
1048904
0.0
2419809
1048904
0.0
2492023
1048904
0.0
2104122
1048904
0.0
2256990
1048904
0.0
2567044
1048904
0.0
2410535
1048904
0.0
2625409
1048904
0.0
2176533
1048904
0.0
2492424
1048904
0.0
2396670
1048904
0.0
2298121
1048904
0.0
2390691
1048904
0.0
2443863
1048904
0.0
2514968
1048904
0.0
2267943
1048904
0.0
2714053
1048904
0.0
2454201
1048904
0.0
2154469
1048904
0.0
2724545
1048904
0.0
2542238
1048904
0.0
2234453
1048904
0.0
2397482
1048904
0.0
2497427
1048904
0.0
2410102
1048904
0.0
2512406
1048904
0.0
2233778
1048904
0.0
2336254
1048904
0.0
2468495
1048904
0.0
2192563
1048904
0.0
2418373
1048904
0.0
2230109
1048904
0.0
2399104
1048904
0.0
2285461
1048904
0.0
2309074
1048904
0.0
2976886
1048904
0.0
2447570
1048904
0.0
2210108
1048904
0.0
2229062
1048904
0.0
2088577
1048904
0.0
2610598
1048904
0.0
2227833
1048904
0.0
2414851
1048904
0.0
2234453
1048904
0.0
2618909
1048904
0.0
2378893
1048904
0.0
2187300
1048904
0.0
2625011
1048904
0.0
2358819
1048904
0.0
2312754
1048904
0.0
2335639
1048904
0.0
2395391
1048904
0.0
2324889
1048904
0.0
2382804
1048904
0.0
2469385
1048904
0.0
2440225
1048904
0.0
2730753
1048904
0.0
2470489
1048904
0.0
2343348
1048904
0.0
2875784
1048904
0.0
2239417
1048904
0.0
3051805
1048904
0.0
2363766
1048904
0.0
2520635
1048904
0.0
2252472
1048904
0.0
2296657
1048904
0.0
2206412
1048904
0.0
2496431
1048904
0.0
2290351
1048904
0.0
2415004
1048904
0.0
2301247
1048904
0.0
2345888
1048904
0.0
2495760
1048904
0.0
2523633
1048904
0.0
2331566
1048904
0.0
2395763
1048904
0.0
2333589
1048904
0.0
2334191
1048904
0.0
2447536
1048904
0.0
2261791
1048904
0.0
2112821
1048904
0.0
2386004
1048904
0.0
2314190
1048904
0.0
2305045
1048904
0.0
2187943
1048904
0.0
2305445
1048904
0.0
2163501
1048904
0.0
2273003
1048904
0.0
2314032
1048904
0.0
2177407
1048904
0.0
2305142
1048904
0.0
2270406
1048904
0.0
2554073
1048904
0.0
2235901
1048904
0.0
2372054
1048904
0.0
2924126
1048904
0.0
3110373
1048904
0.0
2147229
1048904
0.0
2502560
1048904
0.0
2376729
1048904
0.0
2462016
1048904
0.0
2288317
1048904
0.0
2445812
1048904
0.0
2375439
1048904
0.0
2352299
1048904
0.0
2322579
1048904
0.0
2575918
1048904
0.0
2315367
1048904
0.0
2429698
1048904
0.0
2278710
1048904
0.0
2330445
1048904
0.0
2218880
1048904
0.0
2367625
1048904
0.0
2305992
1048904
0.0
2231557
1048904
0.0
2385069
1048904
0.0
2612636
1048904
0.0
2429630
1048904
0.0
2330827
1048904
0.0
2379063
1048904
0.0
2432267
1048904
0.0
2184776
1048904
0.0
2425241
1048904
0.0
2520489
1048904
0.0
2447745
1048904
0.0
2253920
1048904
0.0
2313531
1048904
0.0
2594156
1048904
0.0
2201966
1048904
0.0
2264287
1048904
0.0
2309130
1048904
0.0
2607560
1048904
0.0
2350734
1048904
0.0
2558352
1048904
0.0
2594184
1048904
0.0
2242094
1048904
0.0
2297890
1048904
0.0
2258980
1048904
0.0
2189565
1048904
0.0
2315181
1048904
0.0
2375637
1048904
0.0
2289663
1048904
0.0
2338321
1048904
0.0
2468495
1048904
0.0
2337459
1048904
0.0
2415692
1048904
0.0
2206136
1048904
0.0
2331910
1048904
0.0
2292272
1048904
0.0
2231399
1048904
0.0
2874475
1048904
0.0
2406535
1048904
0.0
2267324
1048904
0.0
2304786
1048904
0.0
2352700
1048904
0.0
2212733
1048904
0.0
2401357
1048904
0.0
2604272
1048904
0.0
2483957
1048904
0.0
2694992
1048904
0.0
2233406
1048904
0.0
2232200
1048904
0.0
2488249
1048904
0.0
2359648
1048904
0.0
2366921
1048904
0.0
2234453
1048904
0.0
2316055
1048904
0.0
2139989
1048904
0.0
3060803
1048904
0.0
2306420
1048904
0.0
2309935
1048904
0.0
2331634
1048904
0.0
2366593
1048904
0.0
2434499
1048904
0.0
2771528
1048904
0.0
2336473
1048904
0.0
2151100
1048904
0.0
2436432
1048904
0.0
2277347
1048904
0.0
2227833
1048904
0.0
2318506
1048904
0.0
2249576
1048904
0.0
2437197
1048904
0.0
2396693
1048904
0.0
2324326
1048904
0.0
2521339
1048904
0.0
2317891
1048904
0.0
2420650
1048904
0.0
2529712
1048904
0.2
2412400
1048904
0.0
2540907
1048904
0.0
2319339
1048904
0.0
2368915
1048904
0.0
2278767
1048904
0.0
2327954
1048904
0.0
2291173
1048904
0.0
2224317
1048904
0.0
2227856
1048904
0.0
2895421
1048904
0.0
2437258
1048904
0.0
2371164
1048904
0.0
2406947
1048904
0.0
2611669
1048904
0.0
2396528
1048904
0.0
2267211
1048904
0.0
2620480
1048904
0.0
2586544
1048904
0.0
2141471
1048904
0.0
2295338
1048904
0.0
2186669
1048904
0.0
2491376
1048904
0.0
2407606
1048904
0.0
2347240
1048904
0.0
2431794
1048904
0.0
2325244
1048904
0.0
2522917
1048904
0.0
2276384
1048904
0.0
2301867
1048904
0.0
2403363
1048904
0.0
2424481
1048904
0.0
2289433
1048904
0.0
2591175
1048904
0.0
2429872
1048904
0.0
2243141
1048904
0.0
2162696
1048904
0.0
2351838
1048904
0.0
2244568
1048904
0.0
2378797
1048904
0.0
2222081
1048904
0.0
2325503
1048904
0.0
2362104
1048904
0.0
2341059
1048904
0.0
2527244
1048904
0.0
2326591
1048904
0.0
2418712
1048904
0.0
2237992
1048904
0.0
2748534
1048904
0.0
2264287
1048904
0.0
2214954
1048904
0.0
2347353
1048904
0.0
2357905
1048904
0.0
2281595
1048904
0.0
2360385
1048904
0.0
2426110
1048904
0.0
2705114
1048904
0.0
2373231
1048904
0.0
2335910
1048904
0.0
2897212
1048904
0.0
2514292
1048904
0.0
2271459
1048904
0.0
2439912
1048904
0.0
2239198
1048904
0.0
2305919
1048904
0.0
2377445
1048904
0.0
2427078
1048904
0.0
2594563
1048904
0.0
2392742
1048904
0.0
2886292
1048904
0.0
2273634
1048904
0.0
2225478
1048904
0.0
2307958
1048904
0.0
2365845
1048904
0.0
2330207
1048904
0.0
2321159
1048904
0.0
2369958
1048904
0.0
2273577
1048904
0.0
2107142
1048904
0.0
2320071
1048904
0.0
2215815
1048904
0.0
2206367
1048904
0.0
2241649
1048904
0.0
2404715
1048904
0.0
2545899
1048904
0.0
2300758
1048904
0.0
2828360
1048904
0.0
2511276
1048904
0.0
2299496
1048904
0.0
2300419
1048904
0.0
2267397
1048904
0.0
2272287
1048904
0.0
2405527
1048904
0.0
2418345
1048904
0.0
2199527
1048904
0.0
2323813
1048904
0.0
2319243
1048904
0.0
2475848
1048904
0.0
2630526
1048904
0.0
2789490
1048904
0.0
2484880
1048904
0.0
2325447
1048904
0.0
2426677
1048904
0.0
2404941
1048904
0.0
2408136
1048904
0.0
2662382
1048904
0.0
2325875
1048904
0.0
2363288
1048904
0.0
2408096
1048904
0.0
2343425
1048904
0.0
2316128
1048904
0.0
2307659
1048904
0.0
2213364
1048904
0.0
2269205
1048904
0.0
2178612
1048904
0.0
2241693
1048904
0.0
2371411
1048904
0.0
2470704
1048904
0.0
2363778
1048904
0.0
2572610
1048904
0.0
2224572
1048904
0.0
2525982
1048904
0.0
2397717
1048904
0.0
2316128
1048904
0.0
2619848
1048904
0.0
2855007
1048904
0.0
2326579
1048904
0.0
2328529
1048904
0.0
2419567
1048904
0.0
2465599
1048904
0.0
2515491
1048904
0.0
2341702
1048904
0.0
2376313
1048904
0.0
2104972
1048904
0.0
2263668
1048904
0.0
2283871
1048904
0.0
2459322
1048904
0.0
2409127
1048904
0.0
2315497
1048904
0.0
2345905
1048904
0.0
2586664
1048904
0.0
2393277
1048904
0.0
2312095
1048904
0.0
2454399
1048904
0.0
2596336
1048904
0.0
2285319
1048904
0.0
2519891
1048904
0.0
2319982
1048904
0.0
2279382
1048904
0.0
2464811
1048904
0.0
2230510
1048904
0.0
2198884
1048904
0.0
2381255
1048904
0.0
2320714
1048904
0.0
2319007
1048904
0.0
2254151
1048904
0.0
2402158
1048904
0.0
2601210
1048904
0.0
2686270
1048904
0.0
2409438
1048904
0.0
2714684
1048904
0.0
2429698
1048904
0.0
2353032
1048904
0.0
2296903
1048904
0.0
2356914
1048904
0.0
2850905
1048904
0.0
2373473
1048904
0.0
2442617
1048904
0.0
2176117
1048904
0.0
2973698
1048904
0.0
2318777
1048904
0.0
2383909
1048904
0.0
2310121
1048904
0.0
2395193
1048904
0.0
2346204
1048904
0.0
2345905
1048904
0.0
2328670
1048904
0.0
2704746
1048904
0.0
2810647
1048904
0.0
2222869
1048904
0.0
2735814
1048904
0.0
2214666
1048904
0.0
2476564
1048904
0.0
2563461
1048904
0.0
2328670
1048904
0.0
2413815
1048904
0.0
2318393
1048904
0.0
2382161
1048904
0.0
2230510
1048904
0.0
2252545
1048904
0.0
2400884
1048904
0.0
2870805
1048904
0.0
2206941
1048904
0.0
2394433
1048904
0.0
2382776
1048904
0.0
2227856
1048904
0.0
2411251
1048904
0.0
2452438
1048904
0.0
2537493
1048904
0.0
2227833
1048904
0.0
2333876
1048904
0.0
2714154
1048904
0.0
2279527
1048904
0.0
2344942
1048904
0.0
2201149
1048904
0.0
2379451
1048904
0.0
2212919
1048904
0.0
2321993
1048904
0.0
2415489
1048904
0.0
2923033
1048904
0.0
2224317
1048904
0.0
2398923
1048904
0.0
2747086
1048904
0.0
2487263
1048904
0.0
2905872
1048904
0.0
2321656
1048904
0.0
2219145
1048904
0.0
2210998
1048904
0.0
2464552
1048904
0.0
2486272
1048904
0.0
2358694
1048904
0.0
2526298
1048904
0.0
2392455
1048904
0.0
2361315
1048904
0.0
2204045
1048904
0.0
2209691
1048904
0.0
2307039
1048904
0.0
2366864
1048904
0.0
2359353
1048904
0.0
2907863
1048904
0.0
2233005
1048904
0.0
2412108
1048904
0.0
2563214
1048904
0.0
2313017
1048904
0.0
2434216
1048904
0.0
2238449
1048904
0.0
2417787
1048904
0.0
2438848
1048904
0.0
2328771
1048904
0.0
2215629
1048904
0.0
2318732
1048904
0.0
2274609
1048904
0.0
2332225
1048904
0.0
2360684
1048904
0.0
2514431
1048904
0.0
2227282
1048904
0.0
2425229
1048904
0.0
2784729
1048904
0.0
2268716
1048904
0.0
2393013
1048904
0.0
2476136
1048904
0.0
2230729
1048904
0.0
2298735
1048904
0.0
2566373
1048904
0.0
2257447
1048904
0.0
2352081
1048904
0.0
2409301
1048904
0.0
2430155
1048904
0.0
2151371
1048904
0.0
2223055
1048904
0.0
2312471
1048904
0.0
2504488
1048904
0.0
2544782
1048904
0.0
2264315
1048904
0.0
2737262
1048904
0.0
2479177
1048904
0.0
2372385
1048904
0.0
2326579
1048904
0.0
2210457
1048904
0.0
2764288
1048904
0.0
2227213
1048904
