im-aes128-gcm-127
1000
08/28/18
0.1
2395544
1048912
0.1
2326808
1048912
0.1
2353968
1048912
0.1
2240616
1048912
0.1
2416032
1048912
0.1
2473200
1048912
0.1
2446040
1048912
0.1
2209016
1048912
0.1
2477120
1048912
0.1
2180680
1048912
0.1
2481888
1048912
0.1
2306536
1048912
0.1
2241024
1048912
0.1
2473952
1048912
0.1
2251104
1048912
0.1
2349216
1048912
0.1
2281568
1048912
0.1
2307632
1048912
0.1
2320256
1048912
0.1
2287360
1048912
0.1
2361456
1048912
0.1
2258400
1048912
0.1
2310528
1048912
0.1
2261296
1048912
0.1
2452328
1048912
0.1
2269576
1048912
0.1
2235584
1048912
0.1
2283016
1048912
0.1
2263936
1048912
0.1
2498568
1048912
0.1
2183840
1048912
0.1
2256344
1048912
0.1
2406544
1048912
0.1
2271024
1048912
0.1
2165928
1048912
0.1
2195984
1048912
0.1
2268128
1048912
0.1
2118104
1048912
0.1
2260200
1048912
0.1
2299144
1048912
0.1
2389968
1048912
0.1
2271024
1048912
0.1
2503608
1048912
0.1
2640848
1048912
0.1
2499800
1048912
0.1
2233728
1048912
0.1
2264544
1048912
0.1
2398952
1048912
0.1
2235176
1048912
0.1
2258400
1048912
0.1
2476848
1048912
0.1
2340936
1048912
0.1
2460920
1048912
0.1
2428848
1048912
0.1
2254056
1048912
0.1
2233728
1048912
0.1
2433504
1048912
0.1
2413432
1048912
0.1
2109456
1048912
0.1
2394040
1048912
0.1
2522008
1048912
0.1
2322464
1048912
0.1
2178608
1048912
0.1
2183576
1048912
0.1
2415248
1048912
0.1
2294952
1048912
0.1
2529600
1048912
0.1
2106920
1048912
0.1
2260888
1048912
0.1
2290256
1048912
0.1
2236504
1048912
0.3
3290032
1048912
0.1
2291704
1048912
0.1
2301840
1048912
0.1
2271024
1048912
0.1
2180680
1048912
0.1
2180680
1048912
0.1
2307632
1048912
0.1
2282608
1048912
0.1
2365144
1048912
0.1
2451432
1048912
0.1
2511600
1048912
0.1
2245720
1048912
0.1
2254816
1048912
0.1
2245368
1048912
0.1
2261296
1048912
0.1
2284464
1048912
0.1
2230832
1048912
0.1
2296048
1048912
0.1
2290256
1048912
0.1
2351072
1048912
0.1
2406192
1048912
0.1
2204416
1048912
0.1
2275368
1048912
0.1
2363360
1048912
0.1
2170424
1048912
0.1
2410336
1048912
0.1
2571240
1048912
0.1
2246816
1048912
0.1
2545176
1048912
0.1
2158688
1048912
0.1
2271024
1048912
0.1
2271024
1048912
0.1
2433568
1048912
0.1
2248208
1048912
0.1
2233728
1048912
0.1
2166728
1048912
0.1
2249456
1048912
0.1
2508704
1048912
0.1
2271024
1048912
0.1
2313016
1048912
0.1
2525720
1048912
0.1
2243920
1048912
0.1
2450000
1048912
0.1
2125736
1048912
0.1
2266480
1048912
0.1
2513744
1048912
0.1
2271024
1048912
0.1
2282608
1048912
0.1
2530696
1048912
0.1
2197432
1048912
0.1
2269984
1048912
0.1
2246816
1048912
0.1
2268536
1048912
0.1
2437752
1048912
0.1
2455128
1048912
0.1
2180680
1048912
0.1
2119552
1048912
0.1
2339488
1048912
0.1
2564000
1048912
0.1
2201872
1048912
0.1
2268536
1048912
0.1
2510848
1048912
0.1
2284464
1048912
0.1
2275288
1048912
0.1
2281568
1048912
0.1
2328944
1048912
0.1
2323560
1048912
0.1
2145656
1048912
0.1
2385720
1048912
0.1
2473952
1048912
0.1
2293152
1048912
0.1
2242472
1048912
0.1
2456576
1048912
0.1
2463416
1048912
0.1
2311016
1048912
0.1
2278672
1048912
0.1
2264192
1048912
0.1
2275776
1048912
0.1
2144208
1048912
0.1
2493072
1048912
0.1
2502160
1048912
0.1
2278672
1048912
0.1
2145656
1048912
0.1
2340528
1048912
0.1
2428400
1048912
0.1
2492144
1048912
0.1
2273920
1048912
0.1
2385720
1048912
0.1
2501736
1048912
0.1
2530424
1048912
0.1
2272880
1048912
0.1
2454128
1048912
0.1
2473128
1048912
0.1
2274328
1048912
0.1
2200328
1048912
0.1
2199328
1048912
0.1
2466984
1048912
0.1
2256224
1048912
0.1
2311568
1048912
0.1
2460704
1048912
0.1
2360032
1048912
0.1
2345176
1048912
0.1
2491600
1048912
0.1
2331840
1048912
0.1
2478992
1048912
0.1
2307632
1048912
0.1
2508976
1048912
0.1
2377288
1048912
0.1
2397504
1048912
0.1
2183576
1048912
0.1
2189936
1048912
0.1
2180680
1048912
0.1
2256952
1048912
0.1
2204824
1048912
0.1
2243864
1048912
0.1
2470304
1048912
0.1
2181504
1048912
0.1
2539808
1048912
0.1
2310528
1048912
0.1
2366000
1048912
0.1
2480976
1048912
0.1
2504632
1048912
0.1
2181504
1048912
0.1
2456576
1048912
0.1
2480976
1048912
0.1
2530696
1048912
0.1
2281568
1048912
0.1
2531120
1048912
0.1
2456576
1048912
0.1
2228344
1048912
0.1
2184400
1048912
0.1
2436968
1048912
0.1
2184400
1048912
0.1
2334736
1048912
0.1
2169920
1048912
0.1
2230832
1048912
0.1
2259440
1048912
0.1
2315912
1048912
0.1
2290256
1048912
0.1
2278672
1048912
0.1
2293152
1048912
0.1
2465960
1048912
0.1
2356864
1048912
0.1
2403296
1048912
0.1
2416328
1048912
0.1
2296048
1048912
0.1
2476448
1048912
0.1
2283464
1048912
0.1
2183840
1048912
0.1
2405248
1048912
0.1
2276816
1048912
0.1
2400400
1048912
0.1
2461584
1048912
0.1
2366592
1048912
0.1
2192832
1048912
0.1
2354808
1048912
0.1
2191384
1048912
0.1
2198880
1048912
0.1
2380128
1048912
0.1
2505536
1048912
0.1
2446888
1048912
0.1
2236928
1048912
0.1
2273920
1048912
0.1
2180680
1048912
0.1
2316592
1048912
0.1
2290352
1048912
0.1
2487648
1048912
0.1
2238128
1048912
0.1
2250064
1048912
0.1
2465048
1048912
0.1
2360208
1048912
0.1
2441696
1048912
0.1
2355512
1048912
0.1
2279712
1048912
0.1
2276816
1048912
0.1
2324952
1048912
0.1
2240968
1048912
0.1
2384472
1048912
0.1
2281568
1048912
0.1
2326456
1048912
0.1
2477120
1048912
0.1
2193088
1048912
0.1
2308672
1048912
0.1
2182128
1048912
0.1
2436304
1048912
0.1
2415280
1048912
0.1
2284464
1048912
0.1
2500640
1048912
0.1
2273760
1048912
0.1
2383024
1048912
0.1
2446792
1048912
0.1
2513744
1048912
0.1
2226544
1048912
0.1
2240616
1048912
0.1
2358408
1048912
0.1
2511872
1048912
0.1
2257992
1048912
0.1
2482736
1048912
0.1
2276816
1048912
0.1
2286616
1048912
0.1
2143384
1048912
0.1
2270336
1048912
0.1
2511384
1048912
0.1
2356864
1048912
0.1
2163032
1048912
0.1
2182128
1048912
0.1
2314872
1048912
0.1
2236680
1048912
0.1
2339080
1048912
0.1
2278616
1048912
0.1
2323560
1048912
0.1
2385976
1048912
0.1
2489880
1048912
0.1
2239168
1048912
0.1
2317712
1048912
0.1
2209640
1048912
0.1
2181504
1048912
0.1
2238520
1048912
0.1
2307632
1048912
0.1
2245368
1048912
0.1
2256224
1048912
0.1
2483824
1048912
0.1
2206120
1048912
0.1
2294600
1048912
0.1
2328352
1048912
0.1
2233728
1048912
0.1
2310528
1048912
0.1
2254896
1048912
0.1
2143384
1048912
0.1
2505448
1048912
0.1
2325808
1048912
0.1
2380128
1048912
0.1
2271024
1048912
0.1
2109800
1048912
0.1
2180680
1048912
0.1
2259440
1048912
0.1
2474224
1048912
0.1
2327904
1048912
0.1
2237872
1048912
0.1
2510424
1048912
0.1
2355008
1048912
0.1
2368896
1048912
0.1
2384472
1048912
0.1
2483688
1048912
0.1
2204672
1048912
0.1
2403296
1048912
0.1
2197528
1048912
0.1
2414008
1048912
0.1
2296048
1048912
0.1
2151632
1048912
0.1
2494848
1048912
0.1
2507664
1048912
0.1
2315912
1048912
0.1
2452928
1048912
0.1
2360008
1048912
0.1
2222552
1048912
0.1
2243864
1048912
0.1
2424504
1048912
0.1
2184400
1048912
0.1
2411984
1048912
0.1
2264192
1048912
0.1
2276816
1048912
0.1
2168824
1048912
0.1
2165928
1048912
0.1
2106088
1048912
0.1
2184400
1048912
0.1
2301840
1048912
0.1
2347768
1048912
0.1
2397504
1048912
0.1
2482776
1048912
0.1
2251512
1048912
0.1
2220344
1048912
0.1
2499744
1048912
0.1
2273232
1048912
0.1
2307632
1048912
0.1
2279712
1048912
0.1
2325360
1048912
0.1
2147728
1048912
0.1
2336024
1048912
0.1
2448184
1048912
0.1
4136968
1048912
0.1
2239576
1048912
0.1
2260888
1048912
0.1
2221104
1048912
0.1
2417264
1048912
0.1
2290256
1048912
0.1
2269984
1048912
0.1
2342280
1048912
0.1
2351320
1048912
0.1
2484360
1048912
0.1
2288400
1048912
0.1
2290256
1048912
0.1
2366000
1048912
0.1
2237072
1048912
0.1
2271024
1048912
0.1
2272472
1048912
0.1
2271024
1048912
0.1
2246912
1048912
0.1
2350072
1048912
0.1
2296048
1048912
0.1
2250904
1048912
0.1
2397504
1048912
0.1
2275776
1048912
0.1
2383256
1048912
0.1
2374568
1048912
0.1
2427616
1048912
0.1
2287360
1048912
0.1
2571240
1048912
0.1
2259440
1048912
0.1
2271024
1048912
0.1
2495968
1048912
0.1
2476096
1048912
0.1
2354064
1048912
0.1
2230888
1048912
0.1
2180680
1048912
0.1
2201776
1048912
0.1
2501560
1048912
0.1
2281160
1048912
0.1
2412592
1048912
0.1
2508976
1048912
0.1
2269984
1048912
0.1
2272880
1048912
0.1
2276816
1048912
0.1
2503608
1048912
0.1
2290256
1048912
0.1
2278616
1048912
0.1
2324600
1048912
0.1
2239168
1048912
0.1
2502912
1048912
0.1
2254056
1048912
0.1
2180680
1048912
0.1
2397504
1048912
0.1
2356456
1048912
0.1
2532144
1048912
0.1
2423568
1048912
0.1
2403296
1048912
0.1
2254056
1048912
0.1
2419224
1048912
0.1
2440784
1048912
0.1
2254056
1048912
0.1
2178352
1048912
0.1
2497416
1048912
0.1
2315912
1048912
0.1
2180680
1048912
0.1
2291704
1048912
0.1
2240616
1048912
0.1
2268128
1048912
0.1
2271024
1048912
0.1
2167376
1048912
0.1
2433408
1048912
0.1
2225096
1048912
0.1
2251160
1048912
0.1
2417968
1048912
0.1
2504704
1048912
0.1
2275776
1048912
0.1
2491664
1048912
0.1
2143384
1048912
0.1
2362248
1048912
0.1
2277576
1048912
0.1
2451408
1048912
0.1
2255096
1048912
0.1
2243920
1048912
0.1
2338040
1048912
0.1
2235936
1048912
0.1
2383024
1048912
0.1
2304736
1048912
0.1
2180680
1048912
0.1
2296048
1048912
0.1
2214960
1048912
0.1
2363344
1048912
0.1
2315912
1048912
0.1
2473552
1048912
0.1
2261648
1048912
0.1
2264192
1048912
0.1
2184400
1048912
0.1
2451232
1048912
0.1
2310528
1048912
0.1
2294800
1048912
0.1
2219248
1048912
0.1
2510848
1048912
0.1
2598752
1048912
0.1
2311368
1048912
0.1
2412856
1048912
0.1
2269576
1048912
0.1
2537936
1048912
0.1
2182952
1048912
0.1
2245312
1048912
0.1
2295944
1048912
0.1
2245368
1048912
0.1
2259440
1048912
0.1
2481584
1048912
0.1
2500288
1048912
0.1
2388520
1048912
0.1
2184400
1048912
0.1
2197432
1048912
0.1
2272472
1048912
0.1
2488216
1048912
0.1
2352112
1048912
0.1
2381480
1048912
0.1
2227992
1048912
0.1
2282272
1048912
0.1
2403296
1048912
0.1
2243864
1048912
0.1
2510152
1048912
0.1
2200328
1048912
0.1
2319216
1048912
0.1
2272472
1048912
0.1
2204672
1048912
0.1
2290256
1048912
0.1
2457760
1048912
0.1
2206120
1048912
0.1
2287360
1048912
0.1
2278616
1048912
0.1
2180680
1048912
0.1
2283016
1048912
0.1
2296048
1048912
0.1
2469392
1048912
0.1
2198880
1048912
0.1
2414312
1048912
0.1
2405992
1048912
0.1
2263368
1048912
0.1
2409088
1048912
0.1
2487680
1048912
0.1
2504632
1048912
0.1
2471352
1048912
0.1
2471192
1048912
0.1
2203320
1048912
0.1
2529600
1048912
0.1
2530208
1048912
0.1
2492456
1048912
0.1
2309080
1048912
0.1
2397504
1048912
0.1
2434408
1048912
0.1
2201776
1048912
0.1
2385824
1048912
0.1
2488528
1048912
0.1
2273920
1048912
0.1
2282608
1048912
0.1
2183576
1048912
0.1
2310528
1048912
0.1
2238480
1048912
0.1
2221104
1048912
0.1
2326456
1048912
0.1
2410336
1048912
0.1
2317360
1048912
0.1
2180680
1048912
0.1
2574136
1048912
0.1
2183576
1048912
0.1
2440432
1048912
0.1
2269576
1048912
0.1
2320664
1048912
0.1
2298944
1048912
0.1
2257992
1048912
0.1
2352112
1048912
0.1
2523880
1048912
0.1
2180680
1048912
0.1
2329352
1048912
0.1
2315912
1048912
0.1
2259440
1048912
0.1
2238520
1048912
0.1
2237680
1048912
0.1
2288808
1048912
0.1
2143384
1048912
0.1
2346976
1048912
0.1
2271024
1048912
0.1
2360800
1048912
0.1
2143384
1048912
0.1
2198880
1048912
0.1
2358760
1048912
0.1
2146280
1048912
0.1
2513744
1048912
0.1
2303288
1048912
0.1
2439336
1048912
0.1
2530696
1048912
0.1
2497392
1048912
0.1
2358408
1048912
0.1
2485536
1048912
0.1
2365552
1048912
0.1
2240616
1048912
0.1
2450384
1048912
0.1
2423368
1048912
0.1
2510848
1048912
0.1
2404720
1048912
0.1
2408520
1048912
0.1
2323504
1048912
0.1
2233728
1048912
0.1
2290256
1048912
0.1
2271024
1048912
0.1
2260888
1048912
0.1
2197432
1048912
0.1
2184400
1048912
0.1
2376664
1048912
0.1
2390168
1048912
0.1
2337632
1048912
0.1
2450872
1048912
0.1
2443896
1048912
0.1
2315912
1048912
0.1
2301840
1048912
0.1
2300392
1048912
0.1
2470232
1048912
0.1
2255856
1048912
0.1
2186472
1048912
0.1
2504656
1048912
0.1
2407640
1048912
0.1
2275168
1048912
0.1
2296048
1048912
0.1
2484784
1048912
0.1
2397504
1048912
0.1
2203376
1048912
0.1
2215312
1048912
0.1
2204824
1048912
0.1
2143384
1048912
0.1
2505544
1048912
0.1
2414584
1048912
0.1
2268888
1048912
0.1
2297496
1048912
0.1
2308472
1048912
0.1
2241024
1048912
0.1
2186472
1048912
0.1
2409088
1048912
0.1
2370872
1048912
0.1
2400400
1048912
0.1
2490152
1048912
0.1
2403000
1048912
0.1
2521736
1048912
0.1
2521192
1048912
0.1
2339488
1048912
0.1
2496368
1048912
0.1
2181504
1048912
0.1
2496368
1048912
0.1
2244272
1048912
0.1
2163032
1048912
0.1
2480792
1048912
0.1
2185024
1048912
0.1
2346320
1048912
0.1
2296048
1048912
0.1
2267928
1048912
0.1
2320664
1048912
0.1
2278672
1048912
0.1
2521376
1048912
0.1
2220344
1048912
0.1
2271024
1048912
0.1
2324440
1048912
0.1
2337632
1048912
0.1
2141096
1048912
0.1
2366936
1048912
0.1
2319664
1048912
0.1
2313424
1048912
0.1
2268536
1048912
0.1
2384960
1048912
0.1
2271024
1048912
0.1
2184400
1048912
0.1
2141936
1048912
0.1
2276816
1048912
0.1
2503536
1048912
0.1
2319568
1048912
0.1
2430560
1048912
0.1
2483336
1048912
0.1
2184400
1048912
0.1
2208912
1048912
0.1
2417480
1048912
0.1
2271024
1048912
0.1
2269984
1048912
0.1
2478944
1048912
0.1
2527824
1048912
0.1
2143384
1048912
0.1
2509880
1048912
0.1
2283016
1048912
0.1
2344872
1048912
0.1
2288752
1048912
0.1
2460640
1048912
0.1
2422120
1048912
0.1
2416032
1048912
0.1
2151440
1048912
0.1
2488704
1048912
0.1
2490576
1048912
0.1
2481192
1048912
0.1
2485000
1048912
0.1
2490576
1048912
0.1
2411984
1048912
0.1
2403296
1048912
0.1
2358312
1048912
0.1
2170424
1048912
0.1
2269576
1048912
0.1
2362656
1048912
0.1
2313424
1048912
0.1
2290256
1048912
0.1
2309080
1048912
0.1
2278672
1048912
0.1
2516640
1048912
0.1
2513320
1048912
0.1
2341384
1048912
0.1
2403296
1048912
0.1
2403904
1048912
0.1
2410240
1048912
0.1
2291296
1048912
0.1
2281568
1048912
0.1
2275776
1048912
0.1
2403296
1048912
0.1
2383024
1048912
0.1
2203832
1048912
0.1
2403296
1048912
0.1
2323560
1048912
0.1
2492024
1048912
0.1
2288904
1048912
0.1
2245368
1048912
0.1
2272472
1048912
0.1
2303288
1048912
0.1
2232280
1048912
0.1
2180680
1048912
0.1
2367000
1048912
0.1
2144832
1048912
0.1
2242064
1048912
0.1
2316264
1048912
0.1
2489128
1048912
0.1
2290528
1048912
0.1
2568344
1048912
0.1
2148552
1048912
0.1
2482936
1048912
0.1
2411688
1048912
0.1
2168176
1048912
0.1
2485632
1048912
0.1
2264192
1048912
0.1
2400400
1048912
0.1
2462152
1048912
0.1
2306536
1048912
0.1
2180680
1048912
0.1
2261648
1048912
0.1
2302112
1048912
0.1
2513320
1048912
0.1
2504632
1048912
0.1
2298944
1048912
0.1
2398952
1048912
0.1
2242416
1048912
0.1
2400400
1048912
0.1
2154496
1048912
0.1
2210616
1048912
0.1
2143384
1048912
0.1
2244304
1048912
0.1
2269576
1048912
0.1
2181504
1048912
0.1
2180680
1048912
0.1
2233784
1048912
0.1
2271024
1048912
0.1
2281568
1048912
0.1
2139864
1048912
0.1
2240616
1048912
0.1
2279712
1048912
0.1
2314872
1048912
0.1
2533104
1048912
0.1
2301840
1048912
0.1
2146280
1048912
0.1
2296048
1048912
0.1
2229440
1048912
0.1
2210616
1048912
0.1
2197584
1048912
0.1
2505808
1048912
0.1
2232336
1048912
0.1
2319216
1048912
0.1
2462368
1048912
0.1
2472288
1048912
0.1
2294600
1048912
0.1
2361208
1048912
0.1
2496296
1048912
0.1
2180680
1048912
0.1
2409976
1048912
0.1
2282248
1048912
0.1
2478992
1048912
0.1
2457224
1048912
0.1
2180680
1048912
0.1
2182008
1048912
0.1
2306184
1048912
0.1
2321016
1048912
0.1
2309080
1048912
0.1
2273920
1048912
0.1
2324600
1048912
0.1
2405496
1048912
0.1
2201776
1048912
0.1
2491112
1048912
0.1
2232280
1048912
0.1
2339584
1048912
0.1
2311920
1048912
0.1
2397504
1048912
0.1
2310800
1048912
0.1
2276128
1048912
0.1
2442760
1048912
0.1
2340936
1048912
0.1
2117888
1048912
0.1
2419064
1048912
0.1
2313680
1048912
0.1
2250752
1048912
0.1
2156632
1048912
0.1
2278264
1048912
0.1
2353968
1048912
0.1
2313016
1048912
0.1
2162776
1048912
0.1
2252960
1048912
0.1
2259440
1048912
0.1
2306184
1048912
0.1
2501856
1048912
0.1
2497936
1048912
0.1
2397504
1048912
0.1
2391616
1048912
0.1
2260888
1048912
0.1
2262744
1048912
0.1
2362656
1048912
0.1
2512296
1048912
0.1
2228720
1048912
0.1
2263584
1048912
0.1
2425768
1048912
0.1
2513320
1048912
0.1
2185024
1048912
0.1
2351008
1048912
0.1
2455264
1048912
0.1
2341288
1048912
0.1
2430112
1048912
0.1
2304680
1048912
0.1
2230832
1048912
0.1
2400400
1048912
0.1
2406192
1048912
0.1
2226544
1048912
0.1
2380128
1048912
0.1
2275368
1048912
0.1
2271024
1048912
0.1
2359352
1048912
0.1
2242416
1048912
0.1
2197432
1048912
0.1
2424720
1048912
0.1
2451232
1048912
0.1
2516640
1048912
0.1
2181504
1048912
0.1
2099264
1048912
0.1
2584040
1048912
0.1
2346320
1048912
0.1
2264192
1048912
0.1
2411416
1048912
0.1
2118720
1048912
0.1
2242416
1048912
0.1
2477544
1048912
0.1
2559656
1048912
0.1
2180680
1048912
0.1
2536000
1048912
0.1
2306184
1048912
0.1
2314872
1048912
0.1
2181504
1048912
0.1
2246408
1048912
0.1
2183576
1048912
0.1
2259440
1048912
0.1
2240208
1048912
0.1
2420376
1048912
0.1
2220752
1048912
0.1
2433408
1048912
0.1
2144208
1048912
0.1
2303640
1048912
0.1
2363104
1048912
0.1
2185848
1048912
0.1
2271024
1048912
0.1
2253448
1048912
0.1
2206216
1048912
0.1
2267928
1048912
0.1
2409088
1048912
0.1
2397504
1048912
0.1
2229832
1048912
0.1
2485632
1048912
0.1
2489128
1048912
0.1
2200328
1048912
0.1
2546624
1048912
0.1
2478632
1048912
0.1
2198880
1048912
0.1
2296048
1048912
0.1
2271024
1048912
0.1
2146280
1048912
0.1
2274328
1048912
0.1
2480440
1048912
0.1
2204672
1048912
0.1
2180680
1048912
0.1
2304992
1048912
0.1
2272824
1048912
0.1
2287360
1048912
0.1
2182952
1048912
0.1
2532568
1048912
0.1
2385824
1048912
0.1
2235776
1048912
0.1
2301840
1048912
0.1
2247856
1048912
0.1
2184352
1048912
0.1
2264544
1048912
0.1
2235584
1048912
0.1
2468336
1048912
0.1
2273232
1048912
0.1
2271432
1048912
0.1
2518088
1048912
0.1
2185024
1048912
0.1
2487080
1048912
0.1
2273920
1048912
0.1
2340936
1048912
0.1
2244272
1048912
0.1
2324600
1048912
0.1
2501192
1048912
0.1
2523848
1048912
0.1
2236680
1048912
0.1
2304736
1048912
0.1
2265384
1048912
0.1
2481192
1048912
0.1
2253680
1048912
0.1
2238128
1048912
0.1
2182128
1048912
0.1
2317360
1048912
0.1
2203224
1048912
0.1
2300392
1048912
0.1
2416936
1048912
0.1
2356456
1048912
0.1
2400400
1048912
0.1
2240616
1048912
0.1
2477544
1048912
0.1
2268536
1048912
0.1
2388616
1048912
0.1
2305576
1048912
0.1
2315912
1048912
0.1
2181504
1048912
0.1
2234824
1048912
0.1
2453976
1048912
0.1
2367000
1048912
0.1
2315912
1048912
0.1
2513744
1048912
0.1
2236272
1048912
0.1
2203224
1048912
0.1
2312816
1048912
0.1
2481888
1048912
0.1
2467408
1048912
0.1
2276128
1048912
0.1
2296048
1048912
0.1
2296048
1048912
0.1
2184400
1048912
0.1
2480440
1048912
0.1
2397656
1048912
0.1
2475696
1048912
0.1
2455824
1048912
0.1
2366000
1048912
0.1
2361208
1048912
0.1
2271024
1048912
0.1
2124288
1048912
0.1
2302680
1048912
0.1
2263784
1048912
0.1
2180680
1048912
0.1
2349624
1048912
0.1
2275776
1048912
0.1
2346320
1048912
0.1
2493864
1048912
0.1
2407640
1048912
0.1
2180680
1048912
0.1
2254056
1048912
0.1
2182952
1048912
0.1
2408792
1048912
0.1
2279712
1048912
0.1
2182128
1048912
0.1
2438800
1048912
0.1
2272880
1048912
0.1
2357472
1048912
0.1
2182128
1048912
0.1
2142760
1048912
0.1
2410024
1048912
0.1
2414584
1048912
0.1
2410024
1048912
0.1
2238128
1048912
0.1
2486768
1048912
0.1
2210512
1048912
0.1
2307632
1048912
0.1
2406192
1048912
0.1
2411416
1048912
0.1
2294600
1048912
0.1
2344104
1048912
0.1
2485632
1048912
0.1
2259392
1048912
0.1
2488432
1048912
0.1
2419976
1048912
0.1
2197432
1048912
0.1
2485632
1048912
0.1
2297496
1048912
0.1
2278672
1048912
0.1
2513320
1048912
0.1
2249712
1048912
0.1
2238128
1048912
0.1
2271432
1048912
0.1
2121464
1048912
0.1
2470424
1048912
0.1
2401848
1048912
0.1
2271024
1048912
0.1
2403296
1048912
0.1
2265992
1048912
0.1
2537936
1048912
0.1
2434856
1048912
0.1
2353400
1048912
0.1
2122704
1048912
0.1
2321016
1048912
0.1
2470024
1048912
0.1
2416032
1048912
0.1
2271024
1048912
0.1
2276816
1048912
0.1
2301840
1048912
0.1
2307632
1048912
0.1
2518088
1048912
0.1
2418712
1048912
0.1
2509792
1048912
0.1
2396408
1048912
0.1
2272880
1048912
0.1
2226544
1048912
0.1
2473952
1048912
0.1
2201776
1048912
0.1
2482280
1048912
0.1
2479840
1048912
0.1
2484784
1048912
0.1
2281160
1048912
0.1
2477544
1048912
0.1
2200328
1048912
0.1
2343264
1048912
0.1
2106912
1048912
0.1
2498208
1048912
0.1
2519928
1048912
0.1
2271024
1048912
0.1
2536488
1048912
0.1
2413432
1048912
0.1
2212064
1048912
0.1
2272880
1048912
0.1
2293152
1048912
0.1
2465264
1048912
0.1
2290256
1048912
0.1
2258400
1048912
0.1
2501464
1048912
