im-chacha-poly-2047
1000
08/28/18
0.0
2728648
1048968
0.0
2482024
1048936
0.0
3006352
1048968
0.0
2730944
1048960
0.0
2747808
1048968
0.0
2707776
1048960
0.0
2631552
1048952
0.0
2718640
1048960
0.0
2393744
1048952
0.0
2730560
1048960
0.0
2480576
1048936
0.0
2657128
1048968
0.0
2572976
1048960
0.0
2340736
1048960
0.0
2650440
1048936
0.0
3477296
1049000
0.0
2706136
1048960
0.0
2520960
1048944
0.0
2821912
1048968
0.0
2813200
1048968
0.0
2532528
1048944
0.0
2516104
1048936
0.0
2707776
1048960
0.0
3106520
1048968
0.0
2714624
1048960
0.0
2786568
1048968
0.0
2617328
1048960
0.0
2519832
1048936
0.0
2525800
1048936
0.0
2669792
1048960
0.0
2624720
1048960
0.0
2671384
1048960
0.0
2726088
1048968
0.0
2693072
1048944
0.0
2813096
1048960
0.0
2723296
1048968
0.0
2854336
1048952
0.0
2585896
1048936
0.0
2652416
1048960
0.0
2951328
1048968
0.0
2571808
1048944
0.0
2607920
1048960
0.0
2338384
1048952
0.0
2410216
1048936
0.0
2458176
1048944
0.0
2512432
1048936
0.0
2486368
1048936
0.0
2655912
1048968
0.0
2697304
1048960
0.0
2555696
1048944
0.0
2580880
1048936
0.0
2484360
1048944
0.0
2466144
1048952
0.0
2605888
1048944
0.0
4585384
1049128
0.0
3400864
1049128
0.0
2751328
1048952
0.0
2467544
1048936
0.0
2504824
1048936
0.0
2811104
1048968
0.0
3233824
1049016
0.0
3505136
1049128
0.0
2716224
1049128
0.0
2709952
1048960
0.0
2472608
1048952
0.0
2687504
1048960
0.0
2655312
1048960
0.0
2630024
1048960
0.0
2756480
1048960
0.0
2471712
1048936
0.0
2575344
1048960
0.0
2596664
1048960
0.0
3185808
1049008
0.0
2846904
1049128
0.0
2925176
1048968
0.0
2510808
1048936
0.0
2761712
1048960
0.0
2797608
1048968
0.0
2704776
1048944
0.0
2451664
1048952
0.0
2653576
1048936
0.0
2676184
1048968
0.0
2558208
1048936
0.0
2543992
1048936
0.0
2441400
1048960
0.0
3914880
1049128
0.0
3603096
1049128
0.0
2647880
1048960
0.0
2368224
1048936
0.0
2622864
1048952
0.0
2584528
1048936
0.0
4400800
1049128
0.0
2975712
1049128
0.0
2549040
1049128
0.0
2624072
1048968
0.0
2695472
1048960
0.0
2678096
1048960
0.0
2693896
1048968
0.0
4315416
1049048
0.0
2655312
1048960
0.0
2628168
1048968
0.0
2872672
1048968
0.0
2781032
1048944
0.0
2766344
1048968
0.0
2740696
1048960
0.0
3972584
1049064
0.0
3906976
1049128
0.0
2797408
1048952
0.0
3787240
1049000
0.0
3877152
1049128
0.0
2599360
1048952
0.0
2697720
1048944
0.0
2259544
1048936
0.0
2965888
1048976
0.0
2756832
1048968
0.0
2579088
1048952
0.0
2716464
1048960
0.0
2895144
1048960
0.0
2892584
1048960
0.0
2521472
1048944
0.0
2712048
1048968
0.0
2762288
1048968
0.0
2534176
1048936
0.0
2681072
1048960
0.0
2200328
1048944
0.0
2689840
1048960
0.0
2661104
1048960
0.0
3003552
1048984
0.0
2559416
1048960
0.0
2489008
1048936
0.0
2747576
1048968
0.0
2642088
1048960
0.0
2574096
1048944
0.0
2605784
1048944
0.0
2579088
1048952
0.0
3088840
1048968
0.0
2408104
1048960
0.0
2725752
1048968
0.0
2682864
1048960
0.0
2787240
1048968
0.0
2605024
1048960
0.0
2664920
1048960
0.0
2347072
1048952
0.0
2402432
1048952
0.0
2951616
1048960
0.0
2490088
1048952
0.0
2388784
1048952
0.0
2561368
1048936
0.0
2572976
1048960
0.0
2534488
1048936
0.0
2671968
1048960
0.0
2928784
1048960
0.0
3129680
1048992
0.0
2743592
1048960
0.0
2690400
1048960
0.0
2679416
1048968
0.0
2416344
1048936
0.0
2608064
1048960
0.0
2696816
1048968
0.0
2682296
1048960
0.0
2617712
1048952
0.0
2438272
1048960
0.0
2701648
1048960
0.0
2471888
1048936
0.0
2631424
1048960
0.0
2547520
1048936
0.0
2652416
1048960
0.0
2887152
1048968
0.0
2644664
1048968
0.0
2440032
1048936
0.0
2886792
1048960
0.0
2619448
1048960
0.0
2759056
1048968
0.0
3071440
1049000
0.0
3130648
1049128
0.0
2771952
1049128
0.0
2922992
1048960
0.0
2657128
1048968
0.0
2359936
1048944
0.0
2774096
1048960
0.0
2496664
1048936
0.0
2951328
1048968
0.0
2540328
1048952
0.0
2673944
1048960
0.0
2955672
1048968
0.0
3572792
1048992
0.0
2681888
1048944
0.0
2642032
1048936
0.0
2621760
1048936
0.0
4172032
1049032
0.0
2846256
1049128
0.0
2708448
1049128
0.0
2456160
1049128
0.0
2902432
1048968
0.0
2929608
1048968
0.0
2377816
1048952
0.0
2681728
1048936
0.0
2772424
1048968
0.0
2652416
1048960
0.0
2457072
1048936
0.0
2814416
1048968
0.0
2523520
1048944
0.0
3810528
1049048
0.0
2501184
1048936
0.0
2689696
1048960
0.0
2762288
1048968
0.0
2635040
1048960
0.0
2537888
1048960
0.0
4640016
1049128
0.0
2559720
1048944
0.0
2763400
1048968
0.0
2679280
1048968
0.0
2591608
1048960
0.0
2979176
1048968
0.0
2570936
1048944
0.0
2164752
1048952
0.0
2382160
1048952
0.0
2686784
1048960
0.0
2782640
1048944
0.0
2634704
1048960
0.0
2576792
1048960
0.0
2475688
1048928
0.0
2386384
1048944
0.0
2625488
1048960
0.0
2668392
1048936
0.0
2650360
1048936
0.0
2730560
1048960
0.0
4531008
1049128
0.0
2462864
1048936
0.0
2504080
1048936
0.0
2576816
1048936
0.0
2694336
1048968
0.0
2529808
1048936
0.0
2687504
1048960
0.0
2787240
1048968
0.0
2791312
1048992
0.0
2687504
1048960
0.0
2708376
1048968
0.0
2765936
1048960
0.0
2634320
1048960
0.0
2709944
1048960
0.0
3073296
1048968
0.0
2386008
1048928
0.0
3178960
1048984
0.0
3480720
1049128
0.0
2400432
1049128
0.0
3863792
1049056
0.0
3083992
1049128
0.0
3220224
1048984
0.0
2762520
1048968
0.0
2669056
1048960
0.0
2626016
1048960
0.0
2966144
1048960
0.0
2634392
1048936
0.0
2447912
1048944
0.0
2506648
1048944
0.0
2762080
1048960
0.0
2683864
1048968
0.0
3054576
1048992
0.0
2736224
1048968
0.0
2635040
1048960
0.0
2540784
1048960
0.0
2413448
1048936
0.0
2681784
1048960
0.0
4302144
1049128
0.0
3674336
1049128
0.0
2668784
1048960
0.0
3104416
1048992
0.0
2635040
1048960
0.0
2661104
1048960
0.0
2559032
1048944
0.0
2737888
1048960
0.0
2585616
1048960
0.0
2618584
1048960
0.0
2630312
1048960
0.0
2501184
1048936
0.0
2611680
1048960
0.0
2699088
1048960
0.0
2652416
1048960
0.0
2512168
1048944
0.0
2556656
1048944
0.0
4561872
1049128
0.0
2580648
1048968
0.0
2870864
1048960
0.0
2588176
1048960
0.0
2804384
1048968
0.0
2610136
1048952
0.0
2622864
1048952
0.0
2646624
1048960
0.0
2689680
1048960
0.0
4293880
1049088
0.0
2247160
1048952
0.0
2611344
1048960
0.0
2731568
1048968
0.0
2403592
1048944
0.0
2687504
1048960
0.0
2940312
1048968
0.0
2585584
1048960
0.0
2565312
1048960
0.0
2519680
1048944
0.0
2609576
1048968
0.0
2736352
1048960
0.0
2453328
1048944
0.0
2735888
1048968
0.0
2446472
1048944
0.0
2658352
1048960
0.0
2680992
1048960
0.0
2644416
1048952
0.0
2634320
1048960
0.0
2706456
1048968
0.0
2960304
1048960
0.0
2698344
1048968
0.0
2873488
1048968
0.0
2312032
1048944
0.0
2462688
1048944
0.0
2548968
1048936
0.0
2713056
1048968
0.0
4509952
1049128
0.0
2579088
1048952
0.0
2852040
1048960
0.0
2450784
1048944
0.0
2515664
1048936
0.0
2465760
1048936
0.0
2652416
1048960
0.0
2477344
1048936
0.0
3106728
1048968
0.0
2669776
1048968
0.0
2489264
1048936
0.0
2701264
1048960
0.0
2624712
1048960
0.0
2329128
1048936
0.0
2666896
1048960
0.0
2886792
1048960
0.0
3852008
1049008
0.0
3004656
1049128
0.0
2533544
1048960
0.0
2365328
1048936
0.0
2762416
1048960
0.0
2738184
1048960
0.0
2757944
1048968
0.0
2772424
1048968
0.0
2579680
1048960
0.0
2579088
1048952
0.0
2731880
1048968
0.0
2733840
1048960
0.0
2551816
1048944
0.0
2465400
1048960
0.0
2709928
1048968
0.0
4448776
1049088
0.0
3120912
1049128
0.0
2400432
1049128
0.0
2771952
1049128
0.0
2344704
1049128
0.0
2288976
1049128
0.0
3347808
1049128
0.0
2717600
1048968
0.0
2704160
1048960
0.0
2319672
1048944
0.0
2646016
1048936
0.0
2486816
1048960
0.0
2661104
1048960
0.0
2715744
1048960
0.0
2657488
1048960
0.0
2604720
1048936
0.0
2718848
1048968
0.0
2779584
1048944
0.0
2521120
1048936
0.0
2508336
1048952
0.0
2566752
1048936
0.0
2556208
1048936
0.0
2679416
1048968
0.0
2431728
1048952
0.0
2449832
1048936
0.0
2676272
1048936
0.0
2499648
1048952
0.0
2478792
1048936
0.0
2533040
1048936
0.0
2691000
1048968
0.0
2695344
1048968
0.0
3559960
1049032
0.0
4008920
1049128
0.0
2602184
1048952
0.0
2358088
1048936
0.0
2771416
1048968
0.0
2439920
1048936
0.0
2402496
1048944
0.0
2321552
1048936
0.0
2428120
1048944
0.0
2466096
1048936
0.0
2708712
1048968
0.0
2653528
1048960
0.0
2478400
1048952
0.0
2736736
1048960
0.0
3682240
1049008
0.0
3736400
1049128
0.0
2575856
1048952
0.0
2903832
1048960
0.0
3231344
1049000
0.0
3699704
1049016
0.0
2746360
1048968
0.0
2883272
1048968
0.0
4253288
1049048
0.0
2530152
1048944
0.0
2694384
1048968
0.0
2433000
1048944
0.0
2433328
1048944
0.0
2509872
1048936
0.0
3861592
1049016
0.0
3899696
1049128
0.0
2716224
1049128
0.0
3353520
1049128
0.0
2598248
1048952
0.0
2828024
1048960
0.0
3154520
1049008
0.0
3504064
1049128
0.0
2474736
1049128
0.0
2617328
1048960
0.0
2919136
1048968
0.0
2999400
1048960
0.0
2338928
1048936
0.0
2737800
1048960
0.0
2600872
1048960
0.0
2768208
1048960
0.0
2718640
1048960
0.0
2601736
1048960
0.0
2643976
1048944
0.0
3547512
1049040
0.0
3310656
1049128
0.0
2679072
1049128
0.0
2734800
1049128
0.0
2307552
1049128
0.0
2609896
1048960
0.0
2320672
1048952
0.0
2403880
1048952
0.0
2662040
1048968
0.0
2440032
1048936
0.0
2663944
1048960
0.0
3800280
1049048
0.0
2666304
1048952
0.0
2457408
1048936
0.0
2676320
1048944
0.0
2500624
1048944
0.0
2478792
1048936
0.0
2436848
1048952
0.0
2616416
1048960
0.0
2589880
1048944
0.0
2728984
1048968
0.0
2548968
1048936
0.0
2644272
1048944
0.0
3041440
1048968
0.0
2808176
1048968
0.0
2679184
1048968
0.0
2507384
1048936
0.0
2503744
1048936
0.0
2944088
1048968
0.0
2645200
1048968
0.0
2636520
1048968
0.0
2478720
1048944
0.0
2719288
1048968
0.0
2663152
1048968
0.0
2622040
1048968
0.0
2734776
1048968
0.0
3069024
1048976
0.0
3681360
1049128
0.0
3069168
1049128
0.0
2381856
1049128
0.0
2641920
1049128
0.0
3964440
1049128
0.0
3402208
1049128
0.0
2621416
1048952
0.2
2694456
1048936
0.0
2595760
1048960
0.0
2682632
1048960
0.0
2599952
1048960
0.0
2655016
1048944
0.0
2853536
1048968
0.0
2505192
1048936
0.0
2584360
1048960
0.0
2857496
1048960
0.0
2735112
1048968
0.0
2438968
1048952
0.0
2723512
1048960
0.0
2607504
1048944
0.0
2733328
1048968
0.0
2621752
1048968
0.0
2707248
1048960
0.0
2688616
1048960
0.0
2601752
1048936
0.0
2965480
1048960
0.0
2561376
1048952
0.0
2877480
1048968
0.0
2440112
1048952
0.0
2973048
1048968
0.0
2752152
1048968
0.0
2708360
1048960
0.0
2692960
1048960
0.0
2616472
1048960
0.0
2728880
1048968
0.0
2554760
1048936
0.0
4119200
1049128
0.0
3050592
1049128
0.0
2679072
1049128
0.0
3553088
1049128
0.0
2408560
1048952
0.0
2533040
1048936
0.0
2737672
1048968
0.0
2661440
1048960
0.0
2725152
1048944
0.0
3633528
1049024
0.0
3117824
1049128
0.0
3053232
1048976
0.0
4464376
1049128
0.0
2987088
1049128
0.0
2400432
1049128
0.0
2409032
1048936
0.0
2447352
1048936
0.0
2917200
1048960
0.0
2662032
1048960
0.0
2704880
1048960
0.0
2673744
1048960
0.0
2403376
1048944
0.0
2593056
1048936
0.0
2733328
1048968
0.0
2437848
1048936
0.0
2704032
1048968
0.0
2407320
1048936
0.0
2547184
1048936
0.0
2804616
1048968
0.0
2597200
1048960
0.0
3135624
1048992
0.0
2603328
1048944
0.0
2730560
1048960
0.0
2794336
1048944
0.0
2707608
1048952
0.0
2360984
1048936
0.0
2617328
1048960
0.0
2670392
1048968
0.0
4199232
1049088
0.0
3920040
1049128
0.0
2920560
1049128
0.0
3276936
1049000
0.0
4283768
1049120
0.0
2404736
1049128
0.0
2251824
1049128
0.0
2177520
1049128
0.0
2121792
1049128
0.0
3343752
1048992
0.0
2731544
1048968
0.0
2536888
1048944
0.0
2700200
1048960
0.0
2339264
1048936
0.0
2498288
1048936
0.0
2631952
1048960
0.0
2755048
1048968
0.0
3090824
1048968
0.0
2584072
1048952
0.0
2716464
1048960
0.0
2520984
1048960
0.0
3139064
1048992
0.0
4017728
1049128
0.0
3037728
1049128
0.0
2506712
1048944
0.0
2532632
1048944
0.0
2607424
1048944
0.0
2439696
1048936
0.0
2431008
1048936
0.0
2670496
1048968
0.0
2657824
1048960
0.0
2673944
1048960
0.0
2537544
1048936
0.0
2596488
1048944
0.0
2673288
1048968
0.0
2634704
1048960
0.0
2851704
1048960
0.0
2818448
1048968
0.0
2506976
1048936
0.0
2538656
1048936
0.0
2653376
1048952
0.0
2909336
1048968
0.0
2438592
1048960
0.0
2765184
1048968
0.0
2761952
1048968
0.0
2965472
1048968
0.0
2991872
1048968
0.0
2593568
1048952
0.0
2355784
1048936
0.0
2497992
1048944
0.0
2537888
1048960
0.0
2979176
1048968
0.0
4487608
1049128
0.0
3941504
1049128
0.0
3096760
1048992
0.0
2464648
1048936
0.0
2601736
1048960
0.0
2811856
1048968
0.0
2571752
1048960
0.0
2742192
1048960
0.0
2655912
1048968
0.0
2852296
1048968
0.0
2422320
1048936
0.0
2916240
1048968
0.0
2515664
1048936
0.0
2491584
1048944
0.0
2687504
1048960
0.0
2496888
1048952
0.0
2709032
1048960
0.0
2663256
1048968
0.0
2710288
1048960
0.0
2788480
1048960
0.0
2756520
1048944
0.0
2567504
1048952
0.0
2517272
1048936
0.0
2749152
1048968
0.0
2589848
1048936
0.0
2321832
1048944
0.0
2904656
1048968
0.0
2590008
1048952
0.0
2542008
1048944
0.0
2770616
1048960
0.0
2734072
1048944
0.0
2589296
1048936
0.0
2735760
1048936
0.0
2610456
1048968
0.0
3718288
1049032
0.0
2894912
1049128
0.0
2745600
1049128
0.0
2344704
1049128
0.0
2251824
1049128
0.0
2533720
1048944
0.0
2489264
1048936
0.0
2723192
1048968
0.0
2497776
1048944
0.0
2692216
1048968
0.0
2644192
1048936
0.0
2714840
1048968
0.0
2650120
1048968
0.0
2547184
1048936
0.0
2455024
1048936
0.0
2608384
1048952
0.0
2454176
1048936
0.0
2543176
1048936
0.0
2714824
1048960
0.0
2459968
1048936
0.0
2951328
1048968
0.0
2373704
1048944
0.0
2717528
1048960
0.0
3042552
1048968
0.0
3026624
1048968
0.0
2662360
1048960
0.0
2707392
1048960
0.0
2409144
1048944
0.0
2497952
1048936
0.0
2524352
1048936
0.0
2586512
1048968
0.0
2538880
1048952
0.0
2693896
1048968
0.0
2490712
1048936
0.0
2700064
1048968
0.1
3827216
1048912
0.0
2567616
1049128
0.0
2651040
1049128
0.0
2594304
1048944
0.0
2887152
1048968
0.0
2327344
1048936
0.0
2703384
1048968
0.0
2435512
1048944
0.0
2524352
1048936
0.0
2415464
1048952
0.0
2705696
1048960
0.0
2639512
1048936
0.0
2501800
1048944
0.0
2797704
1048968
0.0
2595976
1048960
0.0
2535104
1048944
0.0
2367408
1048944
0.0
3029856
1048968
0.0
2524016
1048936
0.0
2544000
1048952
0.0
2862120
1048968
0.0
2704880
1048960
0.0
2778664
1048936
0.0
2715936
1048960
0.0
2589568
1048936
0.0
2476904
1048936
0.0
2993944
1048960
0.0
2482024
1048936
0.0
2986704
1048960
0.0
2480576
1048936
0.0
2652416
1048960
0.0
2426264
1048952
0.0
2728984
1048968
0.0
2907344
1048968
0.0
2615272
1048936
0.0
2701264
1048960
0.0
3713296
1049032
0.0
2939136
1049128
0.0
2549040
1049128
0.0
2401568
1048944
0.0
2950936
1048952
0.0
2662696
1048960
0.0
2948096
1048968
0.0
2743592
1048960
0.0
2682848
1048968
0.0
2652416
1048960
0.0
2555920
1048952
0.0
2626016
1048960
0.0
2592456
1048952
0.0
2482072
1048952
0.0
2652416
1048960
0.0
2614176
1048952
0.0
3015040
1048968
0.0
3265808
1049032
0.0
2800168
1048968
0.0
2686976
1048960
0.0
2848536
1048968
0.0
2615496
1048960
0.0
2548968
1048936
0.0
2413904
1048944
0.0
2909000
1048968
0.0
3081568
1048992
0.0
2341120
1048928
0.0
2520776
1048944
0.0
2374008
1048960
0.0
2759520
1048960
0.0
2429376
1048936
0.0
2466096
1048936
0.0
2659248
1048968
0.0
2461528
1048944
0.0
2614176
1048952
0.0
2520008
1048936
0.0
2759520
1048960
0.0
2704880
1048960
0.0
2968704
1048968
0.0
2617472
1048960
0.0
2691000
1048968
0.0
2582240
1048960
0.0
2721728
1048960
0.0
2684016
1048944
0.0
2672352
1048960
0.0
2736016
1048960
0.0
2617328
1048960
0.0
4308672
1049128
0.0
2889120
1049128
0.0
2121792
1049128
0.0
2794664
1048992
0.0
2519936
1048944
0.0
2980288
1048968
0.0
2381824
1048952
0.0
2312528
1048936
0.0
2575872
1048960
0.0
2624720
1048960
0.0
2511432
1048960
0.0
3008136
1048968
0.0
2487320
1048944
0.0
2670712
1048960
0.0
2619448
1048960
0.0
4113128
1049064
0.0
2734800
1049128
0.0
2158944
1049128
0.0
3105872
1048992
0.0
3978280
1049120
0.0
2721872
1048960
0.0
2761720
1048968
0.0
2652416
1048960
0.0
2467200
1048944
0.0
2758072
1048960
0.0
2493264
1048944
0.0
2930512
1048968
0.0
2349968
1048952
0.0
2924928
1048968
0.0
2790912
1048968
0.0
2907752
1048968
0.0
2687504
1048960
0.0
2724896
1048968
0.0
2454512
1048936
0.0
2929608
1048968
0.0
2714504
1048968
0.0
2733840
1048960
0.0
2674680
1048944
0.0
2606080
1048960
0.0
2905224
1048968
0.0
2697568
1048968
0.0
2570216
1048960
0.0
2727536
1048968
0.0
2706592
1048968
0.0
2503792
1048952
0.0
2862176
1048960
0.0
2947608
1048960
0.0
2631240
1048944
0.0
2944712
1048960
0.0
2711272
1048968
0.0
2516872
1048968
0.0
3868320
1049040
0.0
3327432
1049128
0.0
2330432
1049128
0.0
2688760
1048960
0.0
2749696
1048968
0.0
2698680
1048968
0.0
2711608
1048968
0.0
2773872
1048968
0.0
2590936
1048936
0.0
2537248
1048936
0.0
2668344
1048960
0.0
2538336
1048944
0.0
2792616
1048968
0.0
2533040
1048936
0.0
2402304
1048936
0.0
2645328
1048960
0.0
2722256
1048960
0.0
3459848
1049008
0.0
3359296
1049128
0.0
2875632
1049128
0.0
2354880
1048944
0.0
2540832
1048944
0.0
2663280
1048960
0.0
2471888
1048936
0.0
2674216
1048968
0.0
2958232
1048968
0.0
2537888
1048960
0.0
2547520
1048936
0.0
4344688
1049056
0.0
3485568
1049128
0.0
3691192
1049128
0.0
2586192
1049128
0.0
2493312
1049128
0.0
2474736
1049128
0.0
2431424
1048952
0.0
2849968
1048968
0.0
2675192
1048960
0.0
2699688
1048968
0.0
4270992
1049048
0.0
2606600
1048952
0.0
2626904
1048936
0.0
3106184
1048968
0.0
2704160
1048960
0.0
2656376
1048960
0.0
2782224
1048968
0.0
2543424
1048952
0.0
2883560
1048960
0.0
2688104
1048968
0.0
2355760
1048952
0.0
2617328
1048960
0.0
2751192
1048968
0.0
2834688
1048968
0.0
2173440
1048952
0.0
2610232
1048960
0.0
2631616
1048960
0.0
2380376
1048952
0.0
2905640
1048968
0.0
2485536
1048944
0.0
2730944
1048960
0.0
2448400
1048944
0.0
2853848
1048968
0.0
2570064
1048952
0.0
2502296
1048936
0.0
2536424
1048952
0.0
2868136
1048968
0.0
2503248
1048944
0.0
4177832
1049056
0.0
3393288
1049128
0.0
2641920
1049128
0.0
2058288
1049128
0.0
2660496
1049128
0.0
2084640
1049128
0.0
2456160
1049128
0.0
2761896
1049128
0.0
2771928
1048960
0.0
2600416
1048968
0.0
2950992
1048968
0.0
3045848
1048968
0.0
2451280
1048936
0.0
2775656
1048968
0.0
2661104
1048960
0.0
2662688
1048928
0.0
2696192
1048960
0.0
2917560
1048968
0.0
2808752
1048960
0.0
2660384
1048960
0.0
2406152
1048944
0.0
2863920
1048960
0.0
2546624
1048944
0.0
2514216
1048936
0.0
2526104
1048960
0.0
2817336
1048944
0.0
2519920
1048952
0.0
3017936
1048968
0.0
2739168
1048960
0.0
2487816
1048936
0.0
3594856
1049032
0.0
2809104
1049128
0.0
2233248
1049128
0.0
3314464
1049032
0.0
3653688
1049128
0.0
2788216
1048992
0.0
2604384
1048936
0.0
2377432
1048936
0.0
2514832
1048944
0.0
2472936
1048944
0.0
2599952
1048960
0.0
2489264
1048936
0.0
2552280
1048960
0.0
2489264
1048936
0.0
2995144
1048968
0.0
2450168
1048936
0.0
2441320
1048960
0.0
2521792
1048936
0.0
2698704
1048960
0.0
2711608
1048968
0.0
2656912
1048960
0.0
2718640
1048960
0.0
3450760
1049016
0.0
3055504
1048984
0.0
2860752
1048968
0.0
2684096
1048968
0.0
2748920
1048968
0.0
2572256
1048960
0.0
2714504
1048968
0.0
2690016
1048960
0.0
2140296
1048944
0.0
2721640
1048968
0.0
2707016
1048936
0.0
2570400
1048952
0.0
3447544
1048992
0.0
3412144
1049128
0.0
2303840
1048936
0.0
2367040
1048952
0.0
3476264
1048992
0.0
2471936
1048952
0.0
2656376
1048960
0.0
2445488
1048936
0.0
2550192
1048960
0.0
2715744
1048960
0.0
2599360
1048952
0.0
2585824
1048944
0.0
3486920
1049008
0.0
3013264
1049128
0.0
2753376
1049128
0.0
2474736
1049128
0.0
2047488
1049128
0.0
2363280
1049128
0.0
1917456
1049128
0.0
2177520
1049128
0.0
2660496
1049128
0.0
2809104
1049128
0.0
2611800
1048936
0.0
2430280
1048952
0.0
2352472
1048944
0.0
2721536
1048960
0.0
2752488
1048968
0.0
2610632
1048944
0.0
2763968
1048968
0.0
2991032
1048968
0.0
2699688
1048968
0.0
2575088
1048936
0.0
2713184
1048960
0.0
2723968
1048968
0.0
2760984
1048968
0.0
2472504
1048944
0.0
2766968
1048968
0.0
2402096
1048952
0.0
3148512
1048968
0.0
2683528
1048968
0.0
2481320
1048936
0.0
2374864
1048928
0.0
2708376
1048968
0.0
2599952
1048960
0.0
2859280
1048960
0.0
2689768
1048944
0.0
3975424
1049128
0.0
2766632
1048968
0.0
2645272
1048960
0.0
2644328
1048968
0.0
3234848
1049000
0.0
3310656
1049128
0.0
1806000
1049128
0.0
2549040
1049128
0.0
2734800
1049128
0.0
2456160
1049128
0.0
1954608
1049128
0.0
2679072
1049128
0.0
2344704
1049128
0.0
2251824
1049128
0.0
2604768
1049128
0.0
2010336
1049128
0.0
2251824
1049128
0.0
3129368
1048992
0.0
2440040
1048944
0.0
2778992
1048968
0.0
2547904
1048952
0.0
4314336
1049128
0.0
3032016
1049128
0.0
2419008
1049128
0.0
2381856
1049128
0.0
2567616
1049128
0.0
2683184
1048968
0.0
2753728
1048960
0.0
2586064
1048936
0.0
2939744
1048968
0.0
2730696
1048936
0.0
2489264
1048936
