im-chacha-poly-2048
1000
08/28/18
0.0
2721871
1048960
0.0
2576325
1048936
0.0
2836245
1048968
0.0
2745679
1048952
0.0
2580033
1048936
0.0
2369953
1048952
0.0
2554614
1048960
0.0
2503928
1048936
0.0
2407601
1048952
0.0
2434071
1048936
0.0
2759745
1048968
0.0
2781818
1048968
0.0
2890174
1048968
0.0
3124626
1048992
0.0
2865205
1048968
0.0
2510056
1048952
0.0
2981689
1048952
0.0
2947741
1048968
0.0
2945198
1048968
0.0
2244421
1048936
0.0
3828926
1049128
0.0
2597056
1048936
0.0
2714740
1048968
0.0
2401186
1048936
0.0
2579937
1048960
0.0
2717185
1048936
0.0
2632064
1048960
0.0
4163171
1049072
0.0
2686168
1048968
0.0
2549555
1048960
0.0
2668376
1048968
0.0
2809240
1048944
0.0
2913342
1048968
0.0
2668023
1048968
0.0
2660104
1048968
0.0
2921034
1048968
0.0
2493056
1048960
0.0
2661024
1048960
0.0
2839891
1048960
0.0
2383836
1048944
0.0
2693230
1048968
0.0
2847131
1048960
0.0
2407954
1048952
0.0
2501422
1048960
0.0
2648104
1048968
0.0
2436398
1048944
0.0
2535784
1048936
0.0
2700440
1048968
0.0
2724522
1048968
0.0
2311902
1048944
0.0
2965823
1048968
0.0
2688986
1048936
0.0
2532863
1048960
0.0
2872445
1048968
0.0
2791809
1048968
0.0
2613570
1048952
0.0
2942782
1048968
0.0
2879685
1048968
0.0
2650141
1048952
0.0
2550270
1048960
0.0
2475710
1048936
0.0
2691842
1048960
0.0
2446961
1048944
0.0
2668051
1048968
0.0
2639401
1048936
0.0
2733128
1048960
0.0
2733183
1048968
0.0
2603730
1048960
0.0
2941078
1048968
0.0
2874246
1048968
0.0
2754931
1048968
0.0
4177118
1049128
0.0
2698955
1049128
0.0
2401595
1049128
0.0
1713950
1049128
0.0
2383010
1049128
0.0
1751120
1049128
0.0
3133227
1048992
0.0
2588954
1048952
0.0
2749492
1048968
0.0
3057075
1048968
0.0
2840589
1048968
0.0
2841394
1048968
0.0
2623023
1048960
0.0
2624999
1048968
0.0
2407376
1048944
0.0
2490543
1048936
0.0
2765745
1048968
0.0
2725554
1048968
0.0
2785565
1048968
0.0
3202535
1048976
0.0
2760147
1048968
0.0
2943750
1048968
0.0
2697336
1048968
0.0
2697689
1048968
0.0
2663887
1048968
0.0
2843485
1048968
0.0
2983199
1048968
0.0
2627178
1048944
0.0
2558546
1048952
0.0
2597995
1048952
0.0
2673291
1048952
0.0
4369043
1049128
0.0
2652448
1048968
0.0
2343889
1048952
0.0
2754735
1048960
0.0
2662584
1048968
0.0
2559625
1048960
0.0
2617584
1048960
0.0
2454824
1048952
0.0
2645208
1048968
0.0
2870997
1048968
0.0
4205602
1049128
0.0
2442365
1048952
0.0
2823312
1048968
0.0
2575690
1048968
0.0
2532936
1048936
0.0
2746713
1048968
0.0
2494367
1048928
0.0
2403257
1048952
0.0
3780802
1049128
0.0
2817789
1048944
0.0
2327392
1048944
0.0
2986095
1048968
0.0
2542265
1048952
0.0
2599912
1048960
0.0
2878590
1048968
0.0
2624282
1048944
0.0
2483303
1048936
0.0
4231901
1049128
0.0
2651272
1048960
0.0
2608543
1048960
0.0
2887730
1048968
0.0
2596567
1048936
0.0
2868454
1048968
0.0
2700585
1048968
0.0
2306666
1048936
0.0
2789909
1048968
0.0
2453607
1048960
0.0
2707682
1048960
0.0
2807638
1048968
0.0
2429585
1048944
0.0
2381534
1048944
0.0
2620802
1048960
0.0
2616139
1048960
0.0
2679960
1048968
0.0
2665335
1048968
0.0
2586823
1048960
0.0
2839141
1048968
0.0
2983199
1048968
0.0
2935062
1048968
0.0
2556049
1048936
0.0
2665722
1048960
0.0
2732586
1048968
0.0
2644355
1048960
0.0
2563985
1048952
0.0
2735337
1048968
0.0
2762835
1048968
0.0
2327035
1048928
0.0
2874246
1048968
0.0
2450480
1048952
0.0
2591850
1048952
0.0
2755609
1048968
0.0
2948094
1048968
0.0
2433104
1048952
0.0
2573835
1048944
0.0
2580320
1048960
0.0
2668578
1048960
0.0
2977054
1048968
0.0
2598054
1048936
0.0
2729545
1048968
0.0
2594032
1048960
0.0
2937986
1048968
0.0
2767691
1048968
0.0
2948094
1048968
0.0
2882581
1048968
0.0
2626303
1048960
0.0
2590212
1048968
0.0
3692911
1049128
0.0
2497047
1048960
0.0
2574474
1048952
0.0
2678722
1048960
0.0
2453990
1048936
0.0
2662231
1048968
0.0
2600755
1048968
0.0
2656647
1048968
0.0
2874246
1048968
0.0
4113034
1049064
0.0
2736640
1048968
0.0
2697608
1048960
0.0
2597642
1048952
0.0
2916510
1048968
0.0
2835602
1048968
0.0
2726947
1048960
0.0
2558546
1048952
0.0
2640011
1048960
0.0
2297978
1048936
0.0
2943750
1048968
0.0
3968808
1049056
0.0
2666816
1048968
0.0
2778777
1048968
0.0
2765628
1048968
0.0
2641082
1048952
0.0
2434772
1048952
0.0
2861611
1048960
0.0
2734034
1048968
0.0
2513328
1048960
0.0
2437653
1048944
0.0
3930859
1049128
0.0
2548402
1048960
0.0
2983250
1048992
0.0
2767138
1048960
0.0
2981751
1048968
0.0
2524889
1048952
0.0
3041735
1048992
0.0
3321633
1049128
0.0
2940545
1048960
0.0
2703369
1048960
0.0
2682786
1048968
0.0
2871350
1048968
0.0
2666624
1048952
0.0
2839141
1048968
0.0
2585431
1048968
0.0
2507196
1048936
0.0
2705907
1048968
0.0
2767691
1048968
0.0
2682503
1048968
0.0
2980303
1048968
0.0
2270094
1048936
0.0
3089270
1049000
0.0
2529233
1048952
0.0
2854426
1048968
0.0
2556390
1048960
0.0
2880518
1048968
0.0
2713602
1048936
0.0
2670122
1048960
0.0
3880998
1049128
0.0
2807231
1048952
0.0
2850725
1048968
0.0
2659335
1048968
0.0
4366295
1049128
0.0
2562554
1048936
0.0
2891026
1048992
0.0
2575491
1048960
0.0
2677305
1048960
0.0
2752279
1048960
0.0
3003471
1048968
0.0
2878590
1048968
0.0
2463865
1048952
0.0
2875738
1048960
0.0
2682711
1048968
0.0
2540817
1048952
0.0
2598737
1048952
0.0
2943750
1048968
0.0
2622421
1048968
0.0
2797446
1048968
0.0
2726649
1048968
0.0
2900310
1048968
0.0
2931099
1048968
0.0
2830453
1048968
0.0
2763863
1048960
0.0
2881486
1048968
0.0
2729545
1048968
0.0
2549858
1048952
0.0
2652720
1048960
0.0
2717961
1048968
0.0
2939406
1048968
0.0
4243472
1049128
0.0
2704786
1048960
0.0
2764650
1048968
0.0
2729545
1048968
0.0
2530161
1048944
0.0
2580266
1048952
0.0
2535017
1048960
0.0
2779049
1048960
0.0
2612999
1048968
0.0
2948094
1048968
0.0
3166644
1048976
0.0
3830947
1049128
0.0
2533577
1048952
0.0
2428612
1048944
0.0
2537295
1048928
0.0
2523441
1048952
0.0
2898862
1048968
0.0
2368858
1048952
0.0
2669703
1048936
0.0
2755256
1048968
0.0
2468823
1048936
0.0
2519837
1048936
0.0
2962221
1048968
0.0
2935062
1048968
0.0
2593298
1048952
0.0
2528348
1048968
0.0
2696983
1048968
0.0
2432153
1048960
0.0
2745826
1048968
0.0
2799347
1048960
0.0
2738088
1048968
0.0
3650145
1049128
0.0
2653073
1048960
0.0
2386857
1048936
0.0
2865602
1048960
0.0
2475327
1048960
0.0
2680313
1048968
0.0
2943397
1048968
0.0
2954493
1048968
0.0
2679607
1048968
0.0
2939406
1048968
0.0
2430652
1048960
0.0
2540464
1048952
0.0
2725439
1048968
0.0
2613240
1048960
0.0
3014730
1048968
0.0
2656792
1048968
0.0
2872445
1048968
0.0
2703481
1048968
0.0
2758505
1048968
0.0
2635957
1048936
0.0
2606683
1048952
0.0
2775881
1048968
0.0
2798641
1048960
0.0
2568096
1048936
0.0
2678431
1048960
0.0
2895966
1048968
0.0
2655616
1048960
0.0
2553288
1048952
0.0
2778722
1048960
0.0
2329056
1048952
0.0
2690249
1048944
0.0
2648104
1048968
0.0
2761076
1048968
0.0
2665695
1048944
0.0
2826506
1048960
0.0
2839141
1048968
0.0
2558247
1048960
0.0
2650855
1048968
0.0
2739826
1048968
0.0
2752568
1048968
0.2
2824415
1048952
0.0
3790784
1049128
0.0
2684161
1048960
0.0
2934066
1048968
0.0
2666249
1048968
0.0
2565072
1048960
0.0
2613142
1048936
0.0
2935269
1048944
0.0
2923125
1048968
0.0
2553458
1048936
0.0
2893070
1048968
0.0
2377457
1048928
0.0
2953886
1048968
0.0
2852526
1048968
0.0
2564268
1048952
0.0
2289290
1048936
0.0
2700585
1048968
0.0
2757002
1048960
0.0
2784597
1048968
0.0
2836245
1048968
0.0
2777474
1048968
0.0
2601205
1048936
0.0
2733889
1048968
0.0
2443031
1048960
0.0
2922030
1048968
0.0
2694793
1048968
0.0
2800073
1048968
0.0
2735813
1048936
0.0
2718944
1048960
0.0
2807737
1048968
0.0
2915885
1048968
0.0
2639346
1048968
0.0
3738031
1049024
0.0
2704223
1048968
0.0
2717844
1048960
0.0
2784806
1048960
0.0
2494880
1048936
0.0
2912989
1048968
0.0
2636529
1048944
0.0
2874246
1048968
0.0
2539589
1048936
0.0
2882934
1048968
0.0
2602337
1048960
0.0
2880876
1048976
0.0
2666249
1048968
0.0
2836245
1048968
0.0
2784161
1048960
0.0
2472200
1048952
0.0
2626602
1048952
0.0
2582531
1048944
0.0
2626681
1048944
0.0
2831901
1048968
0.0
2504921
1048960
0.0
2901758
1048968
0.0
2658240
1048968
0.0
2609250
1048960
0.0
2499712
1048952
0.0
2888726
1048968
0.0
2897458
1048960
0.0
2613105
1048936
0.0
2602339
1048952
0.0
2834154
1048968
0.0
2493439
1048936
0.0
2532129
1048952
0.0
2706009
1048936
0.0
2409402
1048952
0.0
2559639
1048960
0.0
2696096
1048968
0.0
2611086
1048960
0.0
2616490
1048960
0.0
2557579
1048968
0.0
2592968
1048960
0.0
2411031
1048952
0.0
2468056
1048960
0.0
2550592
1048960
0.0
2434071
1048936
0.0
2781701
1048968
0.0
2578818
1048952
0.0
2914790
1048968
0.0
2832706
1048968
0.0
2874246
1048968
0.0
2613105
1048936
0.0
2948447
1048968
0.0
2691544
1048968
0.0
2683209
1048968
0.0
2873665
1048968
0.0
2912989
1048968
0.0
2746949
1048968
0.0
2872445
1048968
0.0
2568096
1048936
0.0
2931071
1048968
0.0
2623014
1048936
0.0
2871350
1048968
0.0
2826914
1048968
0.0
2715065
1048968
0.0
2709571
1048960
0.0
2704250
1048968
0.0
2725229
1048968
0.0
2971486
1048968
0.0
2715065
1048968
0.0
2903822
1048936
0.0
2462064
1048952
0.0
3844249
1049048
0.0
2714441
1048968
0.0
2548521
1048944
0.0
2810633
1048968
0.0
2710993
1048960
0.0
2665335
1048968
0.0
2926374
1048968
0.0
2694295
1048968
0.0
2532888
1048936
0.0
2755609
1048968
0.0
2606354
1048960
0.0
2871350
1048968
0.0
2785565
1048968
0.0
2930365
1048968
0.0
2659688
1048968
0.0
2691754
1048960
0.0
2865205
1048968
0.0
2839141
1048968
0.0
2646575
1048960
0.0
2490569
1048944
0.0
2519578
1048944
0.0
2904301
1048968
0.0
2953886
1048968
0.0
2543876
1048968
0.0
2579614
1048960
0.0
2725201
1048968
0.0
2673815
1048968
0.0
2578353
1048936
0.0
2836245
1048968
0.0
2397048
1048960
0.0
2634991
1048960
0.0
2523222
1048952
0.0
2489042
1048952
0.0
3267211
1049000
0.0
2858417
1048968
0.0
2561442
1048952
0.0
2698658
1048936
0.0
3000616
1048968
0.0
2813474
1048960
0.0
2645480
1048960
0.0
2711137
1048968
0.0
2751150
1048968
0.0
2918781
1048968
0.0
2536473
1048952
0.0
2873151
1048968
0.0
2734984
1048968
0.0
2747274
1048968
0.0
2910799
1048968
0.0
3006014
1048968
0.0
4745620
1049096
0.0
2611792
1048960
0.0
3171384
1049008
0.0
2753753
1048960
0.0
2541162
1048960
0.0
2549297
1048952
0.0
2415122
1048960
0.0
2724056
1048960
0.0
2411945
1048952
0.0
2709273
1048968
0.0
2859413
1048968
0.0
4119870
1049032
0.0
2439457
1048952
0.0
2610674
1048952
0.0
2795701
1048968
0.0
2432153
1048960
0.0
2668971
1048960
0.0
2878590
1048968
0.0
2694359
1048960
0.0
2541162
1048960
0.0
2783102
1048944
0.0
2349903
1048944
0.0
2675888
1048960
0.0
2523616
1048936
0.0
2670096
1048960
0.0
2778859
1048968
0.0
2397048
1048960
0.0
2717608
1048968
0.0
2588952
1048960
0.0
2611792
1048960
0.0
2707360
1048960
0.0
2456124
1048944
0.0
2478091
1048944
0.0
2656424
1048936
0.0
2526682
1048960
0.0
2887894
1048936
0.0
2706232
1048968
0.0
2668792
1048968
0.0
2644616
1048936
0.0
2663889
1048960
0.0
2780523
1048960
0.0
2892074
1048968
0.0
2558546
1048952
0.0
2461583
1048936
0.0
4457665
1049128
0.0
2913342
1048968
0.0
2736785
1048968
0.0
2938311
1048968
0.0
2705227
1048960
0.0
2816923
1048968
0.0
2350459
1048936
0.0
2942302
1048968
0.0
2873893
1048968
0.0
2875694
1048968
0.0
2675888
1048960
0.0
2447064
1048944
0.0
2635017
1048960
0.0
2677064
1048968
0.0
2479793
1048952
0.0
2846028
1048968
0.0
3076015
1048960
0.0
2753356
1048968
0.0
2595099
1048952
0.0
2882934
1048968
0.0
2631144
1048968
0.0
2361279
1048936
0.0
2396887
1048944
0.0
2454866
1048944
0.0
2989761
1048968
0.0
2983199
1048968
0.0
2694440
1048968
0.0
2700888
1048960
0.0
2643326
1048960
0.0
2754161
1048968
0.0
2698784
1048968
0.0
3975499
1049032
0.0
2469657
1048952
0.0
2625146
1048960
0.0
2570483
1048952
0.0
2677445
1048968
0.0
2462002
1048936
0.0
2670629
1048936
0.0
2780225
1048968
0.0
2567646
1048960
0.0
2839593
1048968
0.0
2711735
1048960
0.0
2671127
1048968
0.0
2720758
1048968
0.0
2575922
1048952
0.0
2575233
1048936
0.0
2498472
1048952
0.0
2843485
1048968
0.0
2796072
1048960
0.0
2527785
1048952
0.0
3713056
1049088
0.0
2626174
1048936
0.0
2942302
1048968
0.0
2874246
1048968
0.0
2593298
1048952
0.0
2944103
1048968
0.0
2766521
1048960
0.0
2912989
1048968
0.0
2733889
1048968
0.0
2612999
1048968
0.0
2978855
1048968
0.0
2713264
1048968
0.0
2770089
1048968
0.0
2611759
1048968
0.0
2701963
1048968
0.0
2346785
1048952
0.0
2542265
1048952
0.0
3062221
1048968
0.0
2971389
1048968
0.0
2613960
1048944
0.0
2904301
1048968
0.0
2610674
1048952
0.0
2818913
1048960
0.0
2874246
1048968
0.0
2493142
1048944
0.0
2630305
1048968
0.0
2791754
1048960
0.0
2550971
1048968
0.0
2714920
1048968
0.0
2516682
1048944
0.0
2627938
1048936
0.0
2901758
1048968
0.0
2658481
1048960
0.0
2916690
1048968
0.0
2726649
1048968
0.0
2868454
1048968
0.0
2520537
1048960
0.0
2653751
1048968
0.0
2744170
1048968
0.0
4116957
1049040
0.0
2965470
1048968
0.0
2959678
1048968
0.0
2629386
1048936
0.0
2573339
1048936
0.0
2843937
1048968
0.0
2595287
1048952
0.0
2688014
1048936
0.0
2515159
1048936
0.0
2655278
1048960
0.0
2943750
1048968
0.0
2697121
1048968
0.0
2616136
1048960
0.0
2868454
1048968
0.0
2659335
1048968
0.0
2800497
1048968
0.0
2650855
1048968
0.0
2519991
1048952
0.0
2956139
1048968
0.0
2606683
1048952
0.0
2895613
1048968
0.0
2688648
1048968
0.0
2881530
1048960
0.0
2767546
1048968
0.0
2911541
1048968
0.0
2429321
1048952
0.0
2706260
1048968
0.0
2803924
1048936
0.0
2892019
1048960
0.0
2881486
1048968
0.0
2850082
1048968
0.0
2955334
1048968
0.0
2813021
1048968
0.0
2432625
1048976
0.0
2912989
1048968
0.0
4456537
1049128
0.0
2542571
1049128
0.0
1955555
1049128
0.0
1899800
1049128
0.0
2178575
1049128
0.0
2434688
1049128
0.0
2871350
1048968
0.0
2836245
1048968
0.0
2651416
1048968
0.0
2647959
1048968
0.0
2773288
1048960
0.0
2874246
1048968
0.0
2433104
1048952
0.0
2792107
1048960
0.0
2907578
1048968
0.0
2706322
1048960
0.0
2590072
1048960
0.0
2891269
1048968
0.0
2709273
1048968
0.0
2878590
1048968
0.0
2478192
1048960
0.0
2779075
1048960
0.0
2826091
1048968
0.0
2717906
1048960
0.0
2849651
1048952
0.0
2522016
1048960
0.0
2869902
1048968
0.0
2524912
1048960
0.0
2432153
1048960
0.0
2701680
1048968
0.0
2796714
1048968
0.0
2849277
1048968
0.0
2297648
1048944
0.0
2998774
1048968
0.0
2868454
1048968
0.0
2440344
1048952
0.0
4473058
1049104
0.0
2680313
1048968
0.0
2625076
1048960
0.0
2813529
1048968
0.0
4373928
1049096
0.0
2503360
1048960
0.0
2797276
1048968
0.0
2862309
1048968
0.0
2855069
1048968
0.0
2831286
1048968
0.0
2908645
1048968
0.0
2478550
1048944
0.0
2752713
1048968
0.0
2709273
1048968
0.0
2656792
1048968
0.0
3968923
1049064
0.0
2661785
1049128
0.0
2383010
1049128
0.0
3236599
1048984
0.0
2407654
1048936
0.0
2679960
1048968
0.0
2506057
1048960
0.0
2659688
1048968
0.0
2528147
1048960
0.0
2641009
1048968
0.0
2491229
1048944
0.0
2901758
1048968
0.0
2409102
1048936
0.0
2771773
1048968
0.0
2535025
1048952
0.0
2541162
1048960
0.0
2597281
1048960
0.0
2620158
1048960
0.0
2615895
1048968
0.0
2855466
1048960
0.0
2569569
1048952
0.0
2633414
1048936
0.0
2490569
1048944
0.0
4520869
1049128
0.0
2461583
1048936
0.0
2983199
1048968
0.0
2795924
1048960
0.0
2458281
1048952
0.0
2964474
1048968
0.0
2916238
1048968
0.0
2979625
1048968
0.0
2571539
1048936
0.0
2448985
1048944
0.0
2365403
1048936
0.0
2755962
1048968
0.0
4277830
1049128
0.0
2728395
1048960
0.0
2940854
1048968
0.0
2944103
1048968
0.0
2639657
1048960
0.0
2459168
1048952
0.0
2643247
1048952
0.0
2684161
1048960
0.0
2714740
1048968
0.0
2457956
1048952
0.0
2632617
1048944
0.0
2943750
1048968
0.0
2977054
1048968
0.0
2900310
1048968
0.0
2877142
1048968
0.0
2897414
1048968
0.0
2708594
1048968
0.0
2904011
1048968
0.0
2651063
1048968
0.0
2719264
1048968
0.0
2677064
1048968
0.0
2614785
1048936
0.0
2668231
1048968
0.0
2741129
1048968
0.0
2637913
1048960
0.0
2746921
1048968
0.0
2937958
1048968
0.0
2884421
1048960
0.0
2874246
1048968
0.0
2731138
1048968
0.0
2928175
1048968
0.0
2831286
1048968
0.0
2510056
1048952
0.0
2816923
1048968
0.0
2775383
1048968
0.0
2691842
1048960
0.0
2818869
1048968
0.0
2505987
1048960
0.0
2916591
1048968
0.0
2920229
1048968
0.0
2606997
1048936
0.0
2813827
1048960
0.0
2727310
1048960
0.0
2279173
1048936
0.0
2871350
1048968
0.0
2751503
1048968
0.0
2915885
1048968
0.0
2749845
1048968
0.0
3010386
1048968
0.0
2374722
1048936
0.0
2549169
1048936
0.0
2574474
1048952
0.0
2920229
1048968
0.0
2881486
1048968
0.0
2978855
1048968
0.0
2909351
1048968
0.0
2628073
1048960
0.0
2733455
1048960
0.0
2927822
1048968
0.0
2717608
1048968
0.0
2759898
1048960
0.0
2688536
1048960
0.0
2686349
1048960
0.0
2487731
1048936
0.0
2582809
1048952
0.0
2491991
1048936
0.0
2859766
1048968
0.0
2483186
1048960
0.0
2960773
1048968
0.0
2908998
1048968
0.0
2575920
1048960
0.0
2843485
1048968
0.0
4703325
1049128
0.0
2432153
1048960
0.0
2725971
1048968
0.0
2923930
1048968
0.0
2922907
1048952
0.0
2720423
1048960
0.0
2989215
1048968
0.0
2623795
1048952
0.0
2732441
1048968
0.0
2536787
1048936
0.0
2850082
1048968
0.0
2745473
1048968
0.0
2863757
1048968
0.0
2917794
1048944
0.0
2611834
1048968
0.0
2907225
1048968
0.0
2724522
1048968
0.0
2579964
1048944
0.0
2667553
1048960
0.0
2773338
1048968
0.0
2926374
1048968
0.0
2697544
1048968
0.0
2971262
1048968
0.0
3200305
1049000
0.0
2690306
1048960
0.0
2568682
1048952
0.0
2870997
1048968
0.0
2812081
1048968
0.0
2753274
1048968
0.0
2679635
1048968
0.0
2646866
1048960
0.0
2871350
1048968
0.0
2608683
1048968
0.0
2710640
1048960
0.0
2578316
1048944
0.0
2732441
1048968
0.0
2504200
1048960
0.0
2978855
1048968
0.0
2936157
1048968
0.0
2920582
1048968
0.0
2590600
1048968
0.0
2600911
1048968
0.0
2641847
1048960
0.0
2713915
1048960
0.0
2506057
1048960
0.0
2839141
1048968
0.0
3000222
1048968
0.0
2796289
1048952
0.0
2739536
1048968
0.0
2591167
1048960
0.0
2684542
1048968
0.0
2757265
1048968
0.0
2715065
1048968
0.0
3620848
1049040
0.0
2565433
1048952
0.0
2690124
1048968
0.0
2578418
1048960
0.0
2732007
1048960
0.0
2744378
1048968
0.0
2837195
1048968
0.0
2719409
1048968
0.0
2949228
1048960
0.0
2677689
1048960
0.0
2950990
1048968
0.0
2697689
1048968
0.0
2659460
1048960
0.0
2877142
1048968
0.0
2599886
1048960
0.0
2920621
1048960
0.0
2962221
1048968
0.0
2695209
1048968
0.0
2988041
1048968
0.0
2878590
1048968
0.0
2509978
1048960
0.0
2785565
1048968
0.0
2593352
1048960
0.0
2810931
1048960
0.0
2666249
1048968
0.0
2699446
1048968
0.0
2781818
1048968
0.0
2853974
1048968
0.0
2878590
1048968
0.0
2818913
1048960
0.0
2705227
1048960
0.0
2882581
1048968
0.0
3277697
1049016
0.0
2682264
1048936
0.0
2881486
1048968
0.0
2764505
1048968
0.0
4420453
1049096
0.0
2740984
1048968
0.0
2955334
1048968
0.0
2647227
1048952
0.0
2698992
1048968
0.0
2729400
1048968
0.0
2562890
1048952
0.0
2852625
1048968
0.0
2552040
1048960
0.0
2865205
1048968
0.0
2631066
1048936
0.0
2719264
1048968
0.0
2337074
1048936
0.0
2620480
1048960
0.0
2704929
1048968
0.0
2606683
1048952
0.0
2348939
1048952
0.0
2729545
1048968
0.0
3235310
1049000
0.0
2528544
1048936
0.0
2964297
1048952
0.0
2904698
1048960
0.0
2899254
1048960
0.0
2469176
1048936
0.0
2874246
1048968
0.0
2600208
1048960
0.0
2662918
1048944
0.0
2636310
1048936
0.0
2828507
1048968
0.0
2698784
1048968
0.0
2918781
1048968
0.0
2878590
1048968
0.0
2337432
1048928
0.0
2749817
1048968
0.0
2836245
1048968
0.0
2926299
1048968
0.0
2743617
1048960
0.0
2470952
1048960
0.0
2943750
1048968
0.0
2816923
1048968
0.0
2709127
1048944
0.0
2620536
1048968
0.0
2843485
1048968
0.0
2800661
1048936
0.0
2640368
1048960
0.0
2712137
1048944
0.0
2562890
1048952
0.0
2587820
1048936
0.0
2468440
1048960
0.0
2667872
1048944
0.0
2836245
1048968
0.0
2948094
1048968
0.0
2720504
1048968
0.0
2472644
1048944
0.0
2895966
1048968
0.0
2596214
1048944
0.0
3776077
1049072
0.0
2773295
1049128
0.0
2349011
1048936
0.0
2378641
1048952
0.0
2741129
1048968
0.0
2483551
1048952
0.0
2740034
1048968
0.0
2915885
1048968
0.0
2707744
1048960
0.0
2405483
1048936
0.0
2531768
1048960
0.0
2505795
1048936
0.0
2516168
1048960
0.0
2665752
1048960
0.0
2656439
1048968
0.0
3713771
1049040
0.0
2507319
1048944
0.0
2506057
1048960
0.0
2414777
1048960
0.0
2430005
1048936
0.0
2755609
1048968
0.0
2685399
1048968
0.0
2581714
1048952
0.0
2939406
1048968
0.0
2917686
1048968
0.0
2863015
1048968
0.0
2519120
1048960
0.0
2345859
1048928
0.0
2664979
1048960
0.0
2701680
1048968
0.0
2333753
1048952
0.0
2908645
1048968
0.0
2752713
1048968
0.0
2871350
1048968
0.0
2546898
1048960
0.0
2304123
1048936
0.0
2636408
1048960
0.0
2871350
1048968
0.0
2655344
1048968
0.0
2568793
1048944
