im-chacha-poly-1024
1000
08/28/18
0.1
2948566
1048968
0.1
3030428
1049128
0.1
3603860
1049128
0.1
1877964
1049128
0.1
2178813
1049128
0.1
1867179
1049128
0.1
2373480
1049128
0.1
2786701
1048968
0.1
3659139
1049128
0.1
1844496
1049128
0.1
2482839
1048960
0.1
2738264
1049128
0.1
2623150
1049128
0.1
2996172
1049128
0.1
2872841
1048968
0.1
3038245
1048984
0.1
2869631
1049128
0.1
1948752
1049128
0.1
1947297
1049128
0.1
1559418
1049128
0.1
3274808
1049128
0.1
2320389
1049128
0.1
2656632
1049128
0.1
2607905
1048968
0.1
2906054
1049128
0.1
2544214
1048968
0.1
2720218
1049128
0.1
2338878
1049128
0.1
1665600
1049128
0.1
1488630
1049128
0.1
2288847
1049128
0.1
1754085
1049128
0.1
1364751
1049128
0.1
1400145
1049128
0.1
2920370
1049128
0.1
1718691
1049128
0.1
2682995
1048984
0.1
2727420
1049128
0.1
3857553
1049128
0.1
2942924
1049128
0.1
2108025
1049128
0.1
1506327
1049128
0.1
1506327
1049128
0.1
3011507
1049128
0.1
1984146
1049128
0.1
2125722
1049128
0.1
3032846
1049128
0.1
2099787
1049128
0.1
2556828
1048968
0.1
3913002
1049128
0.1
3648584
1049128
0.1
1984146
1049128
0.1
2178813
1049128
0.1
3839839
1049064
0.1
3781917
1049064
0.1
1966449
1049128
0.1
1417842
1049128
0.1
2621238
1049128
0.1
1789479
1049128
0.1
3147796
1049128
0.1
4389725
1049112
0.1
2506965
1048968
0.1
2479685
1048968
0.1
2829830
1048968
0.1
3676881
1049128
0.1
1931055
1049128
0.1
1488630
1049128
0.1
1647903
1049128
0.1
2338086
1049128
0.1
2638935
1049128
0.1
3018338
1048976
0.1
3445152
1049128
0.1
1895661
1049128
0.1
1665600
1049128
0.1
1612509
1049128
0.1
1736388
1049128
0.1
1683297
1049128
0.1
1594812
1049128
0.1
3607768
1049128
0.1
2142449
1049128
0.1
1860267
1049128
0.1
2695270
1048968
0.1
2595488
1049128
0.1
2001843
1049128
0.1
2913726
1048968
0.1
3531921
1049128
0.1
1771782
1049128
0.1
4045314
1049128
0.1
2868996
1049128
0.1
1895661
1049128
0.1
2320389
1049128
0.1
2639870
1049128
0.1
1948752
1049128
0.1
2090328
1049128
0.1
1948752
1049128
0.1
1824873
1049128
0.1
3250709
1049128
0.1
1984146
1049128
0.1
2221119
1049128
0.1
2303648
1049128
0.1
1754085
1049128
0.1
1612509
1049128
0.1
2203422
1049128
0.1
1877964
1049128
0.1
2644989
1048968
0.1
3548229
1049128
0.1
2779331
1049128
0.1
2745117
1049128
0.1
2585844
1049128
0.1
3270933
1049000
0.1
2417362
1048960
0.1
2705623
1048968
0.1
2499816
1048960
0.1
2948674
1049128
0.1
1718691
1049128
0.1
2054934
1049128
0.1
2008755
1049128
0.1
2531834
1048968
0.1
4247681
1049128
0.1
3177990
1049000
0.1
2444268
1049128
0.1
1895661
1049128
0.1
2125722
1049128
0.1
2495871
1048960
0.1
2461965
1049128
0.1
1895661
1049128
0.1
2610887
1048968
0.1
3704550
1049128
0.1
2203422
1049128
0.1
1453236
1049128
0.1
1541721
1049128
0.1
2626413
1048968
0.1
3079629
1049128
0.1
2380392
1049128
0.1
2809415
1048952
0.1
3658273
1049128
0.1
1948752
1049128
0.1
2001843
1049128
0.1
1860267
1049128
0.1
2408874
1049128
0.1
1718691
1049128
0.1
3525888
1049128
0.1
3100787
1049008
0.1
3256058
1049128
0.1
1771782
1049128
0.1
2231904
1049128
0.1
2901354
1049128
0.1
2786708
1048968
0.1
3772711
1049128
0.1
3472170
1049000
0.1
2762814
1049128
0.1
3462825
1049128
0.1
2072631
1049128
0.1
2108025
1049128
0.1
1577115
1049128
0.1
3548273
1049120
0.1
1807176
1049128
0.1
3538985
1049008
0.1
3968469
1049064
0.1
3012209
1048984
0.1
2727420
1049128
0.1
2178813
1049128
0.1
2284995
1049128
0.1
1647903
1049128
0.1
4447143
1049112
0.1
2942882
1049128
0.1
1577115
1049128
0.1
1594812
1049128
0.1
2087425
1049128
0.1
2670044
1049128
0.1
1579362
1049128
0.1
1524024
1049128
0.1
2302692
1049128
0.1
2054934
1049128
0.1
1937967
1049128
0.1
2373480
1049128
0.1
2440067
1049128
0.1
3657373
1049128
0.1
3146132
1049128
0.1
2001843
1049128
0.1
2178813
1049128
0.1
1984146
1049128
0.1
4335591
1049128
0.1
3705625
1049128
0.1
1665600
1049128
0.1
3746803
1049128
0.1
2515056
1049128
0.1
2344998
1049128
0.1
2487098
1048936
0.1
2471000
1048936
0.1
4087944
1049112
0.1
2727420
1049128
0.1
2302692
1049128
0.1
3089667
1049128
0.1
3253737
1049128
0.1
2161116
1049128
0.1
3090794
1048984
0.1
3111007
1049128
0.1
2196510
1049128
0.1
2433483
1049128
0.1
2338086
1049128
0.1
2408874
1049128
0.1
2444268
1049128
0.1
2069079
1049128
0.1
2805465
1049128
0.1
3165134
1049128
0.1
3373035
1049016
0.1
2851299
1049128
0.1
2108025
1049128
0.1
2853113
1049128
0.1
4032063
1049128
0.1
2716635
1049128
0.1
2497359
1049128
0.1
1860267
1049128
0.1
3502273
1049128
0.1
1807176
1049128
0.1
2143419
1049128
0.1
1736388
1049128
0.1
3089280
1049128
0.1
1771782
1049128
0.1
2108025
1049128
0.1
1824873
1049128
0.1
2913981
1049128
0.1
2873186
1049128
0.1
2373480
1049128
0.1
2823179
1048968
0.1
2978262
1049128
0.1
2634952
1048984
0.1
2851299
1049128
0.1
2868042
1048968
0.1
2588383
1048960
0.1
2775758
1049128
0.1
3781116
1049024
0.1
2307730
1048944
0.1
3148145
1049128
0.1
2462267
1048944
0.1
3828882
1049128
0.1
1920270
1049128
0.1
2496389
1049128
0.1
4262277
1049128
0.1
1948752
1049128
0.1
1933302
1049128
0.1
3046659
1049072
0.1
3418115
1049000
0.1
3427747
1049000
0.1
3901645
1049128
0.1
1877964
1049128
0.1
4202815
1049104
0.1
2987613
1049128
0.1
2143419
1049128
0.1
2556178
1048944
0.1
2836700
1049128
0.1
3276263
1049128
0.1
3599925
1049128
0.1
2544794
1048936
0.1
2982978
1048968
0.1
2607594
1048968
0.1
2787423
1049128
0.1
1647903
1049128
0.1
1914150
1049128
0.1
2851299
1049128
0.1
3200929
1049128
0.1
3043655
1049128
0.1
2745117
1049128
0.1
1612509
1049128
0.1
2461965
1049128
0.1
2729248
1049128
0.1
2705829
1049128
0.1
3396026
1049024
0.1
3164059
1049128
0.1
1665600
1049128
0.1
2848625
1048984
0.1
3174970
1049128
0.1
1948752
1049128
0.1
2870281
1048968
0.1
2655542
1048968
0.1
3123742
1049128
0.1
2695270
1048968
0.1
2547758
1049024
0.1
2433483
1049128
0.1
2820497
1048968
0.1
3333859
1049128
0.1
3564167
1049016
0.1
3162381
1049128
0.1
2232696
1049128
0.1
2638935
1049128
0.1
3260144
1049128
0.1
2557362
1049128
0.1
3205950
1049128
0.1
3530040
1049128
0.1
2532753
1049128
0.1
2398769
1048960
0.1
3441171
1049128
0.1
2929051
1049128
0.1
2279011
1049128
0.1
1630206
1049128
0.1
2636301
1048968
0.1
3634882
1049032
0.1
3273267
1048992
0.1
3020313
1049128
0.1
3687018
1049016
0.1
2621238
1049128
0.1
3763635
1049128
0.1
3317390
1049128
0.1
2398089
1049128
0.1
1647903
1049128
0.1
1417842
1049128
0.1
3743872
1049128
0.1
2711597
1048968
0.1
3173255
1048984
0.1
2762814
1049128
0.1
3797584
1049128
0.1
3618175
1049128
0.1
2692026
1049128
0.1
2780511
1049128
0.1
2679342
1048968
0.1
3024298
1049128
0.1
3757804
1049080
0.1
3567426
1049128
0.1
2249601
1049128
0.1
3098938
1049128
0.1
2231904
1049128
0.1
2461965
1049128
0.1
3580363
1049024
0.1
3147486
1049128
0.1
1718691
1049128
0.1
4113413
1049112
0.1
2734332
1049128
0.1
3018045
1049128
0.1
3197744
1049128
0.1
2625536
1048944
0.1
3868316
1049128
0.1
1831785
1049128
0.1
3779186
1049040
0.1
2715050
1048968
0.1
3273245
1049128
0.1
4348585
1049128
0.1
2812890
1048960
0.1
3077259
1048976
0.1
3100284
1049128
0.1
1931055
1049128
0.1
1948752
1049128
0.1
2582034
1048968
0.1
4116827
1049096
0.1
3162803
1049128
0.1
2611526
1048968
0.1
3737780
1049128
0.1
2868996
1049128
0.1
2001843
1049128
0.1
2670871
1048968
0.1
3915971
1049072
0.1
4237713
1049128
0.1
2391177
1049128
0.1
1842570
1049128
0.1
2501675
1049128
0.1
2880007
1049128
0.1
2638935
1049128
0.1
2504271
1049128
0.1
2320389
1049128
0.1
2783008
1048984
0.1
3677858
1049128
0.1
2539501
1049128
0.1
1948752
1049128
0.1
2947503
1048976
0.1
2771915
1048968
0.1
2509861
1048968
0.1
4189423
1049128
0.1
1913358
1049128
0.1
2970212
1049128
0.1
2592756
1049128
0.1
3423572
1049128
0.1
2434491
1049128
0.1
1807176
1049128
0.1
2575059
1049128
0.1
1948752
1049128
0.1
1683297
1049128
0.1
2690683
1048968
0.1
4231610
1049128
0.1
4441232
1049128
0.1
2621238
1049128
0.1
3297316
1048992
0.1
2992749
1049000
0.1
3873029
1049128
0.1
1683297
1049128
0.1
1506327
1049128
0.1
4573841
1049056
0.1
1966449
1049128
0.1
2408874
1049128
0.1
1665600
1049128
0.1
1913358
1049128
0.1
3507974
1049128
0.1
1824873
1049128
0.1
2486410
1049128
0.1
1495542
1049128
0.1
1931055
1049128
0.1
1877964
1049128
0.1
1984146
1049128
0.1
3057768
1048968
0.1
3230688
1049128
0.1
3062549
1049128
0.1
2019540
1049128
0.1
3001109
1049128
0.1
1931055
1049128
0.1
2072631
1049128
0.1
2535865
1049128
0.1
2486574
1049128
0.1
1524024
1049128
0.1
3415230
1049128
0.1
4680883
1049128
0.1
2495467
1048968
0.1
3019657
1049128
0.1
2532753
1049128
0.1
3995880
1049128
0.1
2104131
1049128
0.1
2338086
1049128
0.1
3796027
1049024
0.1
2634076
1048968
0.1
3086126
1048968
0.1
3647751
1049064
0.1
2939784
1049128
0.1
3325235
1049008
0.1
2666620
1048968
0.1
3365610
1049128
0.1
3374183
1049008
0.1
3625793
1049008
0.1
2461965
1049128
0.1
3016764
1048984
0.1
3714797
1049128
0.1
1736388
1049128
0.1
1559418
1049128
0.1
1435539
1049128
0.1
2444268
1049128
0.1
2426769
1048960
0.1
3179384
1049128
0.1
1860267
1049128
0.1
3310995
1049008
0.1
2798082
1049128
0.1
2698788
1048992
0.1
2993443
1049128
0.1
2479662
1049128
0.1
1495542
1049128
0.1
2568147
1049128
0.1
2805521
1049128
0.1
2072631
1049128
0.1
2818808
1048984
0.1
3130917
1048984
0.1
2948646
1049128
0.1
3119333
1048984
0.1
3617055
1049128
0.1
1594812
1049128
0.1
3725725
1049128
0.1
2125722
1049128
0.1
2769726
1049128
0.1
2707179
1049128
0.1
2673072
1048968
0.1
4463639
1049128
0.1
1860267
1049128
0.1
3477022
1049128
0.1
2507690
1048968
0.1
4318791
1049128
0.1
2793458
1048984
0.1
3105860
1049128
0.1
2321345
1049128
0.1
2433483
1049128
0.1
2108025
1049128
0.1
3269898
1048992
0.1
2433647
1049128
0.1
2681241
1049128
0.1
3123578
1049128
0.1
3600527
1049048
0.1
4252860
1049128
0.1
2745117
1049128
0.1
3023774
1048968
0.1
3610943
1049128
0.1
2497359
1049128
0.1
2037237
1049128
0.1
2108025
1049128
0.1
3406503
1049128
0.1
2757859
1049128
0.1
2648934
1048968
0.1
3277439
1049128
0.1
4130761
1049088
0.1
2569296
1048968
0.1
3771409
1049128
0.1
2373480
1049128
0.1
2911563
1049128
0.1
2692026
1049128
0.1
2231904
1049128
0.1
2637965
1049128
0.1
2736829
1048968
0.1
2249601
1049128
0.1
1842570
1049128
0.1
3093419
1048984
0.1
3056408
1049128
0.1
2497359
1049128
0.1
2580015
1048968
0.1
4491445
1049128
0.1
2709723
1049128
0.1
1913358
1049128
0.1
1913358
1049128
0.1
2143419
1049128
0.1
2428131
1048960
0.1
3239090
1049128
0.1
2479662
1049128
0.1
1849482
1049128
0.1
2580275
1049128
0.1
2644989
1048968
0.1
3434954
1049128
0.1
1559418
1049128
0.1
3791273
1049128
0.1
2621238
1049128
0.1
3441932
1049128
0.1
3419413
1049128
0.1
2568147
1049128
0.1
2851871
1048968
0.1
3794210
1049064
0.1
3356769
1049128
0.1
2859240
1049128
0.1
2355783
1049128
0.1
2767793
1048984
0.1
3282568
1049128
0.1
2408874
1049128
0.1
4104605
1049128
0.1
1789479
1049128
0.1
2001843
1049128
0.1
3032115
1049048
0.1
3028269
1049128
0.1
2320389
1049128
0.1
2178813
1049128
0.1
1417842
1049128
0.1
2805120
1049128
0.1
1966449
1049128
0.1
2108025
1049128
0.1
2426571
1049128
0.1
3576350
1049024
0.1
2638935
1049128
0.1
3550183
1049128
0.1
3096527
1049128
0.1
3909074
1049056
0.1
2598653
1048968
0.1
2637973
1048968
0.1
2420854
1048976
0.1
2918856
1049128
0.1
3537476
1049128
0.1
3400827
1049056
0.1
4316924
1049128
0.1
2231904
1049128
0.1
2854609
1048984
0.1
3137116
1049128
0.1
3185999
1049128
0.1
3599042
1049128
0.1
1931055
1049128
0.1
2444268
1049128
0.1
2338086
1049128
0.1
1824873
1049128
0.1
3105815
1049128
0.1
3329853
1049128
0.1
2811255
1048968
0.1
2920436
1049128
0.1
1860267
1049128
0.1
3394877
1049048
0.1
1984146
1049128
0.1
2917945
1049128
0.1
2855639
1049128
0.1
4006676
1049128
0.1
2196510
1049128
0.1
1789479
1049128
0.1
2302692
1049128
0.1
1931055
1049128
0.1
1506327
1049128
0.1
1506327
1049128
0.1
2097240
1049128
0.1
2214207
1049128
0.1
2373480
1049128
0.1
2944487
1049128
0.1
2037237
1049128
0.1
2999853
1049128
0.1
2674202
1048968
0.1
3201903
1049128
0.1
2570316
1048968
0.1
2951912
1049128
0.1
2905507
1048984
0.1
3452319
1049128
0.1
2001843
1049128
0.1
1754085
1049128
0.1
1541721
1049128
0.1
2923869
1048968
0.1
2662075
1049128
0.1
2844452
1048984
0.1
2585844
1049128
0.1
1718691
1049128
0.1
2090328
1049128
0.1
1647903
1049128
0.1
2586777
1048968
0.1
4242179
1049128
0.1
2825890
1048968
0.1
3611645
1048992
0.1
2532753
1049128
0.1
2939784
1049128
0.1
2515056
1049128
0.1
2178813
1049128
0.1
2615630
1048968
0.1
4091141
1049128
0.1
3842072
1049128
0.1
2491005
1049128
0.1
1789479
1049128
0.1
2387548
1049128
0.1
1718691
1049128
0.1
1700994
1049128
0.1
2231904
1049128
0.1
2749723
1048968
0.1
3295321
1049128
0.1
2750982
1049128
0.1
3047260
1049128
0.1
2612824
1048952
0.1
3457183
1049128
0.1
2196510
1049128
0.1
1948752
1049128
0.1
3176334
1048976
0.1
4097143
1049128
0.1
2320389
1049128
0.1
2566312
1048968
0.1
3743894
1049128
0.1
1594812
1049128
0.1
2444268
1049128
0.1
2781274
1048968
0.1
2612301
1048944
0.1
2856473
1049128
0.1
3016553
1048984
0.1
2872429
1049128
0.1
3627293
1049128
0.1
2803888
1049128
0.1
2692374
1048968
0.1
4120345
1049128
0.1
4171573
1049128
0.1
3245196
1048976
0.1
4335515
1049128
0.1
3765289
1049128
0.1
2327301
1049128
0.1
2214207
1049128
0.1
1700994
1049128
0.1
2592592
1049128
0.1
1665600
1049128
0.1
3636163
1049128
0.1
3495403
1049128
0.1
2072631
1049128
0.1
2159661
1049128
0.1
2816177
1048968
0.1
3317814
1049064
0.1
2284995
1049128
0.1
2426571
1049128
0.1
1842570
1049128
0.1
3000523
1049128
0.1
2302692
1049128
0.1
3239997
1049128
0.1
2779087
1049128
0.1
2408874
1049128
0.1
2249601
1049128
0.1
1435539
1049128
0.1
1965479
1049128
0.1
2497359
1049128
0.1
2645847
1049128
0.1
3609864
1049128
0.1
1725603
1049128
0.1
2821061
1048968
0.1
4497715
1049128
0.1
2886693
1049128
0.1
4196236
1049064
0.1
2161116
1049128
0.1
2707141
1049128
0.1
2831019
1049128
0.1
3654648
1049128
0.1
3138307
1048984
0.1
2620193
1048968
0.1
3139000
1049128
0.1
2910589
1048968
0.1
3257900
1049128
0.1
4092638
1049128
0.1
3583003
1049032
0.1
2587157
1048968
0.1
3496851
1049128
0.1
2161116
1049128
0.1
3646365
1049128
0.1
2745117
1049128
0.1
2953461
1049128
0.1
1902573
1049128
0.1
1541721
1049128
0.1
2703177
1049128
0.1
2934843
1049128
0.1
3989883
1049032
0.1
3186672
1049128
0.1
2656590
1049128
0.1
2635592
1049128
0.1
2523219
1048968
0.1
3631860
1049128
0.1
2520091
1048960
0.1
3808478
1049128
0.1
2532753
1049128
0.1
2008755
1049128
0.1
3664386
1049128
0.1
2019540
1049128
0.1
2460995
1049128
0.1
2812597
1049128
0.1
1495542
1049128
0.1
2354813
1049128
0.1
2926664
1049128
0.1
2338086
1049128
0.1
2553513
1049128
0.1
2001843
1049128
0.1
3307896
1049128
0.1
2883284
1048976
0.1
3190161
1049128
0.1
2011302
1049128
0.1
3144584
1048984
0.1
2886693
1049128
0.1
3754672
1049128
0.1
1902573
1049128
0.1
1541721
1049128
0.1
1506327
1049128
0.1
1577115
1049128
0.1
1442451
1049128
0.1
1364751
1049128
0.1
3490608
1049016
0.1
2461965
1049128
0.1
3390282
1049128
0.1
2917945
1049128
0.1
3265100
1049056
0.1
2302692
1049128
0.1
1630206
1049128
0.1
2956465
1049128
0.1
2249601
1049128
0.1
1771782
1049128
0.1
2475516
1048960
0.1
2875412
1049128
0.1
1647903
1049128
0.1
1630206
1049128
0.1
1789479
1049128
0.1
1736388
1049128
0.1
2826315
1048968
0.1
2972634
1049128
0.1
2426571
1049128
0.1
2445224
1049128
0.1
2817161
1049128
0.1
2681757
1049128
0.1
2295117
1049128
0.1
2766568
1049128
0.1
3980800
1049128
0.1
2922087
1049128
0.1
3650667
1049128
0.1
1984146
1049128
0.1
2522900
1048968
0.1
3254024
1049128
0.1
2574223
1048968
0.1
3656061
1049128
0.1
2949975
1049128
0.1
1965479
1049128
0.1
2661736
1048984
0.1
3217028
1049128
0.1
2697608
1049128
0.1
2071661
1049128
0.1
3225681
1049008
0.1
3224676
1049128
0.1
3040981
1048984
0.1
3260138
1049040
0.1
1842570
1049128
0.1
3644353
1049048
0.1
2550450
1049128
0.1
2721289
1048960
0.1
3246320
1049128
0.1
1984146
1049128
0.1
1548633
1049128
0.1
2727420
1049128
0.1
3839273
1049128
0.1
2405643
1049128
0.1
3053495
1049000
0.1
2500191
1048968
0.1
3863714
1049008
0.1
3108240
1049128
0.1
2478887
1049128
0.1
2365905
1049128
0.1
2001843
1049128
0.1
1771782
1049128
0.1
4456100
1049128
0.1
2037237
1049128
0.1
2609115
1048968
0.1
3613232
1049128
0.1
3771018
1049128
0.1
2828406
1049128
0.1
2132634
1049128
0.1
1619421
1049128
0.1
3805889
1049128
0.1
2524515
1049128
0.1
3659700
1049128
0.1
2408874
1049128
0.1
2743208
1049128
0.1
1718691
1049128
0.1
2656632
1049128
0.1
1860267
1049128
0.1
2914716
1048976
0.1
2991981
1048984
0.1
4231283
1049128
0.1
3554499
1049128
0.1
2355783
1049128
0.1
2309604
1049128
0.1
1966449
1049128
0.1
3215137
1049128
0.1
2263404
1049128
0.1
1630206
1049128
0.1
2863092
1049128
0.1
3320565
1049128
0.1
1807176
1049128
0.1
1594812
1049128
0.1
2737429
1048968
0.1
3297439
1049128
0.1
2037237
1049128
0.1
2468877
1049128
0.1
2640048
1049128
0.1
1966449
1049128
0.1
3069723
1048984
0.1
2993440
1048976
0.1
2499816
1048960
0.1
3184292
1049040
0.1
3373610
1049128
0.1
2574762
1048968
0.1
3793854
1049128
0.1
3170458
1049128
0.1
2580903
1049128
0.1
2590039
1048952
0.1
3737495
1049128
0.1
1743300
1049128
0.1
2975994
1049128
0.1
2713695
1048968
0.1
2657137
1048968
0.1
4540414
1049128
0.1
2756589
1049128
0.1
1524024
1049128
0.1
2645627
1048952
0.1
3735160
1049128
0.1
3044868
1048984
0.1
3475364
1049128
0.1
2546188
1048944
0.1
3895504
1049128
0.1
2196510
1049128
0.1
1453236
1049128
0.1
2571231
1049128
0.1
1842570
1049128
0.1
1435539
1049128
0.1
1665600
1049128
0.1
2268889
1049128
0.1
2491134
1049128
0.1
1948752
1049128
0.1
2515056
1049128
0.1
2125722
1049128
0.1
3347928
1049128
0.1
2603541
1049128
0.1
2355783
1049128
0.1
4002252
1049128
0.1
2231904
1049128
0.1
4575656
1049128
0.1
2891922
1048984
0.1
2977837
1048968
0.1
3759025
1049128
0.1
2550450
1049128
0.1
4249447
1049128
0.1
3039637
1048968
0.1
3999788
1049128
0.1
1984146
1049128
0.1
3216654
1049032
0.1
2867056
1049128
0.1
1860267
1049128
0.1
1754085
1049128
0.1
4186056
1049104
0.1
2947578
1049128
0.1
1736388
1049128
0.1
1736388
1049128
0.1
2541891
1048960
0.1
3638679
1049048
0.1
2309604
1049128
0.1
2745783
1049128
0.1
2072631
1049128
0.1
2656632
1049128
0.1
1877964
1049128
0.1
2515056
1049128
0.1
1842570
1049128
0.1
3469425
1049000
0.1
3236449
1049128
0.1
2837873
1048968
0.1
4013050
1049128
0.1
2090328
1049128
0.1
2355783
1049128
0.1
2072631
1049128
0.1
1594812
1049128
0.1
1931055
1049128
0.1
1424754
1049128
0.1
3629977
1049024
0.1
2112191
1049128
0.1
2302692
1049128
0.1
2686491
1048968
0.1
3293517
1049128
0.1
2568147
1049128
0.1
4248816
1049128
0.1
2497359
1049128
0.1
3309072
1049128
0.1
2693683
1049128
0.1
3470560
1049128
0.1
2178813
1049128
0.1
1424754
1049128
0.1
2054934
1049128
0.1
2573925
1049128
0.1
2019540
1049128
0.1
3548225
1049128
0.1
2054934
1049128
0.1
2780511
1049128
0.1
1700994
1049128
0.1
3220587
1049128
0.1
2820692
1048976
0.1
4015273
1049128
0.1
2392672
1048976
0.1
3381873
1049128
0.1
1966449
1049128
0.1
1488630
1049128
0.1
1984146
1049128
0.1
1435539
1049128
0.1
1754085
1049128
0.1
1877964
1049128
0.1
1435539
1049128
0.1
2451180
1049128
0.1
2515056
1049128
0.1
3185527
1048984
0.1
3539960
1049128
0.1
2598825
1048968
0.1
4205805
1049128
0.1
2731743
1049128
0.1
2221119
1049128
0.1
2922087
1049128
0.1
3181658
1049128
0.1
2924042
1048984
0.1
2826079
1048984
0.1
2515056
1049128
0.1
1647903
1049128
0.1
1524024
1049128
0.1
2868996
1049128
0.1
3076300
1049128
0.1
4124068
1049128
0.1
3557252
1049128
0.1
2926162
1049128
0.1
3010572
1049128
0.1
3202206
1049128
0.1
2906463
1048992
0.1
3532765
1049128
0.1
2550450
1049128
0.1
2659070
1048968
0.1
2701670
1049128
0.1
2568147
1049128
0.1
1577115
1049128
0.1
1612509
1049128
0.1
3505135
1049128
0.1
2475461
1049128
0.1
1524024
1049128
0.1
2745117
1049128
0.1
1567122
1049128
0.1
1860267
1049128
0.1
1842570
1049128
0.1
2993988
1049128
0.1
1789479
1049128
0.1
2461965
1049128
0.1
3998504
1049128
0.1
4116010
1049096
0.1
3082176
1049128
0.1
2780511
1049128
0.1
1700994
1049128
0.1
3202099
1048984
0.1
2674329
1049128
0.1
3048942
1049128
0.1
2479662
1049128
0.1
3328213
1049128
0.1
2444268
1049128
0.1
1594812
1049128
0.1
1630206
1049128
0.1
1577115
1049128
0.1
2391177
1049128
0.1
1913358
1049128
0.1
1630206
1049128
0.1
2161116
1049128
0.1
1559418
1049128
0.1
3074817
1049128
0.1
4028015
1049128
0.1
2355783
1049128
0.1
2338086
1049128
0.1
3086555
1049128
0.1
2638935
1049128
0.1
1630206
1049128
0.1
1559418
1049128
0.1
1417842
1049128
0.1
2547449
1048960
0.1
3600293
1049128
0.1
1771782
1049128
0.1
1488630
1049128
0.1
1860267
1049128
0.1
2267298
1049128
