im-aes128-gcm-2047
1000
08/28/18
0.0
2315208
1048912
0.0
2324680
1048912
0.0
2272984
1048912
0.0
2286352
1048912
0.0
2319736
1048912
0.0
2318312
1048912
0.0
2387856
1048912
0.0
2031616
1048912
0.0
2316840
1048912
0.0
2388232
1048912
0.0
2270424
1048912
0.0
2286352
1048912
0.0
2310968
1048912
0.0
2322632
1048912
0.0
2274872
1048912
0.0
2383888
1048912
0.0
2330472
1048912
0.0
2347168
1048912
0.0
2318208
1048912
0.0
2312520
1048912
0.0
2290696
1048912
0.0
2329896
1048912
0.0
2322896
1048912
0.0
2324104
1048912
0.0
2342936
1048912
0.0
2310968
1048912
0.0
2351512
1048912
0.0
2379544
1048912
0.0
2321184
1048912
0.0
2320336
1048912
0.0
2164176
1048912
0.0
2326520
1048912
0.0
2299496
1048912
0.0
2318312
1048912
0.0
2386992
1048912
0.0
2265104
1048912
0.0
2315392
1048912
0.0
2319736
1048912
0.0
2397024
1048912
0.0
2387856
1048912
0.0
2407384
1048912
0.0
2329560
1048912
0.0
2229960
1048912
0.0
2293592
1048912
0.0
2316840
1048912
0.0
2275880
1048912
0.0
2309624
1048912
0.0
2358752
1048912
0.0
2040808
1048912
0.0
2353352
1048912
0.0
2297368
1048912
0.0
2292224
1048912
0.0
2413856
1048912
0.0
2454816
1048912
0.0
2361000
1048912
0.0
2299464
1048912
0.0
2318288
1048912
0.0
2324104
1048912
0.0
2310968
1048912
0.0
2019824
1048912
0.0
2238648
1048912
0.0
2311048
1048912
0.0
2349136
1048912
0.0
2321784
1048912
0.0
2389680
1048912
0.0
2360608
1048912
0.0
2298280
1048912
0.0
2283224
1048912
0.0
2353704
1048912
0.0
2315312
1048912
0.0
2396544
1048912
0.0
2033464
1048912
0.0
2318312
1048912
0.0
2306704
1048912
0.0
2334240
1048912
0.0
2287800
1048912
0.0
2321208
1048912
0.0
2241464
1048912
0.0
2326432
1048912
0.0
2352032
1048912
0.0
2313864
1048912
0.0
2318888
1048912
0.0
2324680
1048912
0.0
2321208
1048912
0.0
2316840
1048912
0.0
2407384
1048912
0.0
2318312
1048912
0.0
2287544
1048912
0.0
2324680
1048912
0.0
2324080
1048912
0.0
2299856
1048912
0.0
2318288
1048912
0.0
2316760
1048912
0.0
2312520
1048912
0.0
2327968
1048912
0.0
2313864
1048912
0.0
2305280
1048912
0.0
2358560
1048912
0.0
2404048
1048912
0.0
2325552
1048912
0.0
2316760
1048912
0.0
2316840
1048912
0.0
2232856
1048912
0.0
2316840
1048912
0.0
2126424
1048912
0.0
2412408
1048912
0.0
2294704
1048912
0.0
2327240
1048912
0.0
2128904
1048912
0.0
2312416
1048912
0.0
2289592
1048912
0.0
2254840
1048912
0.0
2313944
1048912
0.0
2340552
1048912
0.0
2315392
1048912
0.0
2397848
1048912
0.0
2220856
1048912
0.0
2316840
1048912
0.0
2345528
1048912
0.0
2401488
1048912
0.0
2386408
1048912
0.0
2309600
1048912
0.0
2310968
1048912
0.0
2293592
1048912
0.0
2325528
1048912
0.0
2296568
1048912
0.0
2488120
1048912
0.0
2321184
1048912
0.0
2316840
1048912
0.0
2309600
1048912
0.0
2242912
1048912
0.0
2318312
1048912
0.0
2208160
1048912
0.0
2306768
1048912
0.0
2395696
1048912
0.0
2293360
1048912
0.0
2315312
1048912
0.0
2297936
1048912
0.0
2370856
1048912
0.0
2318312
1048912
0.0
2074384
1048912
0.0
2319656
1048912
0.0
2327000
1048912
0.0
2314072
1048912
0.0
2245552
1048912
0.0
2321208
1048912
0.0
2313944
1048912
0.0
2397128
1048912
0.0
2322632
1048912
0.0
2262720
1048912
0.0
2305960
1048912
0.0
2344376
1048912
0.0
2308752
1048912
0.0
2007640
1048912
0.0
2420784
1048912
0.0
2251608
1048912
0.0
2303728
1048912
0.0
1980128
1048912
0.0
2275880
1048912
0.0
2305648
1048912
0.0
2337376
1048912
0.0
2280224
1048912
0.0
2313864
1048912
0.0
2396544
1048912
0.0
2347312
1048912
0.0
2331008
1048912
0.0
2386784
1048912
0.0
2316840
1048912
0.0
2308152
1048912
0.0
2252712
1048912
0.0
2454800
1048912
0.0
2428368
1048912
0.0
2318312
1048912
0.0
2227360
1048912
0.0
2049496
1048912
0.0
2322632
1048912
0.0
2397024
1048912
0.0
1987400
1048912
0.0
2321208
1048912
0.0
2386408
1048912
0.0
2117504
1048912
0.0
2316840
1048912
0.0
2327576
1048912
0.0
2383888
1048912
0.0
2023088
1048912
0.0
2400024
1048912
0.0
2316840
1048912
0.0
2401880
1048912
0.0
2311048
1048912
0.0
2383888
1048912
0.0
2312520
1048912
0.0
2333528
1048912
0.0
2322632
1048912
0.0
2405936
1048912
0.0
2255176
1048912
0.0
2341896
1048912
0.0
2316840
1048912
0.0
2273400
1048912
0.0
2318288
1048912
0.0
2316840
1048912
0.0
2318312
1048912
0.0
2283120
1048912
0.0
2308752
1048912
0.0
2276296
1048912
0.0
2316840
1048912
0.0
2396088
1048912
0.0
2318288
1048912
0.0
2281752
1048912
0.0
2312416
1048912
0.0
2316840
1048912
0.0
2380616
1048912
0.0
2315312
1048912
0.0
2263528
1048912
0.0
2316840
1048912
0.0
2261816
1048912
0.0
2312496
1048912
0.0
2313864
1048912
0.0
2577840
1048912
0.0
2289592
1048912
0.0
2310968
1048912
0.0
2363776
1048912
0.0
2345720
1048912
0.0
2084168
1048912
0.0
2420784
1048912
0.0
2316840
1048912
0.0
2315392
1048912
0.0
2315312
1048912
0.0
2354488
1048912
0.0
2275880
1048912
0.0
2322632
1048912
0.0
2318312
1048912
0.0
2317096
1048912
0.0
2306624
1048912
0.0
2244360
1048912
0.0
2532336
1048912
0.0
2018208
1048912
0.0
2400888
1048912
0.0
2239680
1048912
0.0
2306704
1048912
0.0
2284680
1048912
0.0
2387856
1048912
0.0
2321208
1048912
0.0
2321208
1048912
0.0
2321784
1048912
0.0
2322656
1048912
0.0
2383888
1048912
0.0
2313864
1048912
0.0
2316760
1048912
0.0
2283200
1048912
0.0
2327000
1048912
0.0
2313864
1048912
0.0
2370472
1048912
0.0
2315312
1048912
0.0
2319736
1048912
0.0
2298616
1048912
0.0
2331048
1048912
0.0
2321208
1048912
0.0
2314208
1048912
0.0
2284568
1048912
0.0
2004744
1048912
0.0
2390752
1048912
0.0
2282008
1048912
0.0
2381096
1048912
0.0
2372296
1048912
0.0
2296696
1048912
0.0
2328448
1048912
0.0
2528536
1048912
0.0
2300832
1048912
0.0
2398472
1048912
0.0
2245888
1048912
0.0
2271952
1048912
0.0
2322656
1048912
0.0
2318288
1048912
0.0
2426344
1048912
0.0
2339000
1048912
0.0
2298016
1048912
0.0
2329024
1048912
0.0
2277664
1048912
0.0
2359272
1048912
0.0
2394352
1048912
0.0
2310200
1048912
0.0
2321184
1048912
0.0
2007640
1048912
0.0
2318208
1048912
0.0
2278776
1048912
0.0
2139408
1048912
0.0
2030328
1048912
0.0
2003296
1048912
0.0
2302360
1048912
0.0
2253048
1048912
0.0
2327576
1048912
0.0
2318888
1048912
0.0
2321208
1048912
0.0
2387856
1048912
0.0
2290232
1048912
0.0
2321784
1048912
0.0
2310968
1048912
0.0
2316904
1048912
0.0
2331584
1048912
0.0
2318288
1048912
0.0
2321784
1048912
0.0
2251600
1048912
0.0
2332312
1048912
0.0
2286120
1048912
0.0
2313864
1048912
0.0
2281752
1048912
0.0
2318312
1048912
0.0
2157968
1048912
0.0
2386784
1048912
0.0
2324680
1048912
0.0
2316840
1048912
0.0
2328632
1048912
0.0
2414784
1048912
0.0
2321208
1048912
0.0
2302280
1048912
0.0
2353040
1048912
0.0
2319736
1048912
0.0
2318288
1048912
0.0
2321208
1048912
0.0
2390752
1048912
0.0
2279192
1048912
0.0
2015480
1048912
0.0
1978712
1048912
0.0
2355288
1048912
0.0
2331240
1048912
0.0
2321184
1048912
0.0
2342968
1048912
0.0
2287568
1048912
0.0
2324680
1048912
0.0
2278776
1048912
0.0
2303728
1048912
0.0
2319736
1048912
0.0
2318288
1048912
0.0
2312416
1048912
0.0
2316840
1048912
0.0
2326128
1048912
0.0
2387856
1048912
0.0
2278856
1048912
0.0
2313944
1048912
0.0
2397152
1048912
0.0
2313944
1048912
0.0
2318208
1048912
0.0
2403072
1048912
0.0
2318288
1048912
0.0
2270504
1048912
0.0
2278344
1048912
0.0
2013080
1048912
0.0
2316760
1048912
0.0
1930928
1048912
0.0
2391784
1048912
0.0
2310968
1048912
0.0
2424896
1048912
0.0
2313944
1048912
0.0
2077344
1048912
0.0
2329896
1048912
0.0
2096888
1048912
0.0
2266160
1048912
0.0
2321784
1048912
0.0
2313864
1048912
0.0
2402600
1048912
0.0
2292880
1048912
0.0
2391232
1048912
0.0
2324680
1048912
0.0
2316840
1048912
0.0
2322656
1048912
0.0
2313864
1048912
0.0
2324080
1048912
0.0
1958072
1048912
0.0
2438912
1048912
0.0
2316840
1048912
0.0
2287336
1048912
0.0
2383512
1048912
0.0
2406672
1048912
0.0
2397128
1048912
0.0
2324104
1048912
0.0
2382064
1048912
0.0
2396400
1048912
0.0
2329896
1048912
0.0
2276944
1048912
0.0
2377720
1048912
0.0
2411608
1048912
0.0
2329024
1048912
0.0
2247336
1048912
0.0
2387856
1048912
0.0
2630800
1048912
0.0
2313944
1048912
0.0
2275880
1048912
0.0
2278856
1048912
0.0
2332792
1048912
0.0
2331920
1048912
0.0
2322632
1048912
0.0
2373336
1048912
0.0
2319760
1048912
0.0
2313944
1048912
0.0
1997504
1048912
0.0
2022552
1048912
0.0
2237200
1048912
0.0
2324680
1048912
0.0
2310200
1048912
0.0
2319760
1048912
0.0
2280640
1048912
0.0
2485424
1048912
0.0
2315312
1048912
0.0
2342632
1048912
0.0
2244440
1048912
0.0
2387856
1048912
0.0
2372896
1048912
0.0
2316840
1048912
0.0
2321208
1048912
0.0
2318288
1048912
0.0
2308152
1048912
0.0
2338480
1048912
0.0
2291216
1048912
0.0
2565192
1048912
0.0
2290696
1048912
0.0
2274848
1048912
0.0
2359272
1048912
0.0
2313864
1048912
0.0
2379544
1048912
0.0
2335664
1048912
0.0
2310968
1048912
0.0
2278776
1048912
0.0
2318288
1048912
0.0
2280304
1048912
0.0
2281344
1048912
0.0
2308176
1048912
0.0
2291544
1048912
0.0
2387856
1048912
0.0
2274848
1048912
0.0
2324080
1048912
0.0
2280328
1048912
0.0
2277408
1048912
0.0
2300912
1048912
0.0
2343344
1048912
0.0
2306024
1048912
0.0
2316840
1048912
0.0
2379544
1048912
0.0
2300936
1048912
0.0
2305256
1048912
0.0
2275960
1048912
0.0
2336264
1048912
0.0
2316840
1048912
0.0
2275448
1048912
0.0
2366432
1048912
0.0
2313864
1048912
0.0
2251944
1048912
0.0
2475032
1048912
0.0
2328688
1048912
0.1
3215432
1048912
0.0
2328448
1048912
0.0
2292152
1048912
0.0
2316840
1048912
0.0
2394280
1048912
0.0
2321184
1048912
0.0
2383888
1048912
0.0
1966760
1048912
0.0
2315992
1048912
0.0
2354360
1048912
0.0
2396168
1048912
0.0
2390752
1048912
0.0
2148248
1048912
0.0
2247336
1048912
0.0
2323304
1048912
0.0
2316840
1048912
0.0
2313864
1048912
0.0
2278776
1048912
0.0
1971104
1048912
0.0
2293592
1048912
0.0
2349832
1048912
0.0
2254600
1048912
0.0
2326128
1048912
0.0
2240096
1048912
0.0
2396544
1048912
0.0
2311048
1048912
0.0
2271408
1048912
0.0
2313864
1048912
0.0
2404656
1048912
0.0
2319736
1048912
0.0
2325072
1048912
0.0
2321184
1048912
0.0
2119184
1048912
0.0
2310968
1048912
0.0
2324104
1048912
0.0
2261480
1048912
0.0
2244800
1048912
0.0
2316840
1048912
0.0
2316840
1048912
0.0
2318288
1048912
0.0
1978712
1048912
0.0
2326664
1048912
0.0
2363824
1048912
0.0
2315392
1048912
0.0
2321184
1048912
0.0
2386784
1048912
0.0
2072224
1048912
0.0
2341376
1048912
0.0
2278776
1048912
0.0
2296832
1048912
0.0
2374824
1048912
0.0
2316840
1048912
0.0
2275880
1048912
0.0
2309728
1048912
0.0
2318208
1048912
0.0
1969656
1048912
0.0
2055392
1048912
0.0
2286488
1048912
0.0
2316840
1048912
0.0
2385352
1048912
0.0
2298016
1048912
0.0
2303728
1048912
0.0
2319056
1048912
0.0
2278776
1048912
0.0
2425000
1048912
0.0
2316840
1048912
0.0
2366400
1048912
0.0
2394232
1048912
0.0
2304408
1048912
0.0
2310968
1048912
0.0
2398680
1048912
0.0
2280224
1048912
0.0
2387856
1048912
0.0
2040000
1048912
0.0
2326128
1048912
0.0
2283200
1048912
0.0
2324080
1048912
0.0
2379544
1048912
0.0
2321208
1048912
0.0
2095552
1048912
0.0
2392680
1048912
0.0
2366136
1048912
0.0
2279192
1048912
0.0
2017776
1048912
0.0
2392296
1048912
0.0
2334576
1048912
0.0
2385544
1048912
0.0
1987368
1048912
0.0
2318888
1048912
0.0
2383888
1048912
0.0
2316760
1048912
0.0
2321208
1048912
0.0
2316840
1048912
0.0
2313864
1048912
0.0
2254120
1048912
0.0
2319656
1048912
0.0
2318288
1048912
0.0
2313864
1048912
0.0
2292248
1048912
0.0
2317232
1048912
0.0
2267608
1048912
0.0
2010536
1048912
0.0
2253128
1048912
0.0
2316840
1048912
0.0
2281640
1048912
0.0
2315312
1048912
0.0
2391232
1048912
0.0
2318312
1048912
0.0
2310968
1048912
0.0
2316840
1048912
0.0
2308072
1048912
0.0
2321184
1048912
0.0
2313712
1048912
0.0
2315392
1048912
0.0
2329560
1048912
0.0
2315312
1048912
0.0
2312416
1048912
0.0
2312520
1048912
0.0
2241208
1048912
0.0
2296488
1048912
0.0
2329872
1048912
0.0
2324104
1048912
0.0
2318288
1048912
0.0
2315416
1048912
0.0
2298016
1048912
0.0
2312496
1048912
0.0
2331240
1048912
0.0
2305256
1048912
0.0
2328112
1048912
0.0
2460840
1048912
0.0
2318208
1048912
0.0
2391352
1048912
0.0
2286120
1048912
0.0
2286120
1048912
0.0
2322176
1048912
0.0
2299384
1048912
0.0
2410336
1048912
0.0
2369032
1048912
0.0
2370336
1048912
0.0
2228208
1048912
0.0
2315312
1048912
0.0
2318288
1048912
0.0
2270088
1048912
0.0
2293592
1048912
0.0
1990296
1048912
0.0
2321784
1048912
0.0
2300936
1048912
0.0
2313864
1048912
0.0
2328168
1048912
0.0
2146880
1048912
0.0
2380240
1048912
0.0
2250152
1048912
0.0
2408832
1048912
0.0
2379544
1048912
0.0
2318208
1048912
0.0
2013432
1048912
0.0
2321784
1048912
0.0
2358752
1048912
0.0
2328448
1048912
0.0
2326664
1048912
0.0
2312496
1048912
0.0
2386888
1048912
0.0
2317440
1048912
0.0
2334816
1048912
0.0
2393648
1048912
0.0
2386408
1048912
0.0
2387856
1048912
0.0
2310968
1048912
0.0
2270816
1048912
0.0
2383512
1048912
0.0
2309624
1048912
0.0
2250296
1048912
0.0
2318208
1048912
0.0
2318312
1048912
0.0
2309288
1048912
0.0
2324000
1048912
0.0
2286696
1048912
0.0
2056064
1048912
0.0
2400744
1048912
0.0
2377720
1048912
0.0
2258504
1048912
0.0
2301512
1048912
0.0
2313944
1048912
0.0
1978712
1048912
0.0
2091336
1048912
0.0
2414760
1048912
0.0
2413568
1048912
0.0
2313944
1048912
0.0
2310968
1048912
0.0
2272984
1048912
0.0
2257496
1048912
0.0
2394280
1048912
0.0
2292488
1048912
0.0
2380616
1048912
0.0
2308152
1048912
0.0
2313864
1048912
0.0
2297936
1048912
0.0
2321784
1048912
0.0
2387856
1048912
0.0
2310968
1048912
0.0
2254640
1048912
0.0
2396480
1048912
0.0
2250232
1048912
0.0
2277328
1048912
0.0
2358560
1048912
0.0
1979312
1048912
0.0
2313864
1048912
0.0
2311648
1048912
0.0
2383888
1048912
0.0
2312416
1048912
0.0
2318288
1048912
0.0
2474856
1048912
0.0
2282008
1048912
0.0
2321784
1048912
0.0
2207152
1048912
0.0
2324680
1048912
0.0
2315312
1048912
0.0
2229880
1048912
0.0
2357712
1048912
0.0
2329024
1048912
0.0
2328688
1048912
0.0
2332832
1048912
0.0
2360824
1048912
0.0
2315392
1048912
0.0
2321184
1048912
0.0
2318208
1048912
0.0
2300832
1048912
0.0
2279792
1048912
0.0
2283200
1048912
0.0
2394232
1048912
0.0
2169448
1048912
0.0
2377864
1048912
0.0
2308072
1048912
0.0
2316840
1048912
0.0
2319656
1048912
0.0
2405224
1048912
0.0
2303832
1048912
0.0
2324680
1048912
0.0
2387856
1048912
0.0
2313944
1048912
0.0
2315392
1048912
0.0
2390752
1048912
0.0
2282112
1048912
0.0
2015272
1048912
0.0
2318288
1048912
0.0
2086992
1048912
0.0
2313944
1048912
0.0
2470976
1048912
0.0
2446848
1048912
0.0
2230256
1048912
0.0
2315312
1048912
0.0
2334240
1048912
0.0
2390752
1048912
0.0
2328688
1048912
0.0
2314544
1048912
0.0
2296568
1048912
0.0
2265512
1048912
0.0
2321104
1048912
0.0
2278776
1048912
0.0
2287800
1048912
0.0
2240096
1048912
0.0
2339000
1048912
0.0
2383888
1048912
0.0
2321784
1048912
0.0
2302960
1048912
0.0
2319656
1048912
0.0
2292880
1048912
0.0
2281752
1048912
0.0
2496616
1048912
0.0
2313864
1048912
0.0
2387480
1048912
0.0
2263328
1048912
0.0
2309600
1048912
0.0
2347280
1048912
0.0
2339000
1048912
0.0
2219520
1048912
0.0
2318312
1048912
0.0
2308072
1048912
0.0
2345824
1048912
0.0
2401520
1048912
0.0
2374016
1048912
0.0
2253128
1048912
0.0
2268208
1048912
0.0
2024064
1048912
0.0
2324080
1048912
0.0
2316840
1048912
0.0
2321208
1048912
0.0
2257472
1048912
0.0
2297936
1048912
0.0
2290776
1048912
0.0
2593152
1048912
0.0
2012440
1048912
0.0
2321208
1048912
0.0
2431928
1048912
0.0
2315312
1048912
0.0
1972552
1048912
0.0
2324680
1048912
0.0
2283200
1048912
0.0
2321208
1048912
0.0
2313864
1048912
0.0
2331920
1048912
0.0
2268720
1048912
0.0
2310968
1048912
0.0
2389504
1048912
0.0
2312416
1048912
0.0
2395056
1048912
0.0
2316840
1048912
0.0
2015248
1048912
0.0
2313864
1048912
0.0
2321208
1048912
0.0
2307408
1048912
0.0
2327000
1048912
0.0
2522200
1048912
0.0
2304072
1048912
0.0
2395696
1048912
0.0
2321208
1048912
0.0
2243088
1048912
0.0
2400824
1048912
0.0
2286696
1048912
0.0
2235336
1048912
0.0
2258584
1048912
0.0
2021232
1048912
0.0
2311048
1048912
0.0
2375984
1048912
0.0
2242688
1048912
0.0
2331920
1048912
0.0
2326128
1048912
0.0
2037848
1048912
0.0
2256152
1048912
0.0
2318288
1048912
0.0
2323232
1048912
0.0
2318288
1048912
0.0
2245472
1048912
0.0
2338248
1048912
0.0
2387856
1048912
0.0
2302384
1048912
0.0
2318312
1048912
0.0
2484496
1048912
0.0
2295144
1048912
0.0
2068552
1048912
0.0
2322656
1048912
0.0
2311312
1048912
0.0
2278856
1048912
0.0
2310968
1048912
0.0
2324680
1048912
0.0
2324080
1048912
0.0
1959976
1048912
0.0
2132424
1048912
0.0
2314936
1048912
0.0
2344456
1048912
0.0
2244440
1048912
0.0
2306704
1048912
0.0
2370336
1048912
0.0
2278776
1048912
0.0
2371016
1048912
0.0
2318208
1048912
0.0
2313528
1048912
0.0
2319736
1048912
0.0
2324080
1048912
0.0
2273320
1048912
0.0
2278344
1048912
0.0
2403432
1048912
0.0
2280640
1048912
0.0
2282152
1048912
0.0
2266160
1048912
0.0
2397024
1048912
0.0
2281672
1048912
0.0
2300832
1048912
0.0
2421304
1048912
0.0
2344456
1048912
0.0
2318312
1048912
0.0
2379168
1048912
0.0
2326128
1048912
0.0
2315312
1048912
0.0
2305960
1048912
0.0
2315392
1048912
0.0
2318312
1048912
0.0
2286696
1048912
0.0
2165520
1048912
0.0
2317544
1048912
0.0
2393648
1048912
0.0
2308152
1048912
0.0
2332312
1048912
0.0
2390752
1048912
0.0
2327000
1048912
0.0
2004368
1048912
0.0
2322656
1048912
0.0
2311072
1048912
0.0
2272080
1048912
0.0
2237200
1048912
0.0
2007968
1048912
0.0
2410776
1048912
0.0
2428968
1048912
0.0
2285632
1048912
0.0
1978944
1048912
0.0
2257912
1048912
0.0
2318312
1048912
0.0
2377720
1048912
0.0
2322896
1048912
0.0
2316840
1048912
0.0
2387856
1048912
0.0
2321208
1048912
0.0
2313944
1048912
0.0
2280224
1048912
0.0
2325216
1048912
0.0
2329560
1048912
0.0
2323280
1048912
0.0
2357448
1048912
0.0
2332088
1048912
0.0
2293672
1048912
0.0
2310968
1048912
0.0
2254576
1048912
0.0
2280120
1048912
0.0
2429360
1048912
0.0
2313944
1048912
0.0
2420296
1048912
0.0
2370848
1048912
0.0
2054376
1048912
0.0
2325552
1048912
0.0
2313944
1048912
0.0
2321784
1048912
0.0
2240096
1048912
0.0
2375200
1048912
0.0
2324344
1048912
0.0
2348720
1048912
0.0
2018144
1048912
0.0
1992960
1048912
0.0
2283536
1048912
0.0
2254576
1048912
0.0
2293592
1048912
0.0
2341520
1048912
0.0
2192616
1048912
0.0
2007640
1048912
0.0
2386408
1048912
0.0
2535848
1048912
0.0
2328448
1048912
0.0
2316840
1048912
0.0
2322632
1048912
0.0
2391344
1048912
0.0
2402336
1048912
0.0
2313864
1048912
0.0
2414272
1048912
0.0
2234000
1048912
0.0
2313944
1048912
0.0
2376128
1048912
0.0
2319656
1048912
0.0
2013432
1048912
0.0
2237200
1048912
0.0
2383512
1048912
0.0
2369280
1048912
0.0
2316864
1048912
0.0
2361728
1048912
0.0
2327000
1048912
0.0
2232184
1048912
0.0
2383512
1048912
0.0
2282400
1048912
0.0
2318312
1048912
0.0
2279192
1048912
0.0
2321208
1048912
0.0
2322896
1048912
0.0
2021104
1048912
0.0
2383512
1048912
0.0
2324104
1048912
0.0
2414760
1048912
0.0
2313864
1048912
0.0
2019784
1048912
0.0
2329024
1048912
0.0
2318288
1048912
0.0
2279992
1048912
0.0
2352768
1048912
0.0
2289328
1048912
0.0
2316840
1048912
0.0
2351616
1048912
0.0
2321208
1048912
0.0
2308072
1048912
0.0
2281752
1048912
0.0
2342968
1048912
0.0
2288848
1048912
0.0
2324680
1048912
0.0
2395696
1048912
0.0
2315392
1048912
0.0
2305176
1048912
0.0
2313864
1048912
0.0
2295560
1048912
0.0
2329024
1048912
0.0
2397144
1048912
0.0
2262520
1048912
0.0
2340272
1048912
0.0
2321104
1048912
0.0
2268976
1048912
0.0
2315312
1048912
0.0
2318208
1048912
0.0
2321208
1048912
0.0
2321104
1048912
0.0
2370848
1048912
0.0
2387856
1048912
0.0
1949048
1048912
0.0
2097720
1048912
0.0
2327000
1048912
0.0
2228432
1048912
0.0
2310968
1048912
0.0
2463736
1048912
0.0
2387008
1048912
0.0
2313944
1048912
0.0
2454760
1048912
0.0
2383888
1048912
0.0
2401472
1048912
0.0
2310968
1048912
0.0
2385560
1048912
0.0
2321208
1048912
0.0
2093912
1048912
0.0
2348800
1048912
0.0
2401088
1048912
0.0
2402928
1048912
0.0
2318888
1048912
0.0
2318312
1048912
0.0
2353104
1048912
0.0
2315416
1048912
0.0
2321784
1048912
0.0
2329896
1048912
0.0
2004744
1048912
0.0
2331920
1048912
0.0
2305280
1048912
0.0
2286120
1048912
0.0
2383888
1048912
0.0
2278776
1048912
0.0
2296600
1048912
0.0
2326128
1048912
0.0
2321184
1048912
0.0
2406440
1048912
0.0
2281752
1048912
0.0
2313944
1048912
0.0
2316840
1048912
0.0
2324680
1048912
0.0
2318288
1048912
0.0
2300832
1048912
0.0
2282992
1048912
0.0
2543376
1048912
0.0
2331920
1048912
0.0
2313864
1048912
0.0
2387856
1048912
0.0
2315312
1048912
0.0
2313864
1048912
0.0
2326128
1048912
0.0
2322632
1048912
0.0
2266080
1048912
0.0
2293704
1048912
0.0
2428368
1048912
0.0
2321208
1048912
0.0
2310968
1048912
0.0
2280672
1048912
0.0
2361728
1048912
