im-aes128-gcm-512
1000
08/28/18
0.1
2147108
1048912
0.1
2363571
1048912
0.1
2065498
1048912
0.1
2363571
1048912
0.1
2161274
1048912
0.1
2363571
1048912
0.1
2129210
1048912
0.1
2259315
1048912
0.1
2108173
1048912
0.1
2231803
1048912
0.1
2113813
1048912
0.1
2006497
1048912
0.1
2459195
1048912
0.1
2308659
1048912
0.1
2103645
1048912
0.1
2228907
1048912
0.1
2253890
1048912
0.1
2285379
1048912
0.1
2253999
1048912
0.1
2243112
1048912
0.1
2060294
1048912
0.1
2057177
1048912
0.1
2018081
1048912
0.1
2275610
1048912
0.1
2100798
1048912
0.1
2359227
1048912
0.1
2218496
1048912
0.1
2106541
1048912
0.1
2287944
1048912
0.1
1973606
1048912
0.1
2175754
1048912
0.1
2135577
1048912
0.1
2052466
1048912
0.1
2334723
1048912
0.1
2130459
1048912
0.1
2154401
1048912
0.1
2330267
1048912
0.1
1935370
1048912
0.1
2105404
1048912
0.1
2305651
1048912
0.1
2079505
1048912
0.1
2112333
1048912
0.1
2061154
1048912
0.1
2105404
1048912
0.1
2288275
1048912
0.1
2108300
1048912
0.1
2193130
1048912
0.1
2222122
1048912
0.1
2078259
1048912
0.1
2219250
1048912
0.1
2202826
1048912
0.1
2140579
1048912
0.1
2360675
1048912
0.1
2311555
1048912
0.1
2443267
1048912
0.1
2449789
1048912
0.1
2280063
1048912
0.1
2023013
1048912
0.1
2223905
1048912
0.1
2089165
1048912
0.1
2081155
1048912
0.1
2297439
1048912
0.1
2302424
1048912
0.1
2050380
1048912
0.1
2052466
1048912
0.1
2418965
1048912
0.1
2317347
1048912
0.1
2374457
1048912
0.1
2076444
1048912
0.1
2201004
1048912
0.1
2114531
1048912
0.1
2374457
1048912
0.1
2082401
1048912
0.1
2060883
1048912
0.1
2225736
1048912
0.1
2339817
1048912
0.1
2020339
1048912
0.1
2039916
1048912
0.1
2117718
1048912
0.1
2306127
1048912
0.1
2175698
1048912
0.1
2116988
1048912
0.1
2248098
1048912
0.1
2112644
1048912
0.1
2341265
1048912
0.1
2281035
1048912
0.1
2324739
1048912
0.1
2037715
1048912
0.1
2076811
1048912
0.1
2026749
1048912
0.1
2079707
1048912
0.1
2423821
1048912
0.1
2293369
1048912
0.1
2331715
1048912
0.1
2461373
1048912
0.1
2282483
1048912
0.1
2209090
1048912
0.1
2062717
1048912
0.1
2232920
1048912
0.1
2300258
1048912
0.1
2168514
1048912
0.1
2056810
1048912
0.1
2327040
1048912
0.1
2111196
1048912
0.1
2054889
1048912
0.1
2284407
1048912
0.1
2288275
1048912
0.1
2078259
1048912
0.1
2291154
1048912
0.1
2307849
1048912
0.1
2369455
1048912
0.1
2294067
1048912
0.1
2263054
1048912
0.1
2131233
1048912
0.1
2106852
1048912
0.1
2348760
1048912
0.3
3275042
1048912
0.1
2051018
1048912
0.1
2130132
1048912
0.1
2302755
1048912
0.1
2012289
1048912
0.1
2140156
1048912
0.1
2052466
1048912
0.1
2239777
1048912
0.1
2056228
1048912
0.1
2434324
1048912
0.1
2195603
1048912
0.1
2351987
1048912
0.1
2191682
1048912
0.1
2238050
1048912
0.1
2307099
1048912
0.1
2282483
1048912
0.1
2061964
1048912
0.1
2246283
1048912
0.1
2114092
1048912
0.1
2247126
1048912
0.1
2185794
1048912
0.1
2368665
1048912
0.1
2065025
1048912
0.1
2276360
1048912
0.1
2282483
1048912
0.1
2185943
1048912
0.1
2098164
1048912
0.1
2156722
1048912
0.1
2097083
1048912
0.1
2223482
1048912
0.1
2031612
1048912
0.1
2244947
1048912
0.1
2455677
1048912
0.1
2299528
1048912
0.1
2303505
1048912
0.1
2174726
1048912
0.1
2108379
1048912
0.1
2191735
1048912
0.1
2120634
1048912
0.1
2324587
1048912
0.1
2106852
1048912
0.1
2239895
1048912
0.1
2105404
1048912
0.1
2031923
1048912
0.1
2177202
1048912
0.1
2284023
1048912
0.1
2129210
1048912
0.1
2083373
1048912
0.1
2367947
1048912
0.1
2092372
1048912
0.1
2085188
1048912
0.1
2220658
1048912
0.1
2279587
1048912
0.1
2438301
1048912
0.1
2299859
1048912
0.1
2221392
1048912
0.1
2063577
1048912
0.1
2237264
1048912
0.1
2297514
1048912
0.1
2429603
1048912
0.1
2071878
1048912
0.1
2029665
1048912
0.1
2424112
1048912
0.1
2018620
1048912
0.1
2248848
1048912
0.1
2371561
1048912
0.1
2074996
1048912
0.1
2331827
1048912
0.1
2131500
1048912
0.1
2298080
1048912
0.1
2013466
1048912
0.1
2315456
1048912
0.1
2090229
1048912
0.1
2240858
1048912
0.1
2113083
1048912
0.1
2244412
1048912
0.1
2255447
1048912
0.1
2099612
1048912
0.1
2180098
1048912
0.1
2075161
1048912
0.1
2299859
1048912
0.1
2309664
1048912
0.1
2035110
1048912
0.1
2192763
1048912
0.1
2317235
1048912
0.1
2305651
1048912
0.1
2203322
1048912
0.1
2309776
1048912
0.1
2295779
1048912
0.1
2223905
1048912
0.1
2303872
1048912
0.1
2317235
1048912
0.1
2455581
1048912
0.1
2052155
1048912
0.1
2321579
1048912
0.1
2227898
1048912
0.1
2149690
1048912
0.1
2272802
1048912
0.1
2265434
1048912
0.1
2299859
1048912
0.1
2290473
1048912
0.1
2318683
1048912
0.1
2185943
1048912
0.1
2115540
1048912
0.1
2052195
1048912
0.1
2328819
1048912
0.1
2231803
1048912
0.1
2083373
1048912
0.1
2071019
1048912
0.1
2055091
1048912
0.1
2323291
1048912
0.1
2208360
1048912
0.1
2265873
1048912
0.1
2454229
1048912
0.1
2079505
1048912
0.1
2382507
1048912
0.1
2047021
1048912
0.1
2067445
1048912
0.1
2215637
1048912
0.1
2052466
1048912
0.1
2366579
1048912
0.1
2340435
1048912
0.1
2284407
1048912
0.1
2109469
1048912
0.1
2069954
1048912
0.1
2073237
1048912
0.1
2200330
1048912
0.1
2196079
1048912
0.1
2079505
1048912
0.1
2321579
1048912
0.1
2249291
1048912
0.1
2390005
1048912
0.1
2228193
1048912
0.1
2255338
1048912
0.1
2167380
1048912
0.1
2289706
1048912
0.1
2112644
1048912
0.1
2148609
1048912
0.1
2079396
1048912
0.1
2102197
1048912
0.1
2170329
1048912
0.1
2448437
1048912
0.1
2052466
1048912
0.1
2057269
1048912
0.1
2162775
1048912
0.1
2108300
1048912
0.1
2089476
1048912
0.1
2276691
1048912
0.1
2053808
1048912
0.1
2200314
1048912
0.1
2292288
1048912
0.1
2224986
1048912
0.1
2298411
1048912
0.1
2187940
1048912
0.1
2309766
1048912
0.1
2019982
1048912
0.1
2042330
1048912
0.1
2346945
1048912
0.1
2294067
1048912
0.1
2149359
1048912
0.1
2077561
1048912
0.1
2282483
1048912
0.1
2158692
1048912
0.1
2052466
1048912
0.1
2283931
1048912
0.1
2069736
1048912
0.1
2341851
1048912
0.1
2130658
1048912
0.1
2115261
1048912
0.1
2411156
1048912
0.1
2220255
1048912
0.1
2086745
1048912
0.1
2214152
1048912
0.1
2271266
1048912
0.1
2218496
1048912
0.1
2282483
1048912
0.1
2222090
1048912
0.1
2088084
1048912
0.1
2285379
1048912
0.1
2062129
1048912
0.1
2027946
1048912
0.1
2069369
1048912
0.1
2091363
1048912
0.1
2284407
1048912
0.1
2152235
1048912
0.1
2317602
1048912
0.1
2018081
1048912
0.1
2376017
1048912
0.1
2448437
1048912
0.1
2227882
1048912
0.1
2330634
1048912
0.1
2214850
1048912
0.1
2036538
1048912
0.1
2327371
1048912
0.1
2137260
1048912
0.1
2124978
1048912
0.1
2172312
1048912
0.1
2040882
1048912
0.1
2160576
1048912
0.1
2276691
1048912
0.1
2299859
1048912
0.1
1983696
1048912
0.1
2043778
1048912
0.1
2356331
1048912
0.1
2703264
1048912
0.1
2284407
1048912
0.1
2125494
1048912
0.1
2122337
1048912
0.1
2337619
1048912
0.1
2274271
1048912
0.1
2282483
1048912
0.1
2109050
1048912
0.1
2052466
1048912
0.1
2399185
1048912
0.1
2370923
1048912
0.1
2060572
1048912
0.1
2127914
1048912
0.1
2152586
1048912
0.1
2021430
1048912
0.1
2160246
1048912
0.1
2023602
1048912
0.1
2330411
1048912
0.1
2470081
1048912
0.1
2288275
1048912
0.1
2019982
1048912
0.1
2334025
1048912
0.1
2215875
1048912
0.1
2325337
1048912
0.1
2337176
1048912
0.1
2299859
1048912
0.1
2453403
1048912
0.1
2222886
1048912
0.1
2298411
1048912
0.1
2167098
1048912
0.1
2159128
1048912
0.1
2129322
1048912
0.1
2052466
1048912
0.1
2312193
1048912
0.1
2292602
1048912
0.1
2372259
1048912
0.1
2308530
1048912
0.1
2092372
1048912
0.1
2248521
1048912
0.1
2087717
1048912
0.1
3071261
1048912
0.1
2174306
1048912
0.1
2166368
1048912
0.1
2102197
1048912
0.1
2106541
1048912
0.1
2045573
1048912
0.1
2215875
1048912
0.1
2147108
1048912
0.1
2192029
1048912
0.1
2320163
1048912
0.1
2155482
1048912
0.1
2095707
1048912
0.1
2246759
1048912
0.1
2112644
1048912
0.1
2208360
1048912
0.1
2036538
1048912
0.1
2114092
1048912
0.1
2094957
1048912
0.1
2299859
1048912
0.1
2192432
1048912
0.1
2128939
1048912
0.1
2308946
1048912
0.1
2092372
1048912
0.1
2144665
1048912
0.1
2066308
1048912
0.1
2291650
1048912
0.1
2265857
1048912
0.1
2366136
1048912
0.1
2281805
1048912
0.1
2203319
1048912
0.1
2275243
1048912
0.1
2299859
1048912
0.1
2207663
1048912
0.1
2118436
1048912
0.1
2445541
1048912
0.1
2338229
1048912
0.1
2782335
1048912
0.1
2272823
1048912
0.1
2092460
1048912
0.1
2066308
1048912
0.1
2166520
1048912
0.1
2055362
1048912
0.1
2172312
1048912
0.1
2103956
1048912
0.1
2218771
1048912
0.1
2158378
1048912
0.1
2275243
1048912
0.1
2302755
1048912
0.1
2309995
1048912
0.1
2294067
1048912
0.1
2315819
1048912
0.1
2064860
1048912
0.1
2198922
1048912
0.1
2197506
1048912
0.1
2290090
1048912
0.1
2213346
1048912
0.1
2096405
1048912
0.1
2446582
1048912
0.1
2302755
1048912
0.1
2288275
1048912
0.1
2319162
1048912
0.1
2113804
1048912
0.1
2279587
1048912
0.1
2129322
1048912
0.1
2270899
1048912
0.1
2103956
1048912
0.1
2081155
1048912
0.1
2089476
1048912
0.1
2075161
1048912
0.1
2110386
1048912
0.1
2317965
1048912
0.1
2299859
1048912
0.1
2043778
1048912
0.1
2284562
1048912
0.1
2075746
1048912
0.1
2319545
1048912
0.1
2069369
1048912
0.1
2207663
1048912
0.1
2052466
1048912
0.1
2201722
1048912
0.1
2309664
1048912
0.1
2131468
1048912
0.1
2114092
1048912
0.1
2321691
1048912
0.1
2079029
1048912
0.1
2053441
1048912
0.1
2043150
1048912
0.1
2244835
1048912
0.1
2249162
1048912
0.1
2306768
1048912
0.1
2227184
1048912
0.1
2240858
1048912
0.1
2106931
1048912
0.1
2193034
1048912
0.1
2299859
1048912
0.1
2188802
1048912
0.1
2305651
1048912
0.1
2206764
1048912
0.1
2158378
1048912
0.1
2046092
1048912
0.1
2400709
1048912
0.1
2300335
1048912
0.1
2259682
1048912
0.1
2053914
1048912
0.1
2204016
1048912
0.1
2173460
1048912
0.1
2368665
1048912
0.1
2064860
1048912
0.1
2325923
1048912
0.1
2087677
1048912
0.1
2259754
1048912
0.1
2076609
1048912
0.1
2269120
1048912
0.1
2334723
1048912
0.1
2362235
1048912
0.1
2040978
1048912
0.1
2421262
1048912
0.1
2084437
1048912
0.1
2304203
1048912
0.1
2223379
1048912
0.1
2226434
1048912
0.1
2233251
1048912
0.1
2089476
1048912
0.1
2086580
1048912
0.1
2078259
1048912
0.1
2154034
1048912
0.1
2129210
1048912
0.1
2173460
1048912
0.1
2264026
1048912
0.1
2204714
1048912
0.1
2109469
1048912
0.1
2079505
1048912
0.1
2283931
1048912
0.1
2304467
1048912
0.1
2139147
1048912
0.1
2151045
1048912
0.1
2437475
1048912
0.1
2198954
1048912
0.1
2356331
1048912
0.1
2265583
1048912
0.1
2288275
1048912
0.1
2052360
1048912
0.1
2048892
1048912
0.1
2131468
1048912
0.1
2259315
1048912
0.1
2066946
1048912
0.1
2259791
1048912
0.1
2089165
1048912
0.1
2321579
1048912
0.1
2372371
1048912
0.1
2266204
1048912
0.1
2255814
1048912
0.1
2069369
1048912
0.1
2460021
1048912
0.1
2285379
1048912
0.1
2457125
1048912
0.1
2312560
1048912
0.1
2448106
1048912
0.1
2132106
1048912
0.1
2180098
1048912
0.1
2164772
1048912
0.1
2291171
1048912
0.1
2395218
1048912
0.1
2267031
1048912
0.1
2048988
1048912
0.1
2057785
1048912
0.1
2070708
1048912
0.1
2212383
1048912
0.1
2337619
1048912
0.1
2233706
1048912
0.1
2244835
1048912
0.1
2096002
1048912
0.1
2270899
1048912
0.1
2198763
1048912
0.1
2392675
1048912
0.1
2145290
1048912
0.1
2291171
1048912
0.1
2181139
1048912
0.1
2294817
1048912
0.1
2073915
1048912
0.1
2245202
1048912
0.1
2250994
1048912
0.1
2052466
1048912
0.1
2359977
1048912
0.1
2253890
1048912
0.1
2076133
1048912
0.1
2286129
1048912
0.1
2409999
1048912
0.1
2100051
1048912
0.1
2407067
1048912
0.1
2250022
1048912
0.1
2334611
1048912
0.1
2094259
1048912
0.1
2321579
1048912
0.1
2175786
1048912
0.1
2307099
1048912
0.1
2062129
1048912
0.1
2115979
1048912
0.1
2076609
1048912
0.1
2304953
1048912
0.1
2207663
1048912
0.1
2275243
1048912
0.1
2320163
1048912
0.1
2174306
1048912
0.1
2285379
1048912
0.1
2037358
1048912
0.1
2308547
1048912
0.1
2335066
1048912
0.1
2299859
1048912
0.1
2270495
1048912
0.1
2175658
1048912
0.1
2307099
1048912
0.1
2304235
1048912
0.1
2055362
1048912
0.1
2032561
1048912
0.1
2240491
1048912
0.1
1990076
1048912
0.1
2277058
1048912
0.1
2211986
1048912
0.1
1893097
1048912
0.1
2316537
1048912
0.1
2155849
1048912
0.1
2375267
1048912
0.1
2083720
1048912
0.1
2072519
1048912
0.1
2049718
1048912
0.1
1936818
1048912
0.1
2035090
1048912
0.1
2139075
1048912
0.1
2349123
1048912
0.1
2059233
1048912
0.1
2519379
1048912
0.1
2062129
1048912
0.1
2052466
1048912
0.1
2269451
1048912
0.1
2454229
1048912
0.1
2328819
1048912
0.1
2173278
1048912
0.1
2304953
1048912
0.1
2291171
1048912
0.1
2069842
1048912
0.1
2132106
1048912
0.1
2253890
1048912
0.1
2193183
1048912
0.1
2170712
1048912
0.1
2203319
1048912
0.1
2062311
1048912
0.1
2455677
1048912
0.1
2093509
1048912
0.1
2122082
1048912
0.1
2106521
1048912
0.1
2161274
1048912
0.1
2133554
1048912
0.1
2255321
1048912
0.1
2155482
1048912
0.1
2043778
1048912
0.1
2051500
1048912
0.1
2211256
1048912
0.1
2089476
1048912
0.1
2123219
1048912
0.1
2292288
1048912
0.1
2309393
1048912
0.1
2118436
1048912
0.1
2359227
1048912
0.1
2288275
1048912
0.1
2176871
1048912
0.1
2258617
1048912
0.1
2333163
1048912
0.1
2109437
1048912
0.1
2441819
1048912
0.1
2185943
1048912
0.1
2047649
1048912
0.1
2288754
1048912
0.1
2238071
1048912
0.1
2332465
1048912
0.1
2018620
1048912
0.1
2052518
1048912
0.1
2151558
1048912
0.1
2125676
1048912
0.1
2223591
1048912
0.1
2213243
1048912
0.1
2082989
1048912
0.1
2356331
1048912
0.1
2238071
1048912
0.1
2262961
1048912
0.1
2109748
1048912
0.1
2330267
1048912
0.1
2133081
1048912
0.1
2248574
1048912
0.1
2423821
1048912
0.1
2236990
1048912
0.1
2109305
1048912
0.1
2095707
1048912
0.1
2284298
1048912
0.1
2066086
1048912
0.1
2317347
1048912
0.1
2282483
1048912
0.1
2449885
1048912
0.1
2182994
1048912
0.1
2285802
1048912
0.1
2172435
1048912
0.1
2206003
1048912
0.1
2269818
1048912
0.1
2265950
1048912
0.1
2302755
1048912
0.1
2193034
1048912
0.1
2272379
1048912
0.1
2373819
1048912
0.1
2209058
1048912
0.1
2282483
1048912
0.1
2116753
1048912
0.1
2066086
1048912
0.1
2327738
1048912
0.1
2311555
1048912
0.1
2291171
1048912
0.1
2124978
1048912
0.1
2065025
1048912
0.1
2276691
1048912
0.1
2256786
1048912
0.1
2288751
1048912
0.1
2301339
1048912
0.1
2340403
1048912
0.1
2430235
1048912
0.1
2113394
1048912
0.1
2325923
1048912
0.1
2288275
1048912
0.1
2113282
1048912
0.1
2370923
1048912
0.1
2259682
1048912
0.1
2060516
1048912
0.1
2295515
1048912
0.1
2127639
1048912
0.1
2114730
1048912
0.1
2046092
1048912
0.1
2191735
1048912
0.1
2438301
1048912
0.1
2372371
1048912
0.1
2165932
1048912
0.1
2057785
1048912
0.1
2348393
1048912
0.1
2066308
1048912
0.1
2294067
1048912
0.1
2164170
1048912
0.1
2089476
1048912
0.1
2283600
1048912
0.1
2105093
1048912
0.1
2051884
1048912
0.1
2423362
1048912
0.1
2167668
1048912
0.1
2251082
1048912
0.1
2155482
1048912
0.1
2101810
1048912
0.1
2282850
1048912
0.1
2064050
1048912
0.1
2108300
1048912
0.1
2276691
1048912
0.1
2085132
1048912
0.1
2403549
1048912
0.1
2208635
1048912
0.1
2397612
1048912
0.1
2212383
1048912
0.1
2225297
1048912
0.1
2305651
1048912
0.1
2171410
1048912
0.1
2099301
1048912
0.1
2265950
1048912
0.1
2211282
1048912
0.1
2360675
1048912
0.1
2413685
1048912
0.1
2278139
1048912
0.1
2174338
1048912
0.1
2331715
1048912
0.1
2252075
1048912
0.1
2109748
1048912
0.1
2365019
1048912
0.1
2155482
1048912
0.1
2035569
1048912
0.1
2076609
1048912
0.1
2105404
1048912
0.1
2096405
1048912
0.1
2210559
1048912
0.1
2620980
1048912
0.1
1991961
1048912
0.1
2255301
1048912
0.1
2255761
1048912
0.1
2057785
1048912
0.1
2136179
1048912
0.1
2232646
1048912
0.1
2264425
1048912
0.1
2366499
1048912
0.1
2113781
1048912
0.1
2094570
1048912
0.1
2350208
1048912
0.1
2307082
1048912
0.1
2240914
1048912
0.1
2303872
1048912
0.1
2318408
1048912
0.1
2056337
1048912
0.1
2375578
1048912
0.1
2025050
1048912
0.1
2082603
1048912
0.1
2046985
1048912
0.1
2097155
1048912
0.1
2291538
1048912
0.1
2055362
1048912
0.1
2104088
1048912
0.1
2073713
1048912
0.1
2180098
1048912
0.1
2156930
1048912
0.1
2245258
1048912
0.1
2262211
1048912
0.1
2436027
1048912
0.1
2288056
1048912
0.1
2363683
1048912
0.1
2313346
1048912
0.1
2152586
1048912
0.1
2152586
1048912
0.1
2364308
1048912
0.1
2205831
1048912
0.1
2265457
1048912
0.1
2305634
1048912
0.1
2464365
1048912
0.1
2228907
1048912
0.1
2282483
1048912
0.1
2143822
1048912
0.1
2288275
1048912
0.1
2366467
1048912
0.1
2436027
1048912
0.1
2082989
1048912
0.1
2253890
1048912
0.1
2417203
1048912
0.1
2356331
1048912
0.1
2388924
1048912
0.1
2325225
1048912
0.1
2030273
1048912
0.1
2100035
1048912
0.1
2321579
1048912
0.1
2321579
1048912
0.1
2124667
1048912
0.1
2237962
1048912
0.1
2108300
1048912
0.1
2560683
1048912
0.1
2069204
1048912
0.1
2289448
1048912
0.1
2287303
1048912
0.1
2295914
1048912
0.1
2123530
1048912
0.1
2042224
1048912
0.1
2180865
1048912
0.1
2321579
1048912
0.1
2317267
1048912
0.1
2066086
1048912
0.1
2250659
1048912
0.1
2031566
1048912
0.1
2058258
1048912
0.1
2451333
1048912
0.1
2207626
1048912
0.1
2274912
1048912
0.1
2294067
1048912
0.1
2368665
1048912
0.1
2119186
1048912
0.1
2064549
1048912
0.1
2276691
1048912
0.1
2035050
1048912
0.1
2254345
1048912
0.1
2441819
1048912
0.1
2177202
1048912
0.1
2066946
1048912
0.1
2206764
1048912
0.1
2296963
1048912
0.1
2189794
1048912
0.1
2266555
1048912
0.1
2064050
1048912
0.1
2084123
1048912
0.1
2172104
1048912
0.1
2018081
1048912
0.1
2265139
1048912
0.1
2037880
1048912
0.1
2188818
1048912
0.1
2180098
1048912
0.1
2142817
1048912
0.1
2360675
1048912
0.1
2079505
1048912
0.1
2156507
1048912
0.1
2162391
1048912
0.1
2349235
1048912
0.1
2239410
1048912
0.1
2231803
1048912
0.1
2314794
1048912
0.1
2108300
1048912
0.1
2294067
1048912
0.1
2299859
1048912
0.1
2114531
1048912
0.1
2451333
1048912
0.1
2132106
1048912
0.1
1968307
1048912
0.1
2221994
1048912
0.1
2241608
1048912
0.1
2297111
1048912
0.1
2118436
1048912
0.1
2147108
1048912
0.1
2136251
1048912
0.1
2029192
1048912
0.1
2213346
1048912
0.1
2084821
1048912
0.1
2371290
1048912
0.1
2238071
1048912
0.1
2070817
1048912
0.1
2246706
1048912
0.1
2504909
1048912
0.1
2111196
1048912
0.1
2317347
1048912
0.1
2265583
1048912
0.1
2269120
1048912
0.1
2233251
1048912
0.1
2463647
1048912
0.1
2061154
1048912
0.1
2042059
1048912
0.1
2144212
1048912
0.1
2211200
1048912
0.1
2190266
1048912
0.1
2235175
1048912
0.1
2152857
1048912
0.1
2019529
1048912
0.1
2037946
1048912
0.1
2335473
1048912
0.1
2460021
1048912
0.1
2228907
1048912
0.1
2336538
1048912
0.1
2228963
1048912
0.1
2268003
1048912
0.1
2323139
1048912
0.1
2034462
1048912
0.1
2272347
1048912
0.1
2308163
1048912
0.1
2187242
1048912
0.1
2108300
1048912
0.1
2064050
1048912
0.1
2365131
1048912
0.1
2175056
1048912
0.1
2145660
1048912
0.1
2060294
1048912
0.1
2189536
1048912
0.1
2234735
1048912
0.1
2204767
1048912
0.1
2253890
1048912
0.1
2132916
1048912
0.1
2375578
1048912
0.1
2279587
1048912
0.1
2324842
1048912
0.1
2185794
1048912
0.1
2052518
1048912
0.1
2150057
1048912
0.1
2195268
1048912
0.1
2372259
1048912
0.1
2119593
1048912
0.1
2077581
1048912
0.1
2086269
1048912
0.1
2329936
1048912
0.1
2279587
1048912
0.1
2294067
1048912
0.1
2158745
1048912
0.1
2119186
1048912
0.1
2105404
1048912
0.1
2209457
1048912
0.1
2376603
1048912
0.1
2154636
1048912
0.1
2282483
1048912
0.1
2409764
1048912
0.1
2259315
1048912
0.1
2253890
1048912
0.1
2172858
1048912
0.1
2450507
1048912
0.1
2457125
1048912
0.1
2001052
1048912
0.1
2452781
1048912
0.1
2170987
1048912
0.1
2111196
1048912
0.1
2250610
1048912
0.1
2299161
1048912
0.1
2094570
1048912
0.1
2277167
1048912
0.1
2321579
1048912
0.1
2296963
1048912
0.1
2082401
1048912
0.1
2220219
1048912
0.1
2326290
1048912
0.1
2213306
1048912
0.1
2259315
1048912
0.1
2044955
1048912
0.1
2114092
1048912
0.1
2284407
1048912
0.1
2228209
1048912
0.1
2227459
1048912
0.1
2026663
1048912
0.1
2308914
1048912
0.1
2090206
1048912
0.1
2232976
1048912
0.1
2317235
1048912
0.1
2102508
1048912
0.1
2340403
1048912
0.1
1969755
1048912
0.1
2271375
1048912
0.1
2092372
1048912
0.1
2340403
1048912
0.1
2379531
1048912
0.1
2272823
1048912
0.1
2457125
1048912
0.1
2308579
1048912
0.1
2261239
1048912
0.1
2308216
1048912
0.1
2471972
1048912
0.1
2155482
1048912
0.1
2288642
1048912
0.1
2242306
1048912
0.1
2434579
1048912
0.1
2115209
1048912
0.1
2160576
1048912
0.1
2168514
1048912
0.1
2295914
1048912
0.1
2077892
1048912
0.1
2328931
1048912
0.1
2252075
1048912
0.1
2125841
1048912
0.1
2105404
1048912
0.1
1967034
1048912
0.1
2418396
1048912
0.1
2089145
1048912
0.1
2228302
1048912
0.1
2242689
1048912
0.1
2306768
1048912
0.1
2022878
1048912
0.1
2110885
1048912
0.1
2406369
1048912
0.1
2145660
1048912
0.1
2305683
1048912
0.1
2286496
1048912
0.1
2201659
1048912
0.1
2018328
1048912
0.1
2488706
1048912
