aes256-ctr+hmac-sha2-512
1000
08/28/18
0.1
2428328
1048912
0.1
2035752
1048912
0.1
2285088
1048912
0.1
2151656
1048912
0.1
2195096
1048912
0.1
2292216
1048912
0.1
2282480
1048912
0.1
2145752
1048912
0.1
2216136
1048912
0.1
2295336
1048912
0.1
2139568
1048912
0.1
2303912
1048912
0.1
2146760
1048912
0.1
2082040
1048912
0.1
2046784
1048912
0.1
2293888
1048912
0.1
2214520
1048912
0.1
2165128
1048912
0.1
2131840
1048912
0.1
2242088
1048912
0.1
2172936
1048912
0.1
2280744
1048912
0.1
2149216
1048912
0.1
2029960
1048912
0.1
2248024
1048912
0.1
2183512
1048912
0.1
2168592
1048912
0.1
2227864
1048912
0.1
2151024
1048912
0.1
2268536
1048912
0.1
2169176
1048912
0.1
2203784
1048912
0.1
2363168
1048912
0.1
2231624
1048912
0.1
2255232
1048912
0.1
2293936
1048912
0.1
2146888
1048912
0.1
2198760
1048912
0.1
2269760
1048912
0.1
2363168
1048912
0.1
2102864
1048912
0.1
2138688
1048912
0.1
2104704
1048912
0.1
2226272
1048912
0.1
2186408
1048912
0.1
2116896
1048912
0.1
2128312
1048912
0.1
2108216
1048912
0.1
2169488
1048912
0.1
2258176
1048912
0.1
2221160
1048912
0.1
2151656
1048912
0.1
2235968
1048912
0.1
2325304
1048912
0.1
2186408
1048912
0.1
2292472
1048912
0.1
2288424
1048912
0.1
2161936
1048912
0.1
2120072
1048912
0.1
2104312
1048912
0.1
2094176
1048912
0.1
2148904
1048912
0.1
2183952
1048912
0.1
2113000
1048912
0.1
2186408
1048912
0.1
2148592
1048912
0.1
2260584
1048912
0.1
2142104
1048912
0.1
2230504
1048912
0.1
2258128
1048912
0.1
2168592
1048912
0.1
2115456
1048912
0.1
2138008
1048912
0.1
2089280
1048912
0.1
2322624
1048912
0.1
2117784
1048912
0.1
2263480
1048912
0.1
2225832
1048912
0.1
2163680
1048912
0.1
2243512
1048912
0.1
2132832
1048912
0.1
2115456
1048912
0.1
2145424
1048912
0.1
2162800
1048912
0.1
2188880
1048912
0.1
2318064
1048912
0.1
2272168
1048912
0.1
2243208
1048912
0.1
2160344
1048912
0.1
2121832
1048912
0.1
2089280
1048912
0.1
2155008
1048912
0.1
2322624
1048912
0.1
2122696
1048912
0.1
2114448
1048912
0.1
2103256
1048912
0.1
2344128
1048912
0.1
2157592
1048912
0.1
2071008
1048912
0.1
2097448
1048912
0.1
2186800
1048912
0.1
2267824
1048912
0.1
2246104
1048912
0.1
2059816
1048912
0.1
2139632
1048912
0.1
2145424
1048912
0.1
2360056
1048912
0.1
2287360
1048912
0.1
2225064
1048912
0.1
2085440
1048912
0.1
2231088
1048912
0.1
2145424
1048912
0.1
2174968
1048912
0.1
2241080
1048912
0.1
2145424
1048912
0.1
2196544
1048912
0.1
2190344
1048912
0.1
2298280
1048912
0.1
2273616
1048912
0.1
2250752
1048912
0.1
2302464
1048912
0.1
2241592
1048912
0.1
2212032
1048912
0.1
2115456
1048912
0.1
2111504
1048912
0.1
2188440
1048912
0.1
2152552
1048912
0.1
2112560
1048912
0.1
2139632
1048912
0.1
2149216
1048912
0.1
2075304
1048912
0.1
2071008
1048912
0.1
2302352
1048912
0.1
2269600
1048912
0.1
2448616
1048912
0.1
2046768
1048912
0.1
2183344
1048912
0.1
2236408
1048912
0.1
2340272
1048912
0.1
2320736
1048912
0.1
2324072
1048912
0.1
2264488
1048912
0.1
2101808
1048912
0.1
2290992
1048912
0.1
2121832
1048912
0.1
2268000
1048912
0.1
2193648
1048912
0.1
2058480
1048912
0.1
2099968
1048912
0.1
2106768
1048912
0.1
2103872
1048912
0.1
2144416
1048912
0.1
2178112
1048912
0.1
2283640
1048912
0.1
2189576
1048912
0.1
2166720
1048912
0.1
2256568
1048912
0.1
2221816
1048912
0.1
2155560
1048912
0.1
2147312
1048912
0.1
2148040
1048912
0.1
2165696
1048912
0.1
2235984
1048912
0.1
2216720
1048912
0.1
2234960
1048912
0.1
2285688
1048912
0.1
2116040
1048912
0.1
2095624
1048912
0.1
2163680
1048912
0.1
2162800
1048912
0.1
2136168
1048912
0.1
2184520
1048912
0.1
2233400
1048912
0.1
2147312
1048912
0.1
2113000
1048912
0.1
2258128
1048912
0.1
2173768
1048912
0.1
2293024
1048912
0.1
2267856
1048912
0.1
2130768
1048912
0.1
2268832
1048912
0.1
2028512
1048912
0.1
2243552
1048912
0.1
2142968
1048912
0.1
2113504
1048912
0.1
2106768
1048912
0.1
2205816
1048912
0.1
2300904
1048912
0.1
2181624
1048912
0.1
2119232
1048912
0.1
2155448
1048912
0.1
2340112
1048912
0.1
2080592
1048912
0.1
1971504
1048912
0.1
2273080
1048912
0.1
2138896
1048912
0.1
2272824
1048912
0.1
2118624
1048912
0.1
2139208
1048912
0.1
2168592
1048912
0.1
2220992
1048912
0.1
2302464
1048912
0.1
2181624
1048912
0.1
2267872
1048912
0.1
2133664
1048912
0.1
2082544
1048912
0.1
2115896
1048912
0.1
2155008
1048912
0.1
1879344
1048912
0.1
2099968
1048912
0.1
2183512
1048912
0.1
1989888
1048912
0.1
2198760
1048912
0.1
2300688
1048912
0.1
2145424
1048912
0.1
2170624
1048912
0.1
2177864
1048912
0.1
2127624
1048912
0.1
2090416
1048912
0.1
2184520
1048912
0.1
2190312
1048912
0.1
2292328
1048912
0.1
2114464
1048912
0.1
2238864
1048912
0.1
2142104
1048912
0.1
2149152
1048912
0.1
2325304
1048912
0.1
2116904
1048912
0.1
2138624
1048912
0.1
2252336
1048912
0.1
2151656
1048912
0.1
2227720
1048912
0.1
2323632
1048912
0.1
2041280
1048912
0.1
2266264
1048912
0.1
2046784
1048912
0.1
2161056
1048912
0.1
2135728
1048912
0.1
2126472
1048912
0.1
2332760
1048912
0.1
2286424
1048912
0.1
2211792
1048912
0.1
2227608
1048912
0.1
1953520
1048912
0.1
3978096
1048912
0.1
2373264
1048912
0.1
2173376
1048912
0.1
2274104
1048912
0.1
2348688
1048912
0.1
2040408
1048912
0.1
2079080
1048912
0.1
2109664
1048912
0.1
2068064
1048912
0.1
2116904
1048912
0.1
2229608
1048912
0.1
2228024
1048912
0.1
2057360
1048912
0.1
2326752
1048912
0.1
2144632
1048912
0.1
2295336
1048912
0.1
2102312
1048912
0.1
2071024
1048912
0.1
2173816
1048912
0.1
2081096
1048912
0.1
2276400
1048912
0.1
2341008
1048912
0.1
2285248
1048912
0.1
2234192
1048912
0.1
2289704
1048912
0.1
2184280
1048912
0.1
2276400
1048912
0.1
2264816
1048912
0.1
2140464
1048912
0.1
2138624
1048912
0.1
2168024
1048912
0.1
1974944
1048912
0.1
2233072
1048912
0.1
2269272
1048912
0.1
2159336
1048912
0.1
2280744
1048912
0.1
2231624
1048912
0.1
2103256
1048912
0.1
2212864
1048912
0.1
2297792
1048912
0.1
2188952
1048912
0.1
2116400
1048912
0.1
2316944
1048912
0.1
2131384
1048912
0.1
2114888
1048912
0.1
2148320
1048912
0.1
2259136
1048912
0.1
2337304
1048912
0.1
2239192
1048912
0.1
2105760
1048912
0.1
2145312
1048912
0.1
2149152
1048912
0.1
2286648
1048912
0.1
2236408
1048912
0.1
2366336
1048912
0.1
2339560
1048912
0.1
2126176
1048912
0.1
2150208
1048912
0.1
2104672
1048912
0.1
1981040
1048912
0.1
2085440
1048912
0.1
2124584
1048912
0.1
2225064
1048912
0.1
2296688
1048912
0.1
2258016
1048912
0.1
2130696
1048912
0.1
2146320
1048912
0.1
2112560
1048912
0.1
2115280
1048912
0.1
2082592
1048912
0.1
2343008
1048912
0.1
2285248
1048912
0.1
2259136
1048912
0.1
2276400
1048912
0.1
2135728
1048912
0.1
2160784
1048912
0.1
2290456
1048912
0.1
2218656
1048912
0.1
2173208
1048912
0.1
2094176
1048912
0.1
2257576
1048912
0.1
2155008
1048912
0.1
2234584
1048912
0.1
2216376
1048912
0.1
2195000
1048912
0.1
2194040
1048912
0.1
2105760
1048912
0.1
2278288
1048912
0.1
2094176
1048912
0.1
2113144
1048912
0.1
2174584
1048912
0.1
2148208
1048912
0.1
2285088
1048912
0.1
2375024
1048912
0.1
2116040
1048912
0.1
2237888
1048912
0.1
2118792
1048912
0.1
2201720
1048912
0.1
2063328
1048912
0.1
2197640
1048912
0.1
2122144
1048912
0.1
2262360
1048912
0.1
2260912
1048912
0.1
2249000
1048912
0.1
2219856
1048912
0.1
2230648
1048912
0.1
2132216
1048912
0.1
2243680
1048912
0.1
2180176
1048912
0.1
2299728
1048912
0.1
2184520
1048912
0.1
2114448
1048912
0.1
2149656
1048912
0.1
2087440
1048912
0.1
2206328
1048912
0.1
2114904
1048912
0.1
2041544
1048912
0.1
2176416
1048912
0.1
2187856
1048912
0.1
2210816
1048912
0.1
2243024
1048912
0.1
2114952
1048912
0.1
2290992
1048912
0.1
2103760
1048912
0.1
2145424
1048912
0.1
2177280
1048912
0.1
2259576
1048912
0.1
2348960
1048912
0.1
1917576
1048912
0.1
2285104
1048912
0.1
2242088
1048912
0.1
2246576
1048912
0.1
2196816
1048912
0.1
2324184
1048912
0.1
2236440
1048912
0.1
2269928
1048912
0.1
2183088
1048912
0.1
2121832
1048912
0.1
2174400
1048912
0.1
1950648
1048912
0.1
2102864
1048912
0.1
2302464
1048912
0.1
2035264
1048912
0.1
2119248
1048912
0.1
2266376
1048912
0.1
2157592
1048912
0.1
2113000
1048912
0.1
2289104
1048912
0.1
2300704
1048912
0.1
2252384
1048912
0.1
2225064
1048912
0.1
2142416
1048912
0.1
2086736
1048912
0.1
2146760
1048912
0.1
2296744
1048912
0.1
2289432
1048912
0.1
2318392
1048912
0.1
2184520
1048912
0.1
2263368
1048912
0.1
2116792
1048912
0.1
2300904
1048912
0.1
2119424
1048912
0.1
2097072
1048912
0.1
2297792
1048912
0.1
2155008
1048912
0.1
2263368
1048912
0.1
2285248
1048912
0.1
2327336
1048912
0.1
2058608
1048912
0.1
2316616
1048912
0.1
2145424
1048912
0.1
2064600
1048912
0.1
2163632
1048912
0.1
2114280
1048912
0.1
2264392
1048912
0.1
2251376
1048912
0.1
2134344
1048912
0.1
2083864
1048912
0.1
2231296
1048912
0.1
2046216
1048912
0.1
2145424
1048912
0.1
2174384
1048912
0.1
2090664
1048912
0.1
2163472
1048912
0.1
2128880
1048912
0.1
2097904
1048912
0.1
2064272
1048912
0.1
2070392
1048912
0.1
2165696
1048912
0.1
2187416
1048912
0.1
2299728
1048912
0.1
2055912
1048912
0.1
2301104
1048912
0.1
2150040
1048912
0.1
1946152
1048912
0.1
2288512
1048912
0.1
2117344
1048912
0.1
2119800
1048912
0.1
2154112
1048912
0.1
2293888
1048912
0.1
2135728
1048912
0.1
2160928
1048912
0.1
1906928
1048912
0.1
2055400
1048912
0.1
2073904
1048912
0.1
2290992
1048912
0.1
2249328
1048912
0.1
2323856
1048912
0.1
2331424
1048912
0.1
2067232
1048912
0.1
2118352
1048912
0.1
2233840
1048912
0.1
2283640
1048912
0.1
2153104
1048912
0.1
2161176
1048912
0.1
2163632
1048912
0.1
2293888
1048912
0.1
2165696
1048912
0.1
2308416
1048912
0.1
2080152
1048912
0.1
2253520
1048912
0.1
2326528
1048912
0.1
2134720
1048912
0.1
2103872
1048912
0.1
2277848
1048912
0.1
2127872
1048912
0.1
2142800
1048912
0.1
2142968
1048912
0.1
2062712
1048912
0.1
2262032
1048912
0.1
2320960
1048912
0.1
1846480
1048912
0.1
2106768
1048912
0.1
2116904
1048912
0.1
2292912
1048912
0.1
2227608
1048912
0.1
2157448
1048912
0.1
2136736
1048912
0.1
2214928
1048912
0.1
2226160
1048912
0.1
2267712
1048912
0.1
2289104
1048912
0.1
2165144
1048912
0.1
2296672
1048912
0.1
2146008
1048912
0.1
2037200
1048912
0.1
2256656
1048912
0.1
2210392
1048912
0.1
2172936
1048912
0.1
2174384
1048912
0.1
2303584
1048912
0.1
2155560
1048912
0.1
2109048
1048912
0.1
2299728
1048912
0.1
2295664
1048912
0.1
2141520
1048912
0.1
2134112
1048912
0.1
2139696
1048912
0.1
2277000
1048912
0.1
2231880
1048912
0.1
2256568
1048912
0.1
2151656
1048912
0.1
2159336
1048912
0.1
2198384
1048912
0.1
2190344
1048912
0.1
2266264
1048912
0.1
2282352
1048912
0.1
2157904
1048912
0.1
2144416
1048912
0.1
2307408
1048912
0.1
2132832
1048912
0.1
2200440
1048912
0.1
2146888
1048912
0.1
2249328
1048912
0.1
2232304
1048912
0.1
2112448
1048912
0.1
2252224
1048912
0.1
2107712
1048912
0.1
2138624
1048912
0.1
2144416
1048912
0.1
2322408
1048912
0.1
2093560
1048912
0.1
2348688
1048912
0.1
2216376
1048912
0.1
2143864
1048912
0.1
2129936
1048912
0.1
2190896
1048912
0.1
2123280
1048912
0.1
2167144
1048912
0.1
2338776
1048912
0.1
2399280
1048912
0.1
2200024
1048912
0.1
2351584
1048912
0.1
2112560
1048912
0.1
2185968
1048912
0.1
2148760
1048912
0.1
2287560
1048912
0.1
2312272
1048912
0.1
2160800
1048912
0.1
2242248
1048912
0.1
2116904
1048912
0.1
2325632
1048912
0.1
2106392
1048912
0.1
2095576
1048912
0.1
2254200
1048912
0.1
2031296
1048912
0.1
2264488
1048912
0.1
2122144
1048912
0.1
2168592
1048912
0.1
2242416
1048912
0.1
2092680
1048912
0.1
2239192
1048912
0.1
2318992
1048912
0.1
2068064
1048912
0.1
2200536
1048912
0.1
2112560
1048912
0.1
2305248
1048912
0.1
2116040
1048912
0.1
2263512
1048912
0.1
2292928
1048912
0.1
1960080
1048912
0.1
2292440
1048912
0.1
2218656
1048912
0.1
2197640
1048912
0.1
2230520
1048912
0.1
2325304
1048912
0.1
2256128
1048912
0.1
2470152
1048912
0.1
2171760
1048912
0.1
2192592
1048912
0.1
2134672
1048912
0.1
2181200
1048912
0.1
2134864
1048912
0.1
2276120
1048912
0.1
2110608
1048912
0.1
2174584
1048912
0.1
1950776
1048912
0.1
2179168
1048912
0.1
2192200
1048912
0.1
2140904
1048912
0.1
2122944
1048912
0.1
2314944
1048912
0.1
2097024
1048912
0.1
2277848
1048912
0.1
2304352
1048912
0.1
2242104
1048912
0.1
2165696
1048912
0.1
2302576
1048912
0.1
2170872
1048912
0.1
2223376
1048912
0.1
2266264
1048912
0.1
2204056
1048912
0.1
2146696
1048912
0.1
2266264
1048912
0.1
2319416
1048912
0.1
2234080
1048912
0.1
2309592
1048912
0.1
2106592
1048912
0.1
2467440
1048912
0.1
2115456
1048912
0.1
2145424
1048912
0.1
2154696
1048912
0.1
2233840
1048912
0.1
2316616
1048912
0.1
2157904
1048912
0.1
2267384
1048912
0.1
2285248
1048912
0.1
2029992
1048912
0.1
2153936
1048912
0.1
2240376
1048912
0.1
1989744
1048912
0.1
2139184
1048912
0.1
2293776
1048912
0.1
2101368
1048912
0.1
2227608
1048912
0.1
2111112
1048912
0.1
2168592
1048912
0.1
2156456
1048912
0.1
2164704
1048912
0.1
2193096
1048912
0.1
2273944
1048912
0.1
2280888
1048912
0.1
2225832
1048912
0.1
2186408
1048912
0.1
2215016
1048912
0.1
2112560
1048912
0.1
2198760
1048912
0.1
2142416
1048912
0.1
2137112
1048912
0.1
2277992
1048912
0.1
2047728
1048912
0.1
2146320
1048912
0.1
2129072
1048912
0.1
2188000
1048912
0.1
2149216
1048912
0.1
2170040
1048912
0.1
2274528
1048912
0.1
2112560
1048912
0.1
2136736
1048912
0.1
2151656
1048912
0.1
2058608
1048912
0.1
2300608
1048912
0.1
2111112
1048912
0.1
2106504
1048912
0.1
2217840
1048912
0.1
2104704
1048912
0.1
2305360
1048912
0.1
2323856
1048912
0.1
2156456
1048912
0.1
2245664
1048912
0.1
2179608
1048912
0.1
2160784
1048912
0.1
2271944
1048912
0.1
2223848
1048912
0.1
2037200
1048912
0.1
2453864
1048912
0.1
2184520
1048912
0.1
2083048
1048912
0.1
2411224
1048912
0.1
2131376
1048912
0.1
2188000
1048912
0.1
1994672
1048912
0.1
2344232
1048912
0.1
2060400
1048912
0.1
2155008
1048912
0.1
2230176
1048912
0.1
2178160
1048912
0.1
2290992
1048912
0.1
2225064
1048912
0.1
2116904
1048912
0.1
2192968
1048912
0.1
2176272
1048912
0.1
2147312
1048912
0.1
2034176
1048912
0.1
2263368
1048912
0.1
2145424
1048912
0.1
1993304
1048912
0.1
2224912
1048912
0.1
2237856
1048912
0.1
2347952
1048912
0.1
2293920
1048912
0.1
2331696
1048912
0.1
2231688
1048912
0.1
2065608
1048912
0.1
2280744
1048912
0.1
2123280
1048912
0.1
2263952
1048912
0.1
2092536
1048912
0.1
2270608
1048912
0.1
2102360
1048912
0.1
2330872
1048912
0.1
2192200
1048912
0.1
2269104
1048912
0.1
1918000
1048912
0.1
2175216
1048912
0.1
2295384
1048912
0.1
2088888
1048912
0.1
2289104
1048912
0.1
2039544
1048912
0.1
2174968
1048912
0.1
2139504
1048912
0.1
2221064
1048912
0.1
1947160
1048912
0.1
2116352
1048912
0.1
2269160
1048912
0.1
2073400
1048912
0.1
2055472
1048912
0.1
2131776
1048912
0.1
2266264
1048912
0.1
2181624
1048912
0.1
2201032
1048912
0.1
2210600
1048912
0.1
2180176
1048912
0.1
2115080
1048912
0.1
2119800
1048912
0.1
2125040
1048912
0.1
2133664
1048912
0.1
2288096
1048912
0.1
2322624
1048912
0.1
2192200
1048912
0.1
2288584
1048912
0.1
2064160
1048912
0.1
2229640
1048912
0.1
2160488
1048912
0.1
2254112
1048912
0.1
2290016
1048912
0.1
2145312
1048912
0.1
2148760
1048912
0.1
2323856
1048912
0.1
2152936
1048912
0.1
2286648
1048912
0.1
2275392
1048912
0.1
2229640
1048912
0.1
2120808
1048912
0.1
2070568
1048912
0.1
2134736
1048912
0.1
2183160
1048912
0.1
2131384
1048912
0.1
2133224
1048912
0.1
2179624
1048912
0.1
2073856
1048912
0.1
2356936
1048912
0.1
2337376
1048912
0.1
2092224
1048912
0.1
2110104
1048912
0.1
2139520
1048912
0.1
2151216
1048912
0.1
2153688
1048912
0.1
2099968
1048912
0.1
2156392
1048912
0.1
2118624
1048912
0.1
2305032
1048912
0.1
2142416
1048912
0.1
2072064
1048912
0.1
2160488
1048912
0.1
2270768
1048912
0.1
2084544
1048912
0.1
2149152
1048912
0.1
2081976
1048912
0.1
2118352
1048912
0.1
2146760
1048912
0.1
2047792
1048912
0.1
2323632
1048912
0.1
2269160
1048912
0.1
2126032
1048912
0.1
2144856
1048912
0.1
2112560
1048912
0.1
2145424
1048912
0.1
2209168
1048912
0.1
2242088
1048912
0.1
2171488
1048912
0.1
2151656
1048912
0.1
2225064
1048912
0.1
2326528
1048912
0.1
2253672
1048912
0.1
2076336
1048912
0.1
2112560
1048912
0.1
2181624
1048912
0.1
2112528
1048912
0.1
2202568
1048912
0.1
2054248
1048912
0.1
2034368
1048912
0.1
2263808
1048912
0.1
2170040
1048912
0.1
2189696
1048912
0.1
2251712
1048912
0.1
2282192
1048912
0.1
2153560
1048912
0.1
2042992
1048912
0.1
2159336
1048912
0.1
2155824
1048912
0.1
2062712
1048912
0.1
2184520
1048912
0.1
2094128
1048912
0.1
2181824
1048912
0.1
2129936
1048912
0.1
1945072
1048912
0.1
2109552
1048912
0.1
2145424
1048912
0.1
2165128
1048912
0.1
2235784
1048912
0.1
2084544
1048912
0.1
2224712
1048912
0.1
2159480
1048912
0.1
2222936
1048912
0.1
2191336
1048912
0.1
2205232
1048912
0.1
2049728
1048912
0.1
2112448
1048912
0.1
2258696
1048912
0.1
2025616
1048912
0.1
2198760
1048912
0.1
2083488
1048912
0.1
2305520
1048912
0.1
2154552
1048912
0.1
2169424
1048912
0.1
1930808
1048912
0.1
2233400
1048912
0.1
2132832
1048912
0.1
2165144
1048912
0.1
2314048
1048912
0.1
2245096
1048912
0.1
2129384
1048912
0.1
2392384
1048912
0.1
2184960
1048912
0.1
2102664
1048912
0.1
2226600
1048912
0.1
2133592
1048912
0.1
2097464
1048912
0.1
2132216
1048912
0.1
2290880
1048912
0.1
2260616
1048912
0.1
2073640
1048912
0.1
2339104
1048912
0.1
2227608
1048912
0.1
2226512
1048912
0.1
2120696
1048912
0.1
2279408
1048912
0.1
2154696
1048912
0.1
2263952
1048912
0.1
2139016
1048912
0.1
2107840
1048912
0.1
2269744
1048912
0.1
2138184
1048912
0.1
2285248
1048912
0.1
2146872
1048912
0.1
2184456
1048912
0.1
2243888
1048912
0.1
2160344
1048912
0.1
2155008
1048912
0.1
2149592
1048912
0.1
2115896
1048912
0.1
2206472
1048912
0.1
2102864
1048912
0.1
2221744
1048912
0.1
2134280
1048912
0.1
2181624
1048912
0.1
2138624
1048912
0.1
2252224
1048912
0.1
2230176
1048912
0.1
2118352
1048912
0.1
2304352
1048912
0.1
2121832
1048912
0.1
2290992
1048912
0.1
2216376
1048912
0.1
2211824
1048912
0.1
2112560
1048912
0.1
2097464
1048912
0.1
2126488
1048912
0.1
2290992
1048912
0.1
2225064
1048912
0.1
2164248
1048912
0.1
2120512
1048912
0.1
2132832
1048912
0.1
2296672
1048912
0.1
2038712
1048912
0.1
2214376
1048912
0.1
2106216
1048912
0.1
1978728
1048912
0.1
2146008
1048912
0.1
2312760
1048912
0.1
2176544
1048912
0.1
2256568
1048912
0.1
2308640
1048912
0.1
2134280
1048912
0.1
2274952
1048912
0.1
2266648
1048912
0.1
2152680
1048912
0.1
2160800
1048912
0.1
2184520
1048912
0.1
2238184
1048912
0.1
2141784
1048912
0.1
2227184
1048912
0.1
2117344
1048912
0.1
2340000
1048912
0.1
2260144
1048912
0.1
2147136
1048912
0.1
1992752
1048912
0.1
2266264
1048912
0.1
2077744
1048912
0.1
2177968
1048912
0.1
2296672
1048912
0.1
2299728
1048912
0.1
2176664
1048912
0.1
2148760
1048912
0.1
2085816
1048912
0.1
2256240
1048912
0.1
2230648
1048912
0.1
2129760
1048912
0.1
2323856
1048912
0.1
2254368
1048912
0.1
2288584
1048912
0.1
2035312
1048912
0.1
2293776
1048912
0.1
2001472
1048912
0.1
2059360
1048912
0.1
2227096
1048912
0.1
2122080
1048912
0.1
2238680
1048912
0.1
2298280
1048912
0.1
2326968
1048912
0.1
2079520
1048912
0.1
1981688
1048912
0.1
2312600
1048912
0.1
2089392
1048912
0.1
2180944
1048912
0.1
2136800
1048912
0.1
2145000
1048912
0.1
2286696
1048912
0.1
2282432
1048912
0.1
2119064
1048912
0.1
2156896
1048912
0.1
2031296
1048912
0.1
2259024
1048912
0.1
2266264
1048912
0.1
2154112
1048912
0.1
2246704
1048912
0.1
2162800
1048912
0.1
2136624
1048912
0.1
2056024
1048912
0.1
2269048
1048912
0.1
2123640
1048912
0.1
2249064
1048912
0.1
2195368
1048912
0.1
2324344
1048912
0.1
2081584
1048912
0.1
2145424
1048912
0.1
2178112
1048912
0.1
2165696
1048912
0.1
2327976
1048912
0.1
2157904
1048912
0.1
2204808
1048912
0.1
2200536
1048912
0.1
2117344
1048912
0.1
2154584
1048912
0.1
2101872
1048912
0.1
2302608
1048912
0.1
2183904
1048912
0.1
2107600
1048912
0.1
2156832
1048912
0.1
2177368
1048912
0.1
2256240
1048912
0.1
2299568
1048912
0.1
2112448
1048912
0.1
2339560
1048912
0.1
2301016
1048912
0.1
2287984
1048912
0.1
2142104
1048912
0.1
2132832
1048912
0.1
2079696
1048912
0.1
2172872
1048912
0.1
2132832
1048912
0.1
2110496
1048912
0.1
2178112
1048912
0.1
2150208
1048912
0.1
2203632
1048912
0.1
2021336
1048912
0.1
2038536
1048912
0.1
2266864
1048912
0.1
2156456
1048912
0.1
2270016
1048912
0.1
2101368
1048912
0.1
2050696
1048912
0.1
2237304
1048912
0.1
2297000
1048912
0.1
2140904
1048912
0.1
2188864
1048912
0.1
2112560
1048912
0.1
2014472
1048912
0.1
2176728
1048912
0.1
2149216
1048912
0.1
2229072
1048912
0.1
2103696
1048912
0.1
2139696
1048912
0.1
2089280
1048912
0.1
2162800
1048912
