im-aes128-gcm-256
1000
08/28/18
0.1
2256162
1048912
0.1
2047427
1048912
0.1
2070595
1048912
0.1
2078247
1048912
0.1
2342059
1048912
0.1
2289382
1048912
0.1
2000161
1048912
0.1
1983216
1048912
0.1
2265243
1048912
0.1
2151906
1048912
0.1
2320255
1048912
0.1
2323235
1048912
0.1
2085192
1048912
0.1
2068353
1048912
0.1
2210291
1048912
0.1
2244959
1048912
0.1
2298535
1048912
0.1
2061907
1048912
0.1
2277798
1048912
0.1
2294191
1048912
0.1
2083816
1048912
0.1
2357803
1048912
0.1
2226336
1048912
0.1
2344250
1048912
0.1
2196257
1048912
0.1
2191898
1048912
0.1
2054132
1048912
0.1
2101468
1048912
0.1
2121445
1048912
0.1
2094228
1048912
0.1
2071007
1048912
0.1
2088436
1048912
0.1
2107260
1048912
0.1
2106466
1048912
0.1
2280279
1048912
0.1
2324034
1048912
0.1
2157475
1048912
0.1
2349215
1048912
0.1
2072043
1048912
0.1
2346826
1048912
0.1
2106466
1048912
0.1
2126084
1048912
0.1
2123305
1048912
0.1
2073491
1048912
0.1
2056115
1048912
0.1
2285239
1048912
0.1
2103570
1048912
0.1
2266579
1048912
0.1
2083627
1048912
0.1
2065510
1048912
0.1
2032482
1048912
0.1
2124753
1048912
0.1
2322686
1048912
0.1
2295723
1048912
0.1
2186106
1048912
0.1
2233629
1048912
0.1
2106881
1048912
0.1
2078005
1048912
0.1
2051718
1048912
0.1
2087536
1048912
0.1
2079934
1048912
0.1
2192692
1048912
0.1
2296622
1048912
0.1
2124171
1048912
0.1
2067699
1048912
0.1
2085161
1048912
0.1
2328943
1048912
0.1
2033601
1048912
0.1
2012210
1048912
0.1
2285038
1048912
0.1
2335242
1048912
0.1
2008297
1048912
0.1
2118844
1048912
0.1
2096829
1048912
0.1
2070595
1048912
0.1
2243511
1048912
0.1
2070595
1048912
0.1
2069801
1048912
0.1
2068353
1048912
0.1
2126201
1048912
0.1
2263984
1048912
0.1
2227667
1048912
0.1
2073491
1048912
0.1
2113634
1048912
0.1
2129562
1048912
0.1
2103570
1048912
0.1
2061907
1048912
0.1
2194140
1048912
0.1
2339163
1048912
0.1
2033133
1048912
0.1
2094228
1048912
0.1
2291379
1048912
0.1
2076420
1048912
0.1
2108708
1048912
0.1
2372283
1048912
0.1
2153785
1048912
0.1
2272555
1048912
0.1
2235077
1048912
0.1
2074145
1048912
0.1
2055736
1048912
0.1
2231362
1048912
0.1
2236171
1048912
0.1
2103570
1048912
0.1
2087592
1048912
0.1
2266691
1048912
0.1
2102916
1048912
0.1
2053219
1048912
0.1
2331386
1048912
0.1
2068353
1048912
0.1
2153270
1048912
0.1
2071007
1048912
0.1
2071249
1048912
0.1
2295723
1048912
0.1
2340611
1048912
0.1
2075986
1048912
0.1
2455691
1048912
0.1
2179660
1048912
0.1
2338255
1048912
0.1
2068350
1048912
0.1
2327696
1048912
0.1
2108708
1048912
0.1
2271035
1048912
0.1
2327495
1048912
0.1
2304327
1048912
0.1
2107547
1048912
0.1
1928381
1048912
0.1
2333953
1048912
0.1
2075593
1048912
0.1
2326248
1048912
0.1
2178212
1048912
0.1
2108413
1048912
0.1
2359251
1048912
0.1
2327339
1048912
0.1
2109777
1048912
0.1
2289226
1048912
0.1
2071249
1048912
0.1
2321703
1048912
0.1
2209013
1048912
0.1
2244238
1048912
0.1
2104364
1048912
0.1
2365155
1048912
0.1
2017707
1048912
0.1
2088436
1048912
0.1
2267197
1048912
0.1
2067699
1048912
0.1
2039722
1048912
0.1
2330391
1048912
0.1
2295639
1048912
0.1
2121464
1048912
0.1
2233629
1048912
0.1
2042748
1048912
0.1
2333371
1048912
0.1
2064803
1048912
0.1
2102916
1048912
0.1
2151240
1048912
0.1
2192673
1048912
0.1
2305394
1048912
0.1
2035378
1048912
0.1
2360928
1048912
0.1
2324146
1048912
0.1
2284139
1048912
0.1
2077921
1048912
0.1
2068353
1048912
0.1
2119827
1048912
0.1
2317560
1048912
0.1
2198242
1048912
0.1
2269194
1048912
0.1
2113033
1048912
0.1
2035378
1048912
0.1
2076473
1048912
0.1
2077456
1048912
0.1
2003057
1048912
0.1
2337715
1048912
0.1
2125705
1048912
0.1
2071748
1048912
0.1
2105347
1048912
0.1
2244959
1048912
0.1
2106466
1048912
0.1
2343507
1048912
0.1
2238491
1048912
0.1
2008297
1048912
0.1
2309666
1048912
0.1
2116602
1048912
0.1
1920648
1048912
0.1
2341987
1048912
0.1
2278857
1048912
0.1
2363896
1048912
0.1
2109362
1048912
0.1
2094228
1048912
0.1
2077041
1048912
0.1
2460035
1048912
0.1
2103570
1048912
0.1
2097124
1048912
0.1
2291379
1048912
0.1
2207395
1048912
0.1
2074145
1048912
0.1
2417578
1048912
0.1
2342059
1048912
0.1
2291295
1048912
0.1
2103570
1048912
0.1
2235550
1048912
0.1
2234370
1048912
0.1
2293810
1048912
0.1
2249303
1048912
0.1
2056115
1048912
0.1
2315087
1048912
0.1
2320339
1048912
0.1
2074145
1048912
0.1
2071578
1048912
0.1
2368051
1048912
0.1
2269110
1048912
0.1
2120292
1048912
0.1
2017099
1048912
0.1
2048115
1048912
0.1
2035378
1048912
0.1
2067699
1048912
0.1
2316844
1048912
0.1
2302879
1048912
0.1
2024448
1048912
0.1
2253659
1048912
0.1
2197259
1048912
0.1
2313099
1048912
0.1
2073491
1048912
0.1
2084746
1048912
0.1
2304327
1048912
0.1
2326554
1048912
0.1
2228466
1048912
0.1
2130461
1048912
0.1
2088954
1048912
0.1
2311651
1048912
0.1
2546923
1048912
0.1
2347767
1048912
0.1
2209361
1048912
0.1
2121857
1048912
0.1
2191985
1048912
0.1
2026690
1048912
0.1
2342059
1048912
0.1
2035378
1048912
0.1
2209013
1048912
0.1
2249303
1048912
0.1
2085075
1048912
0.1
2082020
1048912
0.1
2228578
1048912
0.1
2068353
1048912
0.1
2311651
1048912
0.1
2050512
1048912
0.1
2185452
1048912
0.1
2070595
1048912
0.1
2065510
1048912
0.1
2031499
1048912
0.1
2358730
1048912
0.1
2366603
1048912
0.1
2103570
1048912
0.1
2219890
1048912
0.1
2068353
1048912
0.1
2196089
1048912
0.1
2069801
1048912
0.1
2108708
1048912
0.1
2087275
1048912
0.1
2107914
1048912
0.1
2119913
1048912
0.1
2229043
1048912
0.1
2096659
1048912
0.1
2291379
1048912
0.1
2085245
1048912
0.1
2076504
1048912
0.1
2347851
1048912
0.1
2311651
1048912
0.1
2108708
1048912
0.1
2256162
1048912
0.1
2272090
1048912
0.1
2039808
1048912
0.1
2104364
1048912
0.1
2068353
1048912
0.1
2262536
1048912
0.1
2331923
1048912
0.1
2107914
1048912
0.1
2071007
1048912
0.1
2102537
1048912
0.1
2188348
1048912
0.1
2067699
1048912
0.1
2042618
1048912
0.1
2229549
1048912
0.1
2079714
1048912
0.1
2256850
1048912
0.1
2068164
1048912
0.1
2271035
1048912
0.1
2227018
1048912
0.1
2054667
1048912
0.1
2041668
1048912
0.1
2246491
1048912
0.1
1987262
1048912
0.1
2073608
1048912
0.1
2309554
1048912
0.1
2295539
1048912
0.1
2291379
1048912
0.1
2159146
1048912
0.1
2310131
1048912
0.1
2343435
1048912
0.1
2029586
1048912
0.1
2119498
1048912
0.1
2067699
1048912
0.1
2103570
1048912
0.1
2288399
1048912
0.1
2330391
1048912
0.1
2080107
1048912
0.1
2192725
1048912
0.1
2457765
1048912
0.1
2127184
1048912
0.1
2091332
1048912
0.1
2230321
1048912
0.1
2268139
1048912
0.1
2069147
1048912
0.1
2273538
1048912
0.1
2262235
1048912
0.1
2083797
1048912
0.1
2105812
1048912
0.1
2186106
1048912
0.1
2070595
1048912
0.1
2108708
1048912
0.1
2295639
1048912
0.1
2058217
1048912
0.1
2349416
1048912
0.1
2074972
1048912
0.1
2102916
1048912
0.1
2304327
1048912
0.1
2085161
1048912
0.1
2093468
1048912
0.1
2291379
1048912
0.1
2031858
1048912
0.1
2214551
1048912
0.1
2166333
1048912
0.1
2109777
1048912
0.1
2295639
1048912
0.1
2015537
1048912
0.1
2160836
1048912
0.1
2161958
1048912
0.1
2058164
1048912
0.1
1979913
1048912
0.1
2117101
1048912
0.1
2207395
1048912
0.1
2094228
1048912
0.1
2206846
1048912
0.1
2266523
1048912
0.1
2109777
1048912
0.1
2479252
1048912
0.1
2302498
1048912
0.1
2220945
1048912
0.1
2185126
1048912
0.1
1953114
1048912
0.1
2055321
1048912
0.1
2072213
1048912
0.1
2345495
1048912
0.1
2341975
1048912
0.1
2245954
1048912
0.1
2061907
1048912
0.1
2473925
1048912
0.1
2110156
1048912
0.1
2077041
1048912
0.1
2076473
1048912
0.1
2085540
1048912
0.1
2372127
1048912
0.1
2291379
1048912
0.1
2295639
1048912
0.1
2232183
1048912
0.1
2172178
1048912
0.1
2502885
1048912
0.1
2318891
1048912
0.1
2365155
1048912
0.1
2033136
1048912
0.1
2075922
1048912
0.1
2347667
1048912
0.1
2170972
1048912
0.1
2080107
1048912
0.1
1973706
1048912
0.1
2252199
1048912
0.1
2454243
1048912
0.1
2052372
1048912
0.1
2070595
1048912
0.1
2186574
1048912
0.1
2357282
1048912
0.1
2116689
1048912
0.1
2100020
1048912
0.1
2277233
1048912
0.1
2242147
1048912
0.1
2094228
1048912
0.1
2350864
1048912
0.1
2250370
1048912
0.1
2318807
1048912
0.1
2298897
1048912
0.1
2033136
1048912
0.1
2108708
1048912
0.1
2440389
1048912
0.1
2067699
1048912
0.1
2255107
1048912
0.1
2057850
1048912
0.1
2033136
1048912
0.1
2071249
1048912
0.1
2343507
1048912
0.1
1936415
1048912
0.1
2073491
1048912
0.1
2108708
1048912
0.1
2037477
1048912
0.1
2074557
1048912
0.1
2327180
1048912
0.1
2308290
1048912
0.1
2304411
1048912
0.1
2075109
1048912
0.1
2247755
1048912
0.1
2341975
1048912
0.1
2127532
1048912
0.1
2283674
1048912
0.1
2102916
1048912
0.1
2128980
1048912
0.1
2123475
1048912
0.1
2102916
1048912
0.1
2124458
1048912
0.1
2097124
1048912
0.1
2106466
1048912
0.1
2141547
1048912
0.1
2039808
1048912
0.1
2067699
1048912
0.1
2180158
1048912
0.1
2263683
1048912
0.1
2344715
1048912
0.1
2119131
1048912
0.1
2322586
1048912
0.1
2061907
1048912
0.1
2108243
1048912
0.1
2134424
1048912
0.1
2077381
1048912
0.1
2114500
1048912
0.1
2073491
1048912
0.1
2287035
1048912
0.1
2069801
1048912
0.1
2291379
1048912
0.1
2109362
1048912
0.1
2035378
1048912
0.1
2375873
1048912
0.1
2128685
1048912
0.1
2299262
1048912
0.1
2190450
1048912
0.1
2193346
1048912
0.1
2131634
1048912
0.1
2080436
1048912
0.1
2203051
1048912
0.1
2108708
1048912
0.1
2240515
1048912
0.1
2172295
1048912
0.1
2312550
1048912
0.1
2077041
1048912
0.1
2161025
1048912
0.1
2240415
1048912
0.1
2067829
1048912
0.1
2363824
1048912
0.1
2193274
1048912
0.1
2073661
1048912
0.1
2038274
1048912
0.1
2076799
1048912
0.1
2032482
1048912
0.1
2296706
1048912
0.1
2352123
1048912
0.1
2291379
1048912
0.1
2067699
1048912
0.1
2148458
1048912
0.1
2067699
1048912
0.1
2077041
1048912
0.1
2105812
1048912
0.1
2105812
1048912
0.1
2252617
1048912
0.1
2281288
1048912
0.1
2102916
1048912
0.1
2003953
1048912
0.1
2298736
1048912
0.1
2105812
1048912
0.1
2327507
1048912
0.1
2035378
1048912
0.1
2333488
1048912
0.1
2323151
1048912
0.1
2088625
1048912
0.1
2330391
1048912
0.1
2165108
1048912
0.1
2311651
1048912
0.1
2209425
1048912
0.1
2037480
1048912
0.1
2074560
1048912
0.1
2198601
1048912
0.1
2078005
1048912
0.1
2248922
1048912
0.1
2357903
1048912
0.1
2112258
1048912
0.1
2291379
1048912
0.1
2242946
1048912
0.1
2103570
1048912
0.1
2238602
1048912
0.1
2307307
1048912
0.1
1972314
1048912
0.1
2097778
1048912
0.1
2260422
1048912
0.1
2066368
1048912
0.1
2320339
1048912
0.1
2185126
1048912
0.1
1997919
1048912
0.1
2298535
1048912
0.1
2227015
1048912
0.1
2256162
1048912
0.1
2346319
1048912
0.1
2072213
1048912
0.1
2071177
1048912
0.1
2085573
1048912
0.1
2105812
1048912
0.1
2082212
1048912
0.1
2247290
1048912
0.1
2069147
1048912
0.1
2340539
1048912
0.1
2235077
1048912
0.1
2108708
1048912
0.1
2086810
1048912
0.1
2113706
1048912
0.1
2306842
1048912
0.1
2242013
1048912
0.1
1942861
1048912
0.1
2069147
1048912
0.1
2352373
1048912
0.1
2369387
1048912
0.1
2086523
1048912
0.1
2331739
1048912
0.1
2291379
1048912
0.1
2233375
1048912
0.1
2087277
1048912
0.1
2188905
1048912
0.1
2111139
1048912
0.1
2285587
1048912
0.1
2082179
1048912
0.1
2280694
1048912
0.1
2471452
1048912
0.1
2094228
1048912
0.1
2150839
1048912
0.1
2141636
1048912
0.1
2311651
1048912
0.1
2064803
1048912
0.1
2126373
1048912
0.1
2137668
1048912
0.1
2273931
1048912
0.1
2073491
1048912
0.1
2297171
1048912
0.1
2300067
1048912
0.1
2274003
1048912
0.1
2259058
1048912
0.1
2218330
1048912
0.1
2200155
1048912
0.1
2291379
1048912
0.1
2253082
1048912
0.1
2100674
1048912
0.1
2067699
1048912
0.1
2221326
1048912
0.1
2365344
1048912
0.1
2074939
1048912
0.1
2305859
1048912
0.1
2186009
1048912
0.1
2444577
1048912
0.1
2340728
1048912
0.1
2419026
1048912
0.1
2326930
1048912
0.1
2172420
1048912
0.1
2291379
1048912
0.1
2256555
1048912
0.1
2199138
1048912
0.1
2068353
1048912
0.1
2338514
1048912
0.1
2120946
1048912
0.1
2112673
1048912
0.1
1960789
1048912
0.1
2278275
1048912
0.1
2112258
1048912
0.1
2331923
1048912
0.1
2068353
1048912
0.1
2349059
1048912
0.1
2295639
1048912
0.1
2088054
1048912
0.1
2253082
1048912
0.1
2103570
1048912
0.1
2203385
1048912
0.1
2305394
1048912
0.1
2149369
1048912
0.1
2117017
1048912
0.1
2115154
1048912
0.1
2343507
1048912
0.1
2076005
1048912
0.1
2064803
1048912
0.1
2068353
1048912
0.1
2302498
1048912
0.1
2308755
1048912
0.1
2360883
1048912
0.1
2243511
1048912
0.1
2127819
1048912
0.1
2048410
1048912
0.1
2102122
1048912
0.1
2117724
1048912
0.1
2151683
1048912
0.1
2304327
1048912
0.1
2033133
1048912
0.1
2076852
1048912
0.1
2172178
1048912
0.1
2103570
1048912
0.1
2071249
1048912
0.1
2090867
1048912
0.1
2266523
1048912
0.1
2247939
1048912
0.1
2297171
1048912
0.1
2323235
1048912
0.1
2255107
1048912
0.1
2295723
1048912
0.1
2323235
1048912
0.1
2306770
1048912
0.1
2358730
1048912
0.1
2105018
1048912
0.1
2150945
1048912
0.1
2203221
1048912
0.1
2073491
1048912
0.1
2032153
1048912
0.1
2299983
1048912
0.1
2137668
1048912
0.1
2457765
1048912
0.1
2068353
1048912
0.1
2128980
1048912
0.1
2077921
1048912
0.1
2113706
1048912
0.1
2101449
1048912
0.1
2103570
1048912
0.1
2260041
1048912
0.1
2069578
1048912
0.1
2207395
1048912
0.1
2346219
1048912
0.1
2197036
1048912
0.1
2252801
1048912
0.1
2224234
1048912
0.1
2274902
1048912
0.1
2035378
1048912
0.1
2038444
1048912
0.1
2285122
1048912
0.1
2092813
1048912
0.1
2233459
1048912
0.1
2077921
1048912
0.1
2352011
1048912
0.1
2041170
1048912
0.1
2296706
1048912
0.1
2153418
1048912
0.1
2103570
1048912
0.1
2262347
1048912
0.1
2074972
1048912
0.1
2110189
1048912
0.1
2095381
1048912
0.1
2068353
1048912
0.1
2160836
1048912
0.1
2309738
1048912
0.1
2239429
1048912
0.1
2120946
1048912
0.1
2231474
1048912
0.1
2271035
1048912
0.1
2162938
1048912
0.1
2186238
1048912
0.1
2067699
1048912
0.1
2245842
1048912
0.1
2056115
1048912
0.1
2067699
1048912
0.1
2083627
1048912
0.1
2372584
1048912
0.1
2191898
1048912
0.1
2247290
1048912
0.1
2109362
1048912
0.1
2291379
1048912
0.1
2265432
1048912
0.1
2103570
1048912
0.1
2315647
1048912
0.1
2087121
1048912
0.1
2105812
1048912
0.1
2042704
1048912
0.1
2324599
1048912
0.1
2228466
1048912
0.1
2100020
1048912
0.1
2271035
1048912
0.1
2082179
1048912
0.1
2151683
1048912
0.1
2119913
1048912
0.1
2462109
1048912
0.1
2272371
1048912
0.1
2045514
1048912
0.1
2074145
1048912
0.1
2165834
1048912
0.1
2285038
1048912
0.1
2082761
1048912
0.1
2139116
1048912
0.1
2314547
1048912
0.1
2273931
1048912
0.1
2068353
1048912
0.1
2328322
1048912
0.1
2142666
1048912
0.1
2033136
1048912
0.1
2073714
1048912
0.1
2133324
1048912
0.1
2317443
1048912
0.1
2327495
1048912
0.1
2164851
1048912
0.1
2080352
1048912
0.1
2228661
1048912
0.1
2311651
1048912
0.1
2073661
1048912
0.1
2247984
1048912
0.1
2216982
1048912
0.1
2095328
1048912
0.1
2176299
1048912
0.1
2075025
1048912
0.1
2097124
1048912
0.1
2038410
1048912
0.1
2260041
1048912
0.1
2297171
1048912
0.1
2042748
1048912
0.1
2326596
1048912
0.1
2181108
1048912
0.1
2186658
1048912
0.1
2130545
1048912
0.1
2064803
1048912
0.1
1989008
1048912
0.1
1973080
1048912
0.1
2301175
1048912
0.1
2100020
1048912
0.1
2362701
1048912
0.1
2330010
1048912
0.1
2213187
1048912
0.1
2201138
1048912
0.1
2150700
1048912
0.1
2210291
1048912
0.1
2329027
1048912
0.1
2252211
1048912
0.1
2100020
1048912
0.1
2313015
1048912
0.1
2166628
1048912
0.1
2265315
1048912
0.1
2193255
1048912
0.1
2085005
1048912
0.1
2055212
1048912
0.1
2124257
1048912
0.1
2237814
1048912
0.1
2484659
1048912
0.1
2053873
1048912
0.1
2084379
1048912
0.1
2299983
1048912
0.1
2097124
1048912
0.1
2353559
1048912
0.1
2291379
1048912
0.1
2068353
1048912
0.1
2291379
1048912
0.1
2194279
1048912
0.1
2111604
1048912
0.1
2068818
1048912
0.1
2341975
1048912
0.1
2270759
1048912
0.1
2322698
1048912
0.1
2090953
1048912
0.1
2168076
1048912
0.1
2278163
1048912
0.1
2285038
1048912
0.1
2089884
1048912
0.1
2200954
1048912
0.1
2213187
1048912
0.1
2140269
1048912
0.1
2068353
1048912
0.1
2273538
1048912
0.1
2220355
1048912
0.1
2103570
1048912
0.1
2285122
1048912
0.1
2264510
1048912
0.1
2212722
1048912
0.1
2051771
1048912
0.1
2217865
1048912
0.1
2220343
1048912
0.1
2288063
1048912
0.1
2202967
1048912
0.1
2256162
1048912
0.1
2175074
1048912
0.1
2152802
1048912
0.1
2082296
1048912
0.1
2076504
1048912
0.1
2073491
1048912
0.1
2035378
1048912
0.1
2223323
1048912
0.1
2315995
1048912
0.1
2295723
1048912
0.1
2081725
1048912
0.1
2068353
1048912
0.1
2074560
1048912
0.1
2273454
1048912
0.1
2073956
1048912
0.1
2073956
1048912
0.1
2109362
1048912
0.1
2352123
1048912
0.1
2334635
1048912
0.1
2106466
1048912
0.1
2258521
1048912
0.1
2271107
1048912
0.1
2034584
1048912
0.1
2223440
1048912
0.1
2026807
1048912
0.1
2097706
1048912
0.1
2093796
1048912
0.1
2137289
1048912
0.1
2291379
1048912
0.1
2085075
1048912
0.1
2064803
1048912
0.1
2191002
1048912
0.1
2097124
1048912
0.1
2314547
1048912
0.1
2058716
1048912
0.1
2134477
1048912
0.1
2215546
1048912
0.1
2249203
1048912
0.1
2186106
1048912
0.1
2315530
1048912
0.1
2089884
1048912
0.1
2326131
1048912
0.1
2170178
1048912
0.1
2238714
1048912
0.1
2072043
1048912
0.1
2070595
1048912
0.1
2192725
1048912
0.1
2229043
1048912
0.1
2146356
1048912
0.1
2139116
1048912
0.1
2103899
1048912
0.1
2243595
1048912
0.1
2101966
1048912
0.1
2109777
1048912
0.1
2041582
1048912
0.1
2119342
1048912
0.1
2071249
1048912
0.1
2342059
1048912
0.1
2083092
1048912
0.1
2108708
1048912
0.1
2306758
1048912
0.1
2269587
1048912
0.1
2070595
1048912
0.1
2056769
1048912
0.1
2102916
1048912
0.1
2255107
1048912
0.1
2093763
1048912
0.1
2042748
1048912
0.1
2365043
1048912
0.1
2296706
1048912
0.1
2207395
1048912
0.1
2156027
1048912
0.1
2068353
1048912
0.1
2102621
1048912
0.1
2033133
1048912
0.1
2137373
1048912
0.1
2169641
1048912
0.1
2304411
1048912
0.1
2295258
1048912
0.1
2204034
1048912
0.1
2074560
1048912
0.1
2069147
1048912
0.1
2177970
1048912
0.1
2104481
1048912
0.1
2119532
1048912
0.1
2105812
1048912
0.1
2094228
1048912
0.1
2037238
1048912
0.1
2073026
1048912
0.1
2075351
1048912
0.1
2315995
1048912
0.1
2102916
1048912
0.1
2297171
1048912
0.1
2324218
1048912
0.1
2125705
1048912
0.1
2189370
1048912
0.1
2293738
1048912
0.1
2305859
1048912
0.1
2008573
1048912
0.1
2169282
1048912
0.1
2290513
1048912
0.1
2325666
1048912
0.1
2237731
1048912
0.1
2100674
1048912
0.1
2266579
1048912
0.1
2084610
1048912
0.1
2116931
1048912
0.1
2189554
1048912
0.1
2069317
1048912
0.1
2338255
1048912
0.1
2221652
1048912
0.1
2111721
1048912
0.1
2161490
1048912
0.1
2458587
1048912
0.1
2343507
1048912
0.1
2076387
1048912
0.1
2220544
1048912
0.1
2295723
1048912
0.1
2140564
1048912
0.1
2198359
1048912
0.1
2429162
1048912
0.1
2093067
1048912
0.1
2025896
1048912
0.1
2060645
1048912
0.1
2353459
1048912
0.1
2333488
1048912
0.1
2030168
1048912
0.1
2085192
1048912
0.1
2387746
1048912
0.1
2046424
1048912
0.1
2071664
1048912
0.1
2240162
1048912
0.1
2068353
1048912
0.1
2277798
1048912
0.1
2134477
1048912
0.1
2103570
1048912
0.1
2071714
1048912
0.1
2329027
1048912
0.1
2217447
1048912
0.1
2208294
1048912
0.1
2018002
1048912
0.1
2169524
1048912
0.1
2118050
1048912
0.1
2160594
1048912
0.1
2102916
1048912
0.1
2151769
1048912
0.1
2215534
1048912
0.1
2338514
1048912
0.1
2288399
1048912
0.1
2271035
1048912
0.1
2372283
1048912
0.1
2038274
1048912
0.1
2079283
1048912
0.1
2074557
1048912
0.1
2306959
1048912
0.1
2324599
1048912
0.1
2297171
1048912
0.1
2133324
1048912
0.1
2467108
1048912
0.1
2093384
1048912
0.1
2343507
1048912
0.1
2037238
1048912
0.1
2421332
1048912
0.1
2400202
1048912
0.1
2344871
1048912
0.1
2075109
1048912
0.1
2097124
1048912
0.1
2374826
1048912
0.1
2118050
1048912
0.1
2109777
1048912
0.1
2070595
1048912
0.1
2139770
1048912
0.1
2115948
1048912
0.1
2524605
1048912
0.1
2287035
1048912
0.1
2133082
1048912
0.1
2363707
1048912
0.1
2126084
1048912
0.1
2039808
1048912
0.1
2030293
1048912
0.1
1972314
1048912
0.1
2042651
1048912
0.1
2070216
1048912
0.1
2321439
1048912
0.1
2213187
1048912
0.1
2220243
1048912
0.1
2026690
1048912
0.1
2337631
1048912
0.1
2239251
1048912
0.1
2072697
1048912
0.1
2266691
1048912
0.1
2260422
1048912
0.1
2090572
1048912
0.1
2123188
1048912
0.1
2365155
1048912
0.1
2102621
1048912
0.1
2203633
1048912
0.1
2036996
1048912
0.1
2162212
1048912
0.1
2070300
1048912
0.1
2268139
1048912
0.1
2057563
1048912
0.1
2464379
1048912
0.1
2342176
1048912
0.1
2246143
1048912
0.1
2060459
1048912
0.1
2094228
1048912
0.1
2079283
1048912
0.1
2428179
1048912
0.1
2110156
1048912
0.1
2076473
1048912
0.1
2141717
1048912
0.1
2088436
1048912
0.1
2034428
1048912
0.1
2216083
1048912
0.1
2115154
1048912
0.1
2122394
1048912
0.1
2331923
1048912
0.1
2081850
1048912
0.1
2067699
1048912
0.1
2074557
1048912
