im-aes128-gcm-1024
1000
08/28/18
0.1
2292282
1048912
0.1
2451614
1048912
0.1
2429269
1048912
0.1
2074076
1048912
0.1
2285834
1048912
0.1
2037066
1048912
0.1
2091452
1048912
0.1
2281953
1048912
0.1
2077241
1048912
0.1
2349147
1048912
0.1
2285251
1048912
0.1
2213742
1048912
0.1
2243751
1048912
0.1
2344619
1048912
0.1
2258630
1048912
0.1
2356695
1048912
0.1
2440389
1048912
0.1
2223256
1048912
0.1
2301179
1048912
0.1
2086077
1048912
0.1
2285251
1048912
0.1
2279728
1048912
0.1
2329582
1048912
0.1
2204163
1048912
0.1
2291535
1048912
0.1
2253794
1048912
0.1
2300899
1048912
0.1
2303647
1048912
0.1
2219042
1048912
0.1
2285251
1048912
0.1
2249051
1048912
0.1
2088556
1048912
0.1
2282355
1048912
0.1
2287191
1048912
0.1
2246155
1048912
0.1
2257182
1048912
0.1
2345111
1048912
0.1
2290087
1048912
0.1
2279459
1048912
0.1
2327243
1048912
0.1
2274159
1048912
0.1
2278280
1048912
0.1
2297726
1048912
0.1
2356203
1048912
0.1
2262482
1048912
0.1
2197415
1048912
0.1
2120412
1048912
0.1
2211802
1048912
0.1
2224834
1048912
0.1
2219042
1048912
0.1
2112141
1048912
0.1
2357770
1048912
0.1
2087525
1048912
0.1
2277055
1048912
0.1
2363443
1048912
0.1
2286699
1048912
0.1
2286699
1048912
0.1
2327243
1048912
0.1
2174247
1048912
0.1
2201267
1048912
0.1
2285251
1048912
0.1
2251947
1048912
0.1
2305792
1048912
0.1
2305792
1048912
0.1
2292890
1048912
0.1
2327243
1048912
0.1
2424925
1048912
0.1
2349455
1048912
0.1
2285251
1048912
0.1
2363443
1048912
0.1
2255734
1048912
0.1
2282355
1048912
0.1
2331587
1048912
0.1
2506997
1048912
0.1
2212642
1048912
0.1
2222430
1048912
0.1
2266919
1048912
0.1
2343171
1048912
0.1
2520468
1048912
0.1
2293659
1048912
0.1
2072628
1048912
0.1
2352351
1048912
0.1
2075941
1048912
0.1
2345111
1048912
0.1
2331587
1048912
0.1
2266919
1048912
0.1
2233123
1048912
0.1
2486115
1048912
0.1
2244923
1048912
0.1
2308287
1048912
0.1
2104901
1048912
0.1
2113257
1048912
0.1
2271836
1048912
0.1
2205611
1048912
0.1
2220583
1048912
0.1
2185831
1048912
0.1
2292610
1048912
0.1
2253395
1048912
0.1
2339319
1048912
0.1
2055651
1048912
0.1
2356472
1048912
0.1
2251947
1048912
0.1
2190175
1048912
0.1
2189320
1048912
0.1
2209722
1048912
0.1
2085874
1048912
0.1
2285251
1048912
0.1
2255734
1048912
0.1
2039158
1048912
0.1
2112858
1048912
0.1
2336423
1048912
0.1
2462123
1048912
0.1
2280907
1048912
0.1
2298003
1048912
0.1
2292983
1048912
0.1
2329183
1048912
0.1
2285251
1048912
0.1
2356695
1048912
0.1
2276563
1048912
0.1
2284295
1048912
0.1
2304344
1048912
0.1
2121730
1048912
0.1
2304075
1048912
0.1
2278503
1048912
0.1
2031924
1048912
0.1
2275514
1048912
0.1
2276563
1048912
0.1
2281714
1048912
0.1
2314330
1048912
0.1
2332079
1048912
0.1
2282355
1048912
0.1
2250991
1048912
0.1
2335931
1048912
0.1
2235462
1048912
0.1
2093809
1048912
0.1
2100956
1048912
0.1
2057516
1048912
0.1
2298552
1048912
0.1
2456187
1048912
0.1
2498748
1048912
0.1
2291535
1048912
0.1
2216146
1048912
0.1
2347515
1048912
0.1
2244498
1048912
0.1
2340275
1048912
0.1
2077241
1048912
0.1
2289595
1048912
0.1
1957375
1048912
0.1
2266919
1048912
0.1
2344619
1048912
0.1
2435211
1048912
0.1
2345111
1048912
0.1
2262083
1048912
0.1
2271263
1048912
0.1
2330139
1048912
0.1
2237866
1048912
0.1
2177588
1048912
0.1
2327243
1048912
0.1
2436509
1048912
0.1
2139236
1048912
0.1
2273667
1048912
0.1
2263401
1048912
0.1
2284386
1048912
0.1
2255335
1048912
0.1
2266427
1048912
0.1
2152555
1048912
0.1
2214698
1048912
0.1
2295879
1048912
0.1
2554400
1048912
0.1
2294431
1048912
0.1
2063877
1048912
0.1
2333553
1048912
0.1
2256783
1048912
0.1
2266194
1048912
0.1
2307240
1048912
0.1
2303119
1048912
0.1
2342215
1048912
0.1
2279459
1048912
0.1
2343171
1048912
0.1
2043036
1048912
0.1
2244150
1048912
0.1
2250898
1048912
0.1
2281399
1048912
0.1
2293939
1048912
0.1
2499376
1048912
0.1
2166914
1048912
0.1
2284295
1048912
0.1
2084973
1048912
0.1
2258630
1048912
0.1
2370952
1048912
0.1
2257739
1048912
0.1
2534523
1048912
0.1
2275115
1048912
0.1
2255734
1048912
0.1
2213649
1048912
0.1
2108828
1048912
0.1
2304344
1048912
0.1
2285251
1048912
0.1
2290087
1048912
0.1
2331856
1048912
0.1
2270771
1048912
0.1
2362487
1048912
0.1
2450989
1048912
0.1
2499376
1048912
0.1
2244099
1048912
0.1
2315928
1048912
0.1
2066204
1048912
0.1
2090273
1048912
0.1
2266427
1048912
0.1
2360417
1048912
0.1
2368279
1048912
0.1
2299731
1048912
0.1
2245598
1048912
0.1
2271263
1048912
0.1
2349455
1048912
0.1
2254610
1048912
0.1
2179565
1048912
0.1
2329312
1048912
0.1
2260635
1048912
0.1
2290087
1048912
0.1
2339319
1048912
0.1
2258630
1048912
0.1
2339319
1048912
0.1
1998865
1048912
0.1
2077389
1048912
0.1
2287191
1048912
0.1
2282355
1048912
0.1
2442301
1048912
0.1
2336423
1048912
0.1
2378107
1048912
0.1
2275115
1048912
0.1
2164761
1048912
0.1
2255734
1048912
0.1
2290087
1048912
0.1
2106201
1048912
0.1
2253395
1048912
0.1
2327243
1048912
0.1
2258008
1048912
0.1
2177736
1048912
0.1
2307862
1048912
0.1
2513856
1048912
0.1
2305792
1048912
0.1
2254843
1048912
0.1
2327243
1048912
0.1
2253794
1048912
0.1
2249051
1048912
0.1
2226800
1048912
0.1
2181663
1048912
0.1
2255734
1048912
0.1
2094348
1048912
0.1
2304066
1048912
0.1
2282355
1048912
0.1
2300130
1048912
0.1
2255112
1048912
0.1
2528587
1048912
0.1
2327243
1048912
0.1
2169178
1048912
0.1
2241254
1048912
0.1
2327243
1048912
0.1
2501219
1048912
0.1
2279459
1048912
0.1
2332905
1048912
0.1
2256291
1048912
0.1
2192579
1048912
0.1
2321451
1048912
0.1
2288147
1048912
0.1
2092900
1048912
0.1
2279459
1048912
0.1
2259586
1048912
0.1
2529156
1048912
0.1
2290087
1048912
0.1
2038593
1048912
0.1
2254843
1048912
0.1
2514676
1048912
0.1
2317998
1048912
0.1
2294431
1048912
0.1
2369727
1048912
0.1
2053638
1048912
0.1
2111724
1048912
0.1
2327243
1048912
0.1
2250499
1048912
0.1
1995153
1048912
0.1
2223878
1048912
0.1
2363935
1048912
0.1
2341723
1048912
0.1
2343663
1048912
0.1
2154374
1048912
0.1
2329582
1048912
0.1
2351859
1048912
0.1
2288147
1048912
0.1
2443953
1048912
0.1
2255136
1048912
0.1
2327243
1048912
0.1
2292890
1048912
0.1
2269815
1048912
0.1
2327243
1048912
0.1
2335931
1048912
0.1
2336423
1048912
0.1
2035298
1048912
0.1
2252838
1048912
0.1
2260635
1048912
0.1
2258630
1048912
0.1
2256291
1048912
0.1
2504115
1048912
0.1
2346336
1048912
0.1
2221381
1048912
0.1
2259586
1048912
0.1
2292983
1048912
0.1
2119251
1048912
0.1
2218410
1048912
0.1
2281399
1048912
0.1
2232993
1048912
0.1
2363313
1048912
0.1
2116068
1048912
0.1
2292361
1048912
0.1
2255734
1048912
0.1
2332478
1048912
0.1
2179919
1048912
0.1
2285251
1048912
0.1
2276563
1048912
0.1
2290087
1048912
0.1
2282355
1048912
0.1
2508445
1048912
0.1
2255734
1048912
0.1
2288147
1048912
0.1
2282474
1048912
0.1
2509893
1048912
0.1
2271263
1048912
0.1
2282355
1048912
0.1
2258630
1048912
0.1
2366831
1048912
0.1
2406327
1048912
0.1
2327243
1048912
0.1
2030476
1048912
0.1
2356695
1048912
0.1
2327243
1048912
0.1
2292760
1048912
0.1
2246554
1048912
0.1
2318322
1048912
0.1
2279951
1048912
0.1
2239314
1048912
0.1
2354625
1048912
0.1
2343171
1048912
0.1
2288163
1048912
0.1
2469349
1048912
0.1
2478651
1048912
0.1
2149305
1048912
0.1
2281399
1048912
0.1
2259679
1048912
0.1
2339319
1048912
0.1
2207458
1048912
0.1
2295506
1048912
0.1
2297726
1048912
0.1
2291043
1048912
0.1
2248002
1048912
0.1
2290087
1048912
0.1
2517971
1048912
0.1
2290913
1048912
0.1
2281399
1048912
0.1
2290087
1048912
0.1
2317376
1048912
0.1
2375027
1048912
0.1
2186629
1048912
0.1
2335931
1048912
0.1
2467915
1048912
0.1
2304966
1048912
0.1
2463557
1048912
0.1
2344619
1048912
0.1
2340767
1048912
0.1
2348007
1048912
0.1
2127737
1048912
0.1
2318954
1048912
0.1
2176418
1048912
0.1
2259187
1048912
0.1
2494902
1048912
0.1
2230496
1048912
0.1
2173522
1048912
0.1
2078689
1048912
0.1
2353799
1048912
0.1
2046649
1048912
0.1
2197156
1048912
0.1
2259057
1048912
0.1
2290087
1048912
0.1
2252838
1048912
0.1
2298402
1048912
0.1
2294058
1048912
0.1
2461979
1048912
0.1
2396115
1048912
0.1
2319446
1048912
0.1
2179184
1048912
0.1
2289864
1048912
0.1
2255335
1048912
0.1
2527269
1048912
0.1
2249051
1048912
0.1
2074985
1048912
0.1
2100557
1048912
0.1
2281399
1048912
0.1
2334483
1048912
0.1
2327243
1048912
0.1
2264422
1048912
0.1
2292983
1048912
0.1
2291535
1048912
0.1
2243259
1048912
0.1
2315778
1048912
0.1
2265098
1048912
0.1
2312754
1048912
0.1
2290087
1048912
0.1
2521916
1048912
0.1
2268691
1048912
0.1
2240762
1048912
0.1
2316134
1048912
0.1
2272219
1048912
0.1
2290087
1048912
0.1
2343663
1048912
0.1
2290087
1048912
0.1
2366831
1048912
0.1
2266427
1048912
0.1
2083898
1048912
0.1
2290087
1048912
0.1
2097244
1048912
0.1
2539920
1048912
0.1
2504115
1048912
0.1
2291535
1048912
0.1
2515685
1048912
0.1
2257739
1048912
0.1
2250499
1048912
0.1
2354625
1048912
0.1
2243259
1048912
0.1
2085028
1048912
0.1
2307240
1048912
0.1
2275607
1048912
0.1
2311768
1048912
0.1
2250499
1048912
0.1
2327735
1048912
0.1
2596011
1048912
0.1
2298003
1048912
0.1
2285251
1048912
0.1
2088973
1048912
0.1
2435211
1048912
0.1
2508064
1048912
0.1
2079868
1048912
0.1
2236019
1048912
0.1
2323298
1048912
0.1
2499173
1048912
0.1
2264023
1048912
0.1
2291312
1048912
0.1
2288147
1048912
0.1
2217594
1048912
0.1
2332079
1048912
0.1
2363935
1048912
0.1
2525310
1048912
0.1
2290087
1048912
0.1
2288017
1048912
0.1
4735445
1048912
0.1
2000945
1048912
0.1
2302896
1048912
0.1
2253794
1048912
0.1
2255242
1048912
0.1
2087108
1048912
0.1
2275115
1048912
0.1
2261953
1048912
0.1
2335931
1048912
0.1
2059430
1048912
0.1
2327243
1048912
0.1
2305792
1048912
0.1
2344619
1048912
0.1
2277055
1048912
0.1
2349430
1048912
0.1
2356695
1048912
0.1
2254843
1048912
0.1
2258630
1048912
0.1
2047846
1048912
0.1
2289595
1048912
0.1
2240130
1048912
0.1
2140617
1048912
0.1
2290087
1048912
0.1
2339319
1048912
0.1
2251947
1048912
0.1
2253395
1048912
0.1
2343171
1048912
0.1
2350411
1048912
0.1
2290087
1048912
0.1
2337648
1048912
0.1
2098060
1048912
0.1
2309986
1048912
0.1
2524040
1048912
0.1
2292890
1048912
0.1
2286968
1048912
0.1
2290087
1048912
0.1
2281992
1048912
0.1
2089995
1048912
0.1
2362487
1048912
0.1
2422029
1048912
0.1
2269339
1048912
0.1
2194260
1048912
0.1
2493979
1048912
0.1
2253887
1048912
0.1
2279951
1048912
0.1
2077389
1048912
0.1
2264023
1048912
0.1
2056803
1048912
0.1
2217594
1048912
0.1
2378042
1048912
0.1
2511355
1048912
0.1
2332079
1048912
0.1
2097661
1048912
0.1
2290087
1048912
0.1
2167165
1048912
0.1
2282355
1048912
0.1
2348963
1048912
0.1
2334483
1048912
0.1
2285251
1048912
0.1
2096213
1048912
0.1
2060412
1048912
0.1
2315659
1048912
0.1
2424461
1048912
0.1
2290087
1048912
0.1
2369235
1048912
0.1
2071283
1048912
0.1
2250898
1048912
0.1
2288147
1048912
0.1
2470797
1048912
0.1
2250499
1048912
0.1
2180762
1048912
0.1
2282355
1048912
0.1
2253395
1048912
0.1
2370403
1048912
0.1
2317998
1048912
0.1
2265647
1048912
0.1
2224834
1048912
0.1
2288147
1048912
0.1
2222430
1048912
0.1
2188727
1048912
0.1
2290087
1048912
0.1
2331587
1048912
0.1
2218434
1048912
0.1
2527708
1048912
0.1
2457779
1048912
0.1
2347634
1048912
0.1
2186230
1048912
0.1
2257182
1048912
0.1
2318954
1048912
0.1
2297234
1048912
0.1
2269442
1048912
0.1
2300899
1048912
0.1
2340767
1048912
0.1
2256783
1048912
0.1
2143266
1048912
0.1
2351859
1048912
0.1
2329183
1048912
0.1
2313032
1048912
0.1
2220982
1048912
0.1
2100306
1048912
0.1
2332079
1048912
0.1
2255335
1048912
0.1
2290087
1048912
0.1
2285743
1048912
0.1
2251947
1048912
0.1
2509911
1048912
0.1
2310136
1048912
0.1
2363935
1048912
0.1
2295970
1048912
0.1
2292983
1048912
0.1
2244150
1048912
0.1
2188727
1048912
0.1
2276962
1048912
0.1
2271263
1048912
0.1
2269323
1048912
0.1
2287191
1048912
0.1
2299731
1048912
0.1
2262352
1048912
0.1
2489011
1048912
0.1
2129387
1048912
0.1
2112141
1048912
0.1
2293659
1048912
0.1
2328134
1048912
0.1
2219042
1048912
0.1
2059995
1048912
0.1
2292890
1048912
0.1
2292890
1048912
0.1
2343624
1048912
0.1
2318062
1048912
0.1
2442250
1048912
0.1
2279096
1048912
0.1
2356322
1048912
0.1
2190871
1048912
0.1
2221938
1048912
0.1
2251167
1048912
0.1
2164704
1048912
0.1
2517003
1048912
0.1
2290087
1048912
0.1
2290087
1048912
0.1
2272711
1048912
0.1
2327243
1048912
0.1
2356695
1048912
0.1
2494378
1048912
0.1
2334975
1048912
0.1
2247046
1048912
0.1
2284971
1048912
0.1
2296835
1048912
0.1
2427608
1048912
0.1
2325914
1048912
0.1
2372400
1048912
0.1
2257739
1048912
0.1
2289864
1048912
0.1
2058547
1048912
0.1
2107380
1048912
0.1
2308688
1048912
0.1
2529784
1048912
0.1
2244150
1048912
0.1
2285251
1048912
0.1
2284295
1048912
0.1
2331587
1048912
0.1
2299850
1048912
0.1
2216146
1048912
0.1
2373299
1048912
0.1
2407421
1048912
0.1
2291934
1048912
0.1
2347784
1048912
0.1
2327243
1048912
0.1
2277055
1048912
0.1
2340275
1048912
0.1
2249320
1048912
0.1
2368279
1048912
0.1
2287191
1048912
0.1
2334483
1048912
0.1
2348963
1048912
0.1
2198490
1048912
0.1
2313162
1048912
0.1
2051325
1048912
0.1
2292108
1048912
0.1
2423477
1048912
0.1
2289465
1048912
0.1
2270771
1048912
0.1
2429269
1048912
0.1
2115037
1048912
0.1
2253887
1048912
0.1
2080285
1048912
0.1
2266826
1048912
0.1
2048012
1048912
0.1
2301448
1048912
0.1
2260754
1048912
0.1
2282355
1048912
0.1
2352351
1048912
0.1
2259456
1048912
0.1
2250499
1048912
0.1
2290087
1048912
0.1
2353799
1048912
0.1
2188727
1048912
0.1
2290087
1048912
0.1
2327243
1048912
0.1
2357651
1048912
0.1
2520298
1048912
0.1
2333035
1048912
0.1
2335931
1048912
0.1
2371851
1048912
0.1
2291162
1048912
0.1
2306414
1048912
0.1
2344738
1048912
0.1
2107465
1048912
0.1
2266194
1048912
0.1
2255734
1048912
0.1
2356656
1048912
0.1
2095109
1048912
0.1
2351859
1048912
0.1
2318824
1048912
0.1
2285251
1048912
0.1
2281399
1048912
0.1
2493606
1048912
0.1
2082764
1048912
0.1
2292693
1048912
0.1
2553772
1048912
0.1
2331856
1048912
0.1
2285251
1048912
0.1
2157521
1048912
0.1
2316679
1048912
0.1
2463956
1048912
0.1
2345111
1048912
0.1
2158319
1048912
0.1
2411893
1048912
0.1
2290087
1048912
0.1
2409396
1048912
0.1
2195594
1048912
0.1
2253794
1048912
0.1
2196366
1048912
0.1
2290087
1048912
0.1
2281399
1048912
0.1
2291535
1048912
0.1
2335931
1048912
0.1
2255734
1048912
0.1
2255734
1048912
0.1
2121860
1048912
0.1
2356695
1048912
0.1
2109115
1048912
0.1
2249051
1048912
0.1
2088973
1048912
0.1
2259586
1048912
0.1
2304075
1048912
0.1
2363935
1048912
0.1
2334667
1048912
0.1
2374419
1048912
0.1
2290087
1048912
0.1
2335931
1048912
0.1
2326194
1048912
0.1
2078420
1048912
0.1
2358819
1048912
0.1
2257739
1048912
0.1
2293289
1048912
0.1
2102005
1048912
0.1
2370802
1048912
0.1
2331986
1048912
0.1
2316058
1048912
0.1
2255734
1048912
0.1
2074985
1048912
0.1
2198561
1048912
0.1
2313654
1048912
0.1
2441003
1048912
0.1
2283673
1048912
0.1
2509512
1048912
0.1
2288147
1048912
0.1
2251947
1048912
0.1
2200710
1048912
0.1
2343171
1048912
0.1
2351859
1048912
0.1
2310136
1048912
0.1
2348963
1048912
0.1
2337498
1048912
0.1
2301578
1048912
0.1
2088556
1048912
0.1
2290087
1048912
0.1
2251947
1048912
0.1
2313032
1048912
0.1
2430253
1048912
0.1
2247046
1048912
0.1
2176288
1048912
0.1
2332079
1048912
0.1
2221938
1048912
0.1
2350903
1048912
0.1
2255734
1048912
0.1
2296705
1048912
0.1
2314610
1048912
0.1
2296278
1048912
0.1
2424461
1048912
0.1
2315928
1048912
0.1
2299731
1048912
0.1
2344619
1048912
0.1
2110361
1048912
0.1
2013977
1048912
0.1
2105932
1048912
0.1
2314211
1048912
0.1
2312206
1048912
0.1
2344619
1048912
0.1
2292890
1048912
0.1
2301179
1048912
0.1
2284321
1048912
0.1
2090913
1048912
0.1
2306543
1048912
0.1
2298283
1048912
0.1
2087869
1048912
0.1
2339029
1048912
0.1
2432315
1048912
0.1
2321943
1048912
0.1
2278503
1048912
0.1
2178785
1048912
0.1
2173392
1048912
0.1
2319047
1048912
0.1
2271263
1048912
0.1
2266194
1048912
0.1
2356695
1048912
0.1
2332079
1048912
0.1
2066836
1048912
0.1
2327243
1048912
0.1
2469748
1048912
0.1
2288147
1048912
0.1
2266427
1048912
0.1
2357651
1048912
0.1
2062326
1048912
0.1
2182080
1048912
0.1
2338946
1048912
0.1
2426523
1048912
0.1
2324839
1048912
0.1
2279951
1048912
0.1
2336423
1048912
0.1
2547980
1048912
0.1
2340275
1048912
0.1
2305792
1048912
0.1
2305792
1048912
0.1
2410445
1048912
0.1
2331587
1048912
0.1
2273786
1048912
0.1
2283803
1048912
0.1
2275607
1048912
0.1
2549428
1048912
0.1
2262202
1048912
0.1
2335931
1048912
0.1
2071449
1048912
0.1
2244150
1048912
0.1
2219534
1048912
0.1
2335931
1048912
0.1
2462109
1048912
0.1
2285251
1048912
0.1
2473707
1048912
0.1
2204961
1048912
0.1
2275115
1048912
0.1
2248095
1048912
0.1
2322342
1048912
0.1
2087507
1048912
0.1
2055920
1048912
0.1
2274752
1048912
0.1
2229670
1048912
0.1
2327243
1048912
0.1
2366831
1048912
0.1
2261805
1048912
0.1
2253794
1048912
0.1
2277055
1048912
0.1
2253395
1048912
0.1
2249051
1048912
0.1
2292890
1048912
0.1
2334483
1048912
0.1
2343171
1048912
0.1
2078209
1048912
0.1
2530179
1048912
0.1
2291666
1048912
0.1
2247872
1048912
0.1
2531613
1048912
0.1
2246339
1048912
0.1
2094765
1048912
0.1
2116485
1048912
0.1
2254061
1048912
0.1
2297482
1048912
0.1
2535957
1048912
0.1
2163236
1048912
0.1
2250499
1048912
0.1
2139236
1048912
0.1
2304344
1048912
0.1
2250499
1048912
0.1
2246155
1048912
0.1
2340767
1048912
0.1
2281399
1048912
0.1
2113571
1048912
0.1
2333035
1048912
0.1
2520043
1048912
0.1
2449091
1048912
0.1
2108828
1048912
0.1
2256291
1048912
0.1
2297726
1048912
0.1
2302746
1048912
0.1
2107797
1048912
0.1
2250499
1048912
0.1
2151107
1048912
0.1
2332079
1048912
0.1
2315102
1048912
0.1
2343171
1048912
0.1
2349455
1048912
0.1
2285251
1048912
0.1
2344738
1048912
0.1
2290087
1048912
0.1
2513726
1048912
0.1
2495032
1048912
0.1
2235154
1048912
0.1
2334752
1048912
0.1
2519445
1048912
0.1
2337379
1048912
0.1
2451139
1048912
0.1
2290087
1048912
0.1
2327243
1048912
0.1
2253395
1048912
0.1
2412442
1048912
0.1
2517147
1048912
0.1
2148685
1048912
0.1
2216545
1048912
0.1
2250898
1048912
0.1
2273667
1048912
0.1
2341992
1048912
0.1
2281399
1048912
0.1
2335931
1048912
0.1
2327362
1048912
0.1
2302627
1048912
0.1
2273059
1048912
0.1
2285251
1048912
0.1
2257506
1048912
0.1
2404458
1048912
0.1
2159508
1048912
0.1
2242210
1048912
0.1
2133377
1048912
0.1
2277055
1048912
0.1
2275115
1048912
0.1
2311714
1048912
0.1
2052042
1048912
0.1
2346336
1048912
0.1
2249543
1048912
0.1
2339319
1048912
0.1
2325187
1048912
0.1
2314330
1048912
0.1
2552324
1048912
0.1
2509907
1048912
0.1
2286968
1048912
0.1
2343171
1048912
0.1
2346559
1048912
0.1
2122277
1048912
0.1
2234014
1048912
0.1
2260078
1048912
0.1
2290087
1048912
0.1
2121645
1048912
0.1
2259958
1048912
0.1
2028058
1048912
0.1
2356695
1048912
0.1
2182443
1048912
0.1
2250499
1048912
0.1
2363935
1048912
0.1
2558116
1048912
0.1
2252838
1048912
0.1
2262083
1048912
0.1
2253887
1048912
0.1
2418213
1048912
0.1
2247603
1048912
0.1
2251947
1048912
0.1
2030954
1048912
0.1
2517003
1048912
0.1
2498179
1048912
0.1
2282873
1048912
0.1
2335931
1048912
0.1
2334602
1048912
0.1
2237234
1048912
0.1
2305792
1048912
0.1
2067235
1048912
0.1
2527955
1048912
0.1
2514237
1048912
0.1
2250499
1048912
0.1
2256291
1048912
0.1
2350680
1048912
0.1
2279951
1048912
0.1
2203114
1048912
0.1
2252530
1048912
0.1
2291535
1048912
0.1
2290087
1048912
0.1
2535957
1048912
0.1
2292983
1048912
0.1
2276433
1048912
0.1
2281399
1048912
0.1
2257739
1048912
0.1
2457779
1048912
0.1
2317506
1048912
0.1
2177736
1048912
0.1
2290087
1048912
0.1
2058148
1048912
0.1
2288147
1048912
0.1
2346559
1048912
0.1
2457765
1048912
0.1
2277055
1048912
0.1
2245106
1048912
0.1
2366339
1048912
0.1
2263800
1048912
0.1
2282355
1048912
0.1
2180762
1048912
0.1
2330139
1048912
0.1
2336200
1048912
0.1
2348007
1048912
0.1
2382720
1048912
0.1
2290087
1048912
0.1
2326194
1048912
0.1
2078420
1048912
0.1
2103453
1048912
0.1
2317998
1048912
0.1
2249051
1048912
0.1
2246155
1048912
0.1
2286818
1048912
0.1
2172074
1048912
0.1
2331587
1048912
0.1
2556668
1048912
0.1
2185339
1048912
0.1
2295506
1048912
0.1
2216146
1048912
0.1
2282355
1048912
0.1
2446795
1048912
0.1
2327243
1048912
0.1
2254610
1048912
0.1
2223827
1048912
0.1
2273786
1048912
0.1
2499757
1048912
0.1
2554270
1048912
0.1
2281992
1048912
0.1
2237866
1048912
0.1
2365731
1048912
0.1
2276962
1048912
0.1
2297726
1048912
0.1
2301179
1048912
0.1
2066836
1048912
0.1
2290087
1048912
0.1
2152071
1048912
0.1
2257739
1048912
0.1
2295107
1048912
0.1
2279951
1048912
0.1
2270762
1048912
0.1
2335931
1048912
0.1
2290913
1048912
0.1
2226049
1048912
0.1
2250499
1048912
0.1
2515699
1048912
0.1
2295387
1048912
