im-chacha-poly-511
1000
08/28/18
0.1
3728040
1049128
0.1
1760880
1049128
0.1
1813152
1049128
0.1
3383520
1049024
0.1
2666928
1049128
0.1
2179056
1049128
0.1
1394976
1049128
0.1
2883024
1049008
0.1
2917344
1049024
0.1
2318448
1049128
0.1
1551792
1049128
0.1
1813152
1049128
0.1
1478088
1049128
0.1
1447248
1049128
0.1
1460664
1049128
0.1
1534368
1049128
0.1
1569216
1049128
0.1
1865424
1049128
0.1
1516944
1049128
0.1
1512936
1049128
0.1
1669752
1049128
0.1
3137760
1048960
0.1
3612720
1049128
0.1
1691184
1049128
0.1
2850312
1048968
0.1
3139200
1049128
0.1
2231328
1049128
0.1
1726032
1049128
0.1
2109360
1049128
0.1
1569216
1049128
0.1
1586640
1049128
0.1
1634904
1049128
0.1
1826568
1049128
0.1
1621488
1049128
0.1
2318448
1049128
0.1
1704600
1049128
0.1
1830576
1049128
0.1
1987392
1049128
0.1
1429824
1049128
0.1
1638912
1049128
0.1
1534368
1049128
0.1
1813152
1049128
0.1
2022240
1049128
0.1
1708608
1049128
0.1
1534368
1049128
0.1
1656336
1049128
0.1
1530360
1049128
0.1
1604064
1049128
0.1
1482096
1049128
0.1
1604064
1049128
0.1
2842592
1048976
0.1
2798400
1049128
0.1
2405568
1049128
0.1
2231328
1049128
0.1
1534368
1049128
0.1
1900272
1049128
0.1
1760880
1049128
0.1
1600056
1049128
0.1
1412400
1049128
0.1
1464672
1049128
0.1
1778304
1049128
0.1
1813152
1049128
0.1
1900272
1049128
0.1
1848000
1049128
0.1
2018232
1049128
0.1
1604064
1049128
0.1
1708608
1049128
0.1
1429824
1049128
0.1
1917696
1049128
0.1
1848000
1049128
0.1
1482096
1049128
0.1
1638912
1049128
0.1
1464672
1049128
0.1
1464672
1049128
0.1
1760880
1049128
0.1
1447248
1049128
0.1
1848000
1049128
0.1
1429824
1049128
0.1
1586640
1049128
0.1
1499520
1049128
0.1
1377552
1049128
0.1
1482096
1049128
0.1
1394976
1049128
0.1
1569216
1049128
0.1
1708608
1049128
0.1
2664480
1048968
0.1
3228776
1049128
0.1
1952544
1049128
0.1
1813152
1049128
0.1
1917696
1049128
0.1
1778304
1049128
0.1
1638912
1049128
0.1
1464672
1049128
0.1
1482096
1049128
0.1
1600056
1049128
0.1
1691184
1049128
0.1
1656336
1049128
0.1
1865424
1049128
0.1
1726032
1049128
0.1
1987392
1049128
0.1
1760880
1049128
0.1
1638912
1049128
0.1
1726032
1049128
0.1
2301024
1049128
0.1
2370720
1049128
0.1
2475264
1049128
0.1
1813152
1049128
0.1
1464672
1049128
0.1
1900272
1049128
0.1
1447248
1049128
0.1
1412400
1049128
0.1
2715192
1049128
0.1
2004816
1049128
0.1
1551792
1049128
0.1
1917696
1049128
0.1
1412400
1049128
0.1
1394976
1049128
0.1
1691184
1049128
0.1
1795728
1049128
0.1
1551792
1049128
0.1
1464672
1049128
0.1
1342704
1049128
0.1
1638912
1049128
0.1
1569216
1049128
0.1
2699088
1048968
0.1
3289944
1049128
0.1
2463000
1049128
0.1
1569216
1049128
0.1
1516944
1049128
0.1
1569216
1049128
0.1
1726032
1049128
0.1
1760880
1049128
0.1
1586640
1049128
0.1
1417560
1049128
0.1
2728352
1048968
0.1
3848232
1049128
0.1
2070504
1049128
0.1
1917696
1049128
0.1
2039664
1049128
0.1
2266176
1049128
0.1
1656336
1049128
0.1
1604880
1049128
0.1
1621488
1049128
0.1
1464672
1049128
0.1
1417176
1049128
0.1
1534368
1049128
0.1
1604064
1049128
0.1
1865424
1049128
0.1
1569216
1049128
0.1
1795728
1049128
0.1
2310576
1049128
0.1
1534368
1049128
0.1
1673760
1049128
0.1
3035248
1049056
0.1
2614656
1049128
0.1
1774296
1049128
0.1
2531416
1048968
0.1
3182480
1049128
0.1
1969968
1049128
0.1
1795728
1049128
0.1
2074512
1049128
0.1
1377552
1049128
0.1
1638912
1049128
0.1
1377552
1049128
0.1
2388144
1049128
0.1
2384616
1049128
0.1
1464672
1049128
0.1
1843992
1049128
0.1
2022240
1049128
0.1
1778304
1049128
0.1
2109360
1049128
0.1
1534368
1049128
0.1
1621488
1049128
0.1
2092752
1049128
0.1
1551792
1049128
0.1
2388144
1049128
0.1
2537368
1049024
0.1
2319264
1049128
0.1
1760880
1049128
0.1
1551792
1049128
0.1
1569216
1049128
0.1
1499520
1049128
0.1
1516944
1049128
0.1
1551792
1049128
0.1
1413216
1049128
0.1
1778304
1049128
0.1
1621488
1049128
0.1
1534368
1049128
0.1
2022240
1049128
0.1
1795728
1049128
0.1
1534368
1049128
0.1
2666928
1049128
0.1
1673760
1049128
0.1
2126784
1049128
0.1
2231328
1049128
0.1
1787328
1049128
0.1
3169240
1049128
0.1
2457840
1049128
0.1
1669752
1049128
0.1
2244744
1049128
0.1
2283600
1049128
0.1
2266176
1049128
0.1
1464672
1049128
0.1
2917056
1048992
0.1
2353296
1049128
0.1
2701776
1049128
0.1
2144208
1049128
0.1
1495512
1049128
0.1
3311272
1049008
0.1
3266048
1049128
0.1
1673760
1049128
0.1
2035656
1049128
0.1
1743456
1049128
0.1
1673760
1049128
0.1
2062296
1049128
0.1
1604064
1049128
0.1
2388144
1049128
0.1
1917696
1049128
0.1
2870008
1048968
0.1
3339120
1049128
0.1
2242368
1049128
0.1
1726032
1049128
0.1
1443720
1049128
0.1
1656336
1049128
0.1
1604064
1049128
0.1
1429824
1049128
0.1
1551792
1049128
0.1
1491120
1049128
0.1
1830576
1049128
0.1
1448064
1049128
0.1
1534368
1049128
0.1
1739448
1049128
0.1
2126784
1049128
0.1
1673760
1049128
0.1
1394976
1049128
0.1
1987392
1049128
0.1
1499520
1049128
0.1
1691184
1049128
0.1
1948536
1049128
0.1
2213904
1049128
0.1
1534368
1049128
0.1
1412400
1049128
0.1
1813152
1049128
0.1
1669752
1049128
0.1
1551792
1049128
0.1
3754576
1049072
0.1
2213904
1049128
0.1
2034976
1049128
0.1
1412400
1049128
0.1
2538312
1048968
0.1
3735168
1049128
0.1
2457840
1049128
0.1
2004816
1049128
0.1
3123800
1049128
0.1
1638912
1049128
0.1
1582632
1049128
0.1
1830576
1049128
0.1
1722024
1049128
0.1
1499520
1049128
0.1
1621488
1049128
0.1
1551792
1049128
0.1
1691184
1049128
0.1
1534368
1049128
0.1
1464672
1049128
0.1
1447248
1049128
0.1
1390968
1049128
0.1
1882848
1049128
0.1
1673760
1049128
0.1
1464672
1049128
0.1
1408392
1049128
0.1
1499520
1049128
0.1
1569216
1049128
0.1
1586640
1049128
0.1
1708608
1049128
0.1
1429824
1049128
0.1
1464672
1049128
0.1
1412400
1049128
0.1
1435032
1049128
0.1
1412400
1049128
0.1
1952544
1049128
0.1
1656336
1049128
0.1
1412400
1049128
0.1
1586640
1049128
0.1
1534368
1049128
0.1
1482096
1049128
0.1
1360128
1049128
0.1
1586640
1049128
0.1
1656336
1049128
0.1
1482096
1049128
0.1
1748664
1049128
0.1
1377552
1049128
0.1
1586640
1049128
0.1
1342704
1049128
0.1
1551792
1049128
0.1
1534368
1049128
0.1
1482096
1049128
0.1
1522104
1049128
0.1
1377552
1049128
0.1
1482096
1049128
0.1
1395792
1049128
0.1
1412400
1049128
0.1
1426296
1049128
0.1
1708608
1049128
0.1
1464672
1049128
0.1
1360128
1049128
0.1
1478088
1049128
0.1
1482096
1049128
0.1
1482096
1049128
0.1
1394976
1049128
0.1
2008960
1049128
0.1
1447248
1049128
0.1
1622304
1049128
0.1
1900272
1049128
0.1
1708608
1049128
0.1
1482096
1049128
0.1
1394976
1049128
0.1
1499520
1049128
0.1
1516944
1049128
0.1
1460664
1049128
0.1
1848000
1049128
0.1
1604064
1049128
0.1
1621488
1049128
0.1
1412400
1049128
0.1
1900272
1049128
0.1
1534368
1049128
0.1
1478088
1049128
0.1
2770920
1048968
0.1
4122712
1049128
0.1
2018232
1049128
0.1
1522152
1049128
0.1
1534368
1049128
0.1
1378368
1049128
0.1
1830576
1049128
0.1
1708608
1049128
0.1
1394976
1049128
0.1
1516944
1049128
0.1
1756872
1049128
0.1
1818360
1049128
0.1
1931112
1049128
0.1
1534368
1049128
0.1
1461144
1049128
0.1
1778304
1049128
0.1
1822704
1049128
0.1
1412400
1049128
0.1
2022240
1049128
0.1
1848000
1049128
0.1
1708608
1049128
0.1
1464672
1049128
0.1
1569216
1049128
0.1
1516944
1049128
0.1
1534368
1049128
0.1
1551792
1049128
0.1
1551792
1049128
0.1
1499520
1049128
0.1
1447248
1049128
0.1
1813152
1049128
0.1
2144208
1049128
0.1
1551792
1049128
0.1
1499520
1049128
0.1
1478088
1049128
0.1
3032832
1049128
0.1
2004816
1049128
0.1
1814400
1049128
0.1
1813152
1049128
0.1
1656336
1049128
0.1
1447248
1049128
0.1
1813152
1049128
0.1
1499520
1049128
0.1
2806320
1049128
0.1
2196480
1049128
0.1
1638912
1049128
0.1
1604064
1049128
0.1
1987392
1049128
0.1
2395296
1048960
0.1
2833112
1048984
0.1
4118128
1049128
0.1
1743456
1049128
0.1
2231328
1049128
0.1
1691184
1049128
0.1
2004816
1049128
0.1
1892352
1049128
0.1
1726848
1049128
0.1
1586640
1049128
0.1
1464672
1049128
0.1
1539576
1049128
0.1
1565208
1049128
0.1
1499520
1049128
0.1
1412400
1049128
0.1
1394976
1049128
0.1
1408872
1049128
0.1
1429824
1049128
0.1
1425816
1049128
0.1
1464672
1049128
0.1
2144208
1049128
0.1
1447248
1049128
0.1
1391448
1049128
0.1
1412400
1049128
0.1
1604064
1049128
0.1
1760880
1049128
0.1
1621488
1049128
0.1
1482096
1049128
0.1
1582632
1049128
0.1
1551792
1049128
0.1
3059808
1049128
0.1
2126784
1049128
0.1
1377552
1049128
0.1
2057088
1049128
0.1
1622304
1049128
0.1
1429824
1049128
0.1
2213904
1049128
0.1
1917696
1049128
0.1
1443240
1049128
0.1
1778304
1049128
0.1
1464672
1049128
0.1
1756872
1049128
0.1
1551792
1049128
0.1
2109360
1049128
0.1
1813152
1049128
0.1
1900272
1049128
0.1
1478088
1049128
0.1
2039664
1049128
0.1
1534368
1049128
0.1
1604064
1049128
0.1
1429824
1049128
0.1
1882848
1049128
0.1
1516944
1049128
0.1
1743456
1049128
0.1
2013840
1049128
0.1
1935120
1049128
0.1
1691184
1049128
0.1
1987392
1049128
0.1
1708608
1049128
0.1
1621488
1049128
0.1
1722024
1049128
0.1
1499520
1049128
0.1
1482096
1049128
0.1
1778304
1049128
0.1
2763000
1048968
0.1
3197328
1049128
0.1
2150288
1049128
0.1
2353296
1049128
0.1
1696344
1049128
0.1
1516944
1049128
0.1
1969968
1049128
0.1
1534368
1049128
0.1
1516944
1049128
0.1
2873632
1048984
0.1
3090024
1049128
0.1
2579808
1049128
0.1
1534368
1049128
0.1
1708608
1049128
0.1
1454192
1049128
0.1
2248752
1049128
0.1
1935120
1049128
0.1
1586640
1049128
0.1
1726032
1049128
0.1
1460664
1049128
0.1
1534368
1049128
0.1
1638912
1049128
0.1
1464672
1049128
0.1
1447248
1049128
0.1
2161632
1049128
0.1
1708608
1049128
0.1
1656336
1049128
0.1
1447248
1049128
0.1
1656336
1049128
0.1
1586640
1049128
0.1
1551792
1049128
0.1
1499520
1049128
0.1
1586640
1049128
0.1
1394976
1049128
0.1
2575144
1048968
0.1
3187136
1049128
0.1
2281280
1049128
0.1
2109360
1049128
0.1
2283600
1049128
0.1
1778304
1049128
0.1
1499520
1049128
0.1
2134544
1049128
0.1
2144208
1049128
0.1
1482096
1049128
0.1
1605168
1049128
0.1
1339176
1049128
0.1
1621488
1049128
0.1
1360128
1049128
0.1
1743456
1049128
0.1
1882848
1049128
0.1
1621488
1049128
0.1
1360128
1049128
0.1
1647936
1049128
0.1
1360128
1049128
0.1
1464672
1049128
0.1
1377552
1049128
0.1
1482096
1049128
0.1
1774296
1049128
0.1
1569216
1049128
0.1
1534368
1049128
0.1
1722024
1049128
0.1
1700688
1049128
0.1
1848000
1049128
0.1
1377552
1049128
0.1
1429824
1049128
0.1
1429824
1049128
0.1
1447248
1049128
0.1
1691184
1049128
0.1
1447248
1049128
0.1
1857984
1049128
0.1
1430928
1049128
0.1
1708608
1049128
0.1
1360128
1049128
0.1
1377552
1049128
0.1
1708608
1049128
0.1
1896264
1049128
0.1
1795728
1049128
0.1
1534368
1049128
0.1
1417560
1049128
0.1
1447248
1049128
0.1
1726032
1049128
0.1
2231328
1049128
0.1
1743456
1049128
0.1
1866240
1049128
0.1
3405608
1048992
0.1
2771472
1049128
0.1
1748616
1049128
0.1
1914168
1049128
0.1
1499520
1049128
0.1
1482096
1049128
0.1
1499520
1049128
0.1
1534368
1049128
0.1
2227320
1049128
0.1
1429824
1049128
0.1
1604064
1049128
0.1
1377552
1049128
0.1
1387104
1049128
0.1
1900272
1049128
0.1
1692048
1049128
0.1
1412400
1049128
0.1
1586640
1049128
0.1
1417608
1049128
0.1
1530360
1049128
0.1
1525968
1049128
0.1
1900272
1049128
0.1
2091936
1049128
0.1
1438848
1049128
0.1
1377552
1049128
0.1
1499520
1049128
0.1
1708608
1049128
0.1
1482096
1049128
0.1
1377552
1049128
0.1
1638912
1049128
0.1
1726032
1049128
0.1
1687176
1049128
0.1
1447248
1049128
0.1
1691184
1049128
0.1
1708608
1049128
0.1
1617480
1049128
0.1
1394976
1049128
0.1
1586640
1049128
0.1
1377552
1049128
0.1
1534368
1049128
0.1
1522104
1049128
0.1
1551792
1049128
0.1
1813152
1049128
0.1
1377552
1049128
0.1
1464672
1049128
0.1
1516944
1049128
0.1
1360128
1049128
0.1
1604064
1049128
0.1
4434120
1049088
0.1
2372016
1049128
0.1
1726032
1049128
0.1
1412400
1049128
0.1
2004816
1049128
0.1
1586640
1049128
0.1
1830576
1049128
0.1
1743456
1049128
0.1
1691184
1049128
0.1
1443240
1049128
0.1
1412400
1049128
0.1
1464672
1049128
0.1
1687176
1049128
0.1
1412400
1049128
0.1
1691184
1049128
0.1
1882848
1049128
0.1
3207864
1048984
0.1
2764752
1049128
0.1
2271704
1048944
0.1
3286712
1049128
0.1
2335872
1049128
0.1
1760880
1049128
0.1
1656336
1049128
0.1
2144208
1049128
0.1
2331344
1049064
0.1
1342704
1049128
0.1
1791720
1049128
0.1
1569216
1049128
0.1
1534368
1049128
0.1
2956424
1048928
0.1
1429824
1049128
0.1
1447248
1049128
0.1
1917696
1049128
0.1
1530360
1049128
0.1
1394976
1049128
0.1
1412400
1049128
0.1
1499520
1049128
0.1
1429824
1049128
0.1
1569216
1049128
0.1
1861416
1049128
0.1
2091936
1049128
0.1
2196480
1049128
0.1
1743456
1049128
0.1
3033104
1049120
0.1
3672720
1049128
0.1
2510112
1049128
0.1
1621488
1049128
0.1
1726032
1049128
0.1
2588888
1048968
0.1
1534368
1049128
0.1
1813152
1049128
0.1
1604064
1049128
0.1
1482096
1049128
0.1
1586640
1049128
0.1
1547784
1049128
0.1
1447248
1049128
0.1
1569216
1049128
0.1
1756872
1049128
0.1
1621488
1049128
0.1
1760880
1049128
0.1
2057088
1049128
0.1
1495512
1049128
0.1
1882848
1049128
0.1
1604064
1049128
0.1
1586640
1049128
0.1
2429104
1049016
0.1
1726032
1049128
0.1
2440416
1049128
0.1
1464672
1049128
0.1
2126784
1049128
0.1
1342704
1049128
0.1
1429824
1049128
0.1
2659536
1049128
0.1
1795728
1049128
0.1
1621488
1049128
0.1
1551792
1049128
0.1
1778304
1049128
0.1
1516944
1049128
0.1
1482096
1049128
0.1
1574424
1049128
0.1
1499520
1049128
0.1
2758256
1048976
0.1
4366496
1049128
0.1
1778304
1049128
0.1
1586640
1049128
0.1
1778304
1049128
0.1
1482096
1049128
0.1
1539576
1049128
0.1
1795728
1049128
0.1
1534368
1049128
0.1
1443240
1049128
0.1
1617480
1049128
0.1
2004816
1049128
0.1
2527536
1049128
0.1
1429824
1049128
0.1
1551792
1049128
0.1
1547784
1049128
0.1
2161632
1049128
0.1
1813152
1049128
0.1
2709424
1048968
0.1
3252544
1049128
0.1
2179056
1049128
0.1
1565208
1049128
0.1
1569216
1049128
0.1
1429824
1049128
0.1
3017408
1049000
0.1
2558376
1049128
0.1
1760880
1049128
0.1
1952544
1049128
0.1
1499520
1049128
0.1
1412400
1049128
0.1
2958912
1048968
0.1
3069872
1049128
0.1
3396624
1048984
0.1
3346104
1049128
0.1
1552656
1049128
0.1
1726032
1049128
0.1
2022240
1049128
0.1
1464672
1049128
0.1
1382712
1049128
0.1
1586640
1049128
0.1
1443720
1049128
0.1
1516944
1049128
0.1
1621488
1049128
0.1
1586640
1049128
0.1
1565208
1049128
0.1
1586640
1049128
0.1
1478568
1049128
0.1
1516944
1049128
0.1
1795728
1049128
0.1
1739448
1049128
0.1
1534368
1049128
0.1
2353296
1049128
0.1
1791720
1049128
0.1
1656336
1049128
0.1
1743456
1049128
0.1
1429824
1049128
0.1
1447248
1049128
0.1
1460664
1049128
0.1
1517760
1049128
0.1
1661496
1049128
0.1
1516944
1049128
0.1
1900272
1049128
0.1
1447248
1049128
0.1
1652328
1049128
0.1
1848000
1049128
0.1
1865424
1049128
0.1
1600056
1049128
0.1
1447248
1049128
0.1
1621488
1049128
0.1
1412400
1049128
0.1
1634904
1049128
0.1
1464672
1049128
0.1
1390968
1049128
0.1
1669752
1049128
0.1
2318448
1049128
0.1
2231328
1049128
0.1
1621488
1049128
0.1
1726032
1049128
0.1
1708608
1049128
0.1
1516944
1049128
0.1
1516944
1049128
0.1
1604064
1049128
0.1
1429824
1049128
0.1
1429824
1049128
0.1
1408872
1049128
0.1
3194568
1049016
0.1
3329904
1049128
0.1
2301600
1049128
0.1
2370720
1049128
0.1
1604064
1049128
0.1
1499520
1049128
0.1
1795728
1049128
0.1
1307856
1049128
0.1
1638912
1049128
0.1
1621488
1049128
0.1
2388144
1049128
0.1
1770432
1049128
0.1
1866240
1049128
0.1
1900272
1049128
0.1
1412400
1049128
0.1
1429824
1049128
0.1
1429824
1049128
0.1
1482096
1049128
0.1
1464672
1049128
0.1
1987392
1049128
0.1
3190944
1048920
0.1
2666928
1049128
0.1
1656336
1049128
0.1
1604064
1049128
0.1
1621488
1049128
0.1
1394976
1049128
0.1
1499520
1049128
0.1
1586640
1049128
0.1
1882848
1049128
0.1
1443720
1049128
0.1
1673760
1049128
0.1
1604064
1049128
0.1
1830576
1049128
0.1
1360128
1049128
0.1
1547784
1049128
0.1
1656336
1049128
0.1
1809624
1049128
0.1
1935120
1049128
0.1
1342704
1049128
0.1
1586640
1049128
0.1
1495512
1049128
0.1
1534368
1049128
0.1
2558376
1049128
0.1
1499520
1049128
0.1
2275200
1049128
0.1
1460664
1049128
0.1
1673760
1049128
0.1
1534368
1049128
0.1
1464672
1049128
0.1
2091936
1049128
0.1
1464672
1049128
0.1
1830576
1049128
0.1
1464672
1049128
0.1
2632080
1049128
0.1
2579808
1049128
0.1
2301024
1049128
0.1
2074512
1049128
0.1
1447248
1049128
0.1
1499520
1049128
0.1
1499520
1049128
0.1
1429824
1049128
0.1
1464672
1049128
0.1
1425816
1049128
0.1
1482096
1049128
0.1
1708608
1049128
0.1
3364032
1049104
0.1
1390968
1049128
0.1
1865424
1049128
0.1
1708608
1049128
0.1
2736624
1049128
0.1
2248752
1049128
0.1
1760880
1049128
0.1
3193840
1048920
0.1
2738056
1048968
0.1
3839120
1049128
0.1
2388144
1049128
0.1
1617480
1049128
0.1
1935120
1049128
0.1
1378368
1049128
0.1
1499520
1049128
0.1
1813152
1049128
0.1
1813152
1049128
0.1
1569216
1049128
0.1
1534368
1049128
0.1
1377552
1049128
0.1
1586640
1049128
0.1
2074512
1049128
0.1
1482096
1049128
0.1
1644120
1049128
0.1
1443240
1049128
0.1
1600536
1049128
0.1
1377552
1049128
0.1
2666648
1048968
0.1
3163800
1049128
0.1
2855096
1048968
0.1
3382592
1049128
0.1
2039664
1049128
0.1
1673760
1049128
0.1
3226600
1048920
0.1
1830576
1049128
0.1
1987392
1049128
0.1
2405568
1049128
0.1
2039664
1049128
0.1
1516944
1049128
0.1
1516944
1049128
0.1
1586640
1049128
0.1
1551792
1049128
0.1
1570032
1049128
0.1
1743456
1049128
0.1
1743456
1049128
0.1
1870632
1049128
0.1
1516944
1049128
0.1
1464672
1049128
0.1
1935120
1049128
0.1
1845392
1049128
0.1
1848000
1049128
0.1
2405568
1049128
0.1
1952544
1049128
0.1
1447248
1049128
0.1
1865424
1049128
0.1
1377552
1049128
0.1
1429824
1049128
0.1
1499520
1049128
0.1
1464672
1049128
0.1
1569216
1049128
0.1
1412400
1049128
0.1
1390968
1049128
0.1
2004816
1049128
0.1
1586640
1049128
0.1
1621488
1049128
0.1
1795728
1049128
0.1
1713768
1049128
0.1
1760880
1049128
0.1
1865424
1049128
0.1
1760880
1049128
0.1
1499520
1049128
0.1
1823280
1049128
0.1
1394976
1049128
0.1
1413216
1049128
0.1
1752480
1049128
0.1
1586640
1049128
0.1
1447248
1049128
0.1
1865424
1049128
0.1
1464672
1049128
0.1
1429824
1049128
0.1
1499520
1049128
0.1
1595664
1049128
0.1
1360944
1049128
0.1
1443720
1049128
0.1
1412400
1049128
0.1
2353296
1049128
0.1
2994960
1049000
0.1
2666928
1049128
0.1
2666928
1049128
0.1
1394976
1049128
0.1
1604064
1049128
0.1
1516944
1049128
0.1
1534368
1049128
0.1
1429824
1049128
0.1
1429824
1049128
0.1
1574424
1049128
0.1
2057088
1049128
0.1
1394976
1049128
0.1
1417608
1049128
0.1
1586640
1049128
0.1
1935120
1049128
0.1
1412400
1049128
0.1
1900272
1049128
0.1
1551792
1049128
0.1
1482096
1049128
0.1
1482096
1049128
0.1
1848000
1049128
0.1
1487256
1049128
0.1
1478088
1049128
0.1
1600056
1049128
0.1
1360128
1049128
0.1
1830576
1049128
0.1
1586640
1049128
0.1
1464672
1049128
0.1
1673760
1049128
0.1
1638912
1049128
0.1
1429824
1049128
0.1
2353296
1049128
0.1
2706528
1048968
0.1
2492688
1049128
0.1
1778304
1049128
0.1
2349288
1049128
0.1
2109360
1049128
0.1
1482096
1049128
0.1
1534368
1049128
0.1
2087928
1049128
0.1
1377552
1049128
0.1
1377552
1049128
0.1
1360128
1049128
0.1
1426296
1049128
0.1
1394976
1049128
0.1
1412400
1049128
0.1
1412400
1049128
0.1
1774296
1049128
0.1
1830576
1049128
0.1
1547784
1049128
0.1
1495512
1049128
0.1
1447248
1049128
0.1
1917696
1049128
0.1
1569216
1049128
0.1
1447248
1049128
0.1
1604064
1049128
0.1
1586640
1049128
0.1
1708608
1049128
0.1
1412400
1049128
0.1
1621488
1049128
0.1
1551792
1049128
0.1
1813152
1049128
0.1
1586640
1049128
0.1
1412400
1049128
0.1
1569216
1049128
0.1
1952544
1049128
0.1
1447248
1049128
0.1
1743456
1049128
0.1
1586640
1049128
0.1
1516944
1049128
0.1
1412400
1049128
0.1
1447248
1049128
0.1
1604064
1049128
0.1
1534368
1049128
0.1
1408872
1049128
0.1
1830576
1049128
0.1
1647936
1049128
0.1
1534368
1049128
0.1
2318448
1049128
0.1
1586640
1049128
0.1
1673760
1049128
0.1
1429824
1049128
0.1
1464672
1049128
0.1
1691184
1049128
0.1
1663232
1049128
0.1
1621488
1049128
0.1
1743456
1049128
0.1
1621488
1049128
0.1
2301024
1049128
0.1
1843992
1049128
0.1
1935120
1049128
0.1
1377552
1049128
0.1
1604064
1049128
0.1
1722024
1049128
0.1
1516944
1049128
0.1
1638912
1049128
0.1
1604064
1049128
0.1
1516944
1049128
0.1
1412400
1049128
0.1
2704032
1048968
0.1
3919512
1049128
0.1
2335872
1049128
0.1
2331864
1049128
0.1
1551792
1049128
0.1
1691184
1049128
0.1
1861416
1049128
0.1
1726032
1049128
0.1
1429824
1049128
0.1
1691184
1049128
0.1
2457840
1049128
0.1
2705512
1048968
0.1
3399312
1049128
0.1
2144208
1049128
0.1
1708608
1049128
0.1
1882848
1049128
