im-chacha-poly-4096
1000
08/28/18
0.0
3458264
1049008
0.0
3409022
1048984
0.0
2846196
1049128
0.0
3033017
1048992
0.0
3206356
1048984
0.0
2678152
1048928
0.0
3228995
1048992
0.0
2745622
1048928
0.0
2948852
1048952
0.0
4177472
1049056
0.0
2912049
1048960
0.0
3230768
1048952
0.0
2587502
1048928
0.0
2763534
1048936
0.0
3770357
1049128
0.0
2803189
1048968
0.0
2515076
1048952
0.0
3275331
1048984
0.0
3134106
1049128
0.0
3239689
1048984
0.0
2517156
1049128
0.0
2697782
1048968
0.0
3040900
1048968
0.0
2583722
1048928
0.0
2611487
1048928
0.0
2749720
1048952
0.0
3436291
1048984
0.0
2934975
1048944
0.0
3066164
1048984
0.0
3097471
1048984
0.0
3703461
1049008
0.0
2677566
1048928
0.0
4077375
1049128
0.0
2784850
1048968
0.0
2423564
1048952
0.0
2991475
1048968
0.0
2724150
1048968
0.0
2456460
1048928
0.0
4409138
1049128
0.0
2655594
1048952
0.0
2567168
1048928
0.0
3115385
1048976
0.0
2802497
1049128
0.0
3119385
1048968
0.0
2482507
1048928
0.0
3875512
1049064
0.0
2967502
1048984
0.0
2799408
1048968
0.0
3395175
1049000
0.0
3116325
1048984
0.0
2699340
1048952
0.0
2822376
1048968
0.0
3349217
1048984
0.0
2989578
1049128
0.0
3094002
1048968
0.0
2747222
1048952
0.0
3321341
1048984
0.0
2504317
1048920
0.0
2868096
1048984
0.0
4526782
1049128
0.0
3172099
1048984
0.0
2623607
1048952
0.0
3204496
1048984
0.0
3312348
1048984
0.0
3105501
1048968
0.0
2751624
1048968
0.0
3152182
1048976
0.0
2873442
1048968
0.0
3298499
1048984
0.0
3181068
1048968
0.0
2821016
1048952
0.0
3123742
1048976
0.0
3778845
1049128
0.0
2902616
1048952
0.0
3766892
1049128
0.0
2864456
1048976
0.0
3035935
1048984
0.0
3011247
1048984
0.0
2569366
1048928
0.0
3196856
1048984
0.0
3567227
1048984
0.0
3104472
1048984
0.0
3595395
1049000
0.0
3330976
1048984
0.0
2467701
1048928
0.0
3103936
1048968
0.0
2911572
1048984
0.0
2531644
1048936
0.0
3219146
1048984
0.0
2431811
1048936
0.0
2745877
1048984
0.0
2702241
1049128
0.0
3242837
1048968
0.0
2990151
1049128
0.0
2851208
1048936
0.0
3240065
1048968
0.0
3249441
1049128
0.0
2459199
1048928
0.0
4020623
1049128
0.0
3206258
1048968
0.0
3088756
1048968
0.0
3049530
1048984
0.0
4093575
1049016
0.0
2359427
1048928
0.0
2605142
1048928
0.0
3893115
1049024
0.0
3207828
1048968
0.0
2593863
1048928
0.0
4386365
1049128
0.0
2606829
1048952
0.0
3310877
1048984
0.0
3167648
1048968
0.0
2410147
1048920
0.0
2848684
1048928
0.0
2924450
1048960
0.0
3771155
1049008
0.0
2679107
1049128
0.0
3373803
1049000
0.0
2627072
1048952
0.0
3243868
1048984
0.0
2921226
1048968
0.0
3447825
1049032
0.0
2965421
1048984
0.0
2638999
1048928
0.0
3525955
1049128
0.0
2844799
1048968
0.0
3060203
1048968
0.0
2575546
1048928
0.0
2768471
1048968
0.0
2774095
1048960
0.0
2965418
1048952
0.0
4268464
1049056
0.0
3250102
1048976
0.0
2811495
1049128
0.0
3289158
1048984
0.0
2475544
1048944
0.0
3331725
1048992
0.0
2844639
1048936
0.0
2916756
1048968
0.0
3998450
1049008
0.0
3192400
1048968
0.0
3346776
1049128
0.0
2928648
1048984
0.0
3120389
1049008
0.0
3092578
1048984
0.0
3216948
1048984
0.0
3202244
1048976
0.0
3670491
1049128
0.0
3108151
1048976
0.0
2605443
1048952
0.0
3256410
1048960
0.0
2969934
1048968
0.0
2604433
1048920
0.0
4132045
1049048
0.0
3490093
1048984
0.0
2637219
1048936
0.0
3130449
1048976
0.0
3144294
1048968
0.0
3286180
1049128
0.0
2971096
1048968
0.0
3348514
1049000
0.0
2600598
1048968
0.0
3583428
1049128
0.0
2972916
1048968
0.0
3795873
1049128
0.0
3100123
1048984
0.0
3198704
1048968
0.0
3851963
1049128
0.0
3113058
1048944
0.0
2428165
1048928
0.0
2660653
1048928
0.0
4018558
1049064
0.0
2675737
1048960
0.0
2810689
1048960
0.0
2688105
1049128
0.0
2821523
1048952
0.0
3693612
1049128
0.0
2532667
1048976
0.0
4021122
1049072
0.0
2730610
1048960
0.0
3010071
1049128
0.0
2989421
1048992
0.0
3646628
1049000
0.0
2583777
1049128
0.0
3587520
1049024
0.0
3188241
1048984
0.0
3197037
1048984
0.0
2465785
1048928
0.0
2870682
1048968
0.0
3907165
1049016
0.0
3351031
1049128
0.0
2488113
1048920
0.0
2828402
1048968
0.0
2730175
1048968
0.0
3118347
1048968
0.0
3021821
1048984
0.0
2843785
1048976
0.0
3000143
1048984
0.0
2302622
1048928
0.0
2644459
1048936
0.0
2743342
1048960
0.0
3198328
1048984
0.0
3063342
1048984
0.0
2373201
1049128
0.0
3087400
1048984
0.0
2696483
1049128
0.0
4016994
1049032
0.0
3066119
1048984
0.0
2929373
1048992
0.0
3228396
1048984
0.0
2619981
1049128
0.0
2726490
1048952
0.0
2376172
1048928
0.0
2591494
1048960
0.0
2864102
1048984
0.0
2707209
1048952
0.0
3176608
1048984
0.0
3504276
1049128
0.0
3190468
1049016
0.0
2414331
1049128
0.0
3022019
1048968
0.0
3444747
1049128
0.0
3136149
1048968
0.0
2484508
1048936
0.0
2714607
1048968
0.0
3058198
1048984
0.0
2451508
1048920
0.0
3915797
1049024
0.0
2411787
1048936
0.0
2837873
1048968
0.0
4246070
1049032
0.0
2927660
1048968
0.0
2497427
1048968
0.0
3331821
1048976
0.0
2650090
1048952
0.0
2895440
1048984
0.0
3174983
1048968
0.0
2940193
1048968
0.0
3133540
1048984
0.0
3193662
1048984
0.0
2626407
1048920
0.0
3352938
1049024
0.0
2876611
1048960
0.0
3004712
1048952
0.0
3055961
1049128
0.0
1673991
1049128
0.0
3451588
1049008
0.0
2757510
1048928
0.0
2666674
1048952
0.0
3216482
1048992
0.0
3784605
1049016
0.0
2910454
1048968
0.0
3554756
1049064
0.0
2948042
1048968
0.0
2465909
1048920
0.0
3354467
1049000
0.0
2435580
1048920
0.0
3643391
1049128
0.0
2987949
1048992
0.0
3263641
1048984
0.0
3177901
1048968
0.0
3063064
1048968
0.0
3279280
1048968
0.0
3371317
1048984
0.0
2922486
1049128
0.0
3731974
1049128
0.0
2596545
1048944
0.0
2652031
1048928
0.0
3079917
1048992
0.0
2722806
1049128
0.0
2955390
1048984
0.0
2813889
1048952
0.0
2951765
1048984
0.0
2578851
1049128
0.0
3096922
1048984
0.0
2793909
1048968
0.0
2442076
1048928
0.0
3972760
1049040
0.0
3566479
1049008
0.1
2813802
1048912
0.0
1550601
1049128
0.0
3093044
1048968
0.0
3009516
1048984
0.0
2862043
1048968
0.0
2961270
1048984
0.0
2967468
1048992
0.0
3134106
1049128
0.0
2543098
1048936
0.0
2559964
1048944
0.0
2978674
1049000
0.0
2916287
1048960
0.0
3115627
1048984
0.0
2990794
1048968
0.0
4013340
1049064
0.0
2624520
1048944
0.0
3892791
1049128
0.0
2847238
1048968
0.0
3228465
1048984
0.0
2706037
1048968
0.0
3234161
1048968
0.0
3120389
1049008
0.0
3115627
1048984
0.0
2612744
1048920
0.0
3025799
1048984
0.0
3007718
1048968
0.0
4025400
1049128
0.0
2556947
1048936
0.0
2495941
1048944
0.0
2905355
1048968
0.0
2921655
1048968
0.0
2353139
1048952
0.0
2584381
1048928
0.0
3315210
1049000
0.0
2442820
1048920
0.0
2867751
1048984
0.0
2311506
1049128
0.0
2694673
1048952
0.0
2977943
1048984
0.0
2902460
1048984
0.0
4547592
1049104
0.0
3027535
1048936
0.0
3602418
1049128
0.0
3829228
1049000
0.0
3059905
1048984
0.0
2651464
1048984
0.0
2531617
1048928
0.0
3715704
1049000
0.0
2859842
1048984
0.0
2748474
1048952
0.0
2698905
1048960
0.0
3031281
1049128
0.0
2573917
1048928
0.0
2718963
1048952
0.0
3207868
1048984
0.0
3393770
1049128
0.0
2789786
1048960
0.0
3078615
1048968
0.0
3088994
1048984
0.0
2805066
1049128
0.0
2758479
1048936
0.0
3654956
1049032
0.0
3102714
1048984
0.0
2377840
1048936
0.0
2640447
1048928
0.0
2922738
1048968
0.0
3617605
1049000
0.0
3003819
1048984
0.0
2511637
1048936
0.0
3778234
1049128
0.0
3970457
1049000
0.0
3059905
1048984
0.0
2567962
1048928
0.0
3324642
1049000
0.0
3231931
1048992
0.0
2764032
1048968
0.0
2688975
1048936
0.0
3098300
1048984
0.0
2725005
1048992
0.0
2776672
1048936
0.0
2426869
1048928
0.0
4146872
1049128
0.0
3852978
1049064
0.0
2466619
1048920
0.0
4071346
1049128
0.0
2743120
1048928
0.0
4156431
1049120
0.0
2550446
1048928
0.0
2536309
1048920
0.0
3021133
1048976
0.0
2661111
1049128
0.0
2578851
1049128
0.0
2969991
1048968
0.0
2401459
1048920
0.0
3349364
1048984
0.0
2999534
1048960
0.0
3654101
1049128
0.0
2967001
1048976
0.0
2771784
1048952
0.0
2496591
1049128
0.0
3431754
1048984
0.0
2251616
1048936
0.0
3079590
1048968
0.0
2825631
1049128
0.0
3179763
1048984
0.0
3133663
1048968
0.0
3201627
1049128
0.0
3153342
1048984
0.0
2955463
1048960
0.0
3472372
1048984
0.0
2774015
1048952
0.0
2592415
1048928
0.0
3420622
1048984
0.0
2927182
1048968
0.0
3836706
1049128
0.0
3376938
1048984
0.0
3040972
1048968
0.0
2866761
1049128
0.0
3028049
1048984
0.0
3078223
1048976
0.0
3158075
1048984
0.0
3127206
1048968
0.0
2855051
1048928
0.0
3448708
1048984
0.0
3431621
1048984
0.0
3258678
1048992
0.0
2823062
1049128
0.0
2959038
1048968
0.0
2804784
1048984
0.0
3266690
1048968
0.0
2733702
1048952
0.0
2712754
1048960
0.0
3224344
1048984
0.0
2561438
1048928
0.0
3024329
1048968
0.0
3867807
1049032
0.0
2892026
1048984
0.0
3127635
1048984
0.0
4160012
1049096
0.0
2661634
1048952
0.0
2979537
1048976
0.0
2804315
1048984
0.0
2535126
1048928
0.0
3604435
1049128
0.0
2495562
1048928
0.0
4101080
1049072
0.0
3832162
1049128
0.0
3111278
1048968
0.0
2750290
1048952
0.0
3230797
1048984
0.0
3551441
1049128
0.0
3091941
1048968
0.0
2807472
1048968
0.0
3519920
1049000
0.0
2583344
1048928
0.0
4027018
1049080
0.0
2934223
1049128
0.0
2667125
1048936
0.0
4442942
1049120
0.0
4327463
1049128
0.0
3101142
1048984
0.0
3304234
1049024
0.0
3023584
1048968
0.0
3141691
1048984
0.0
2450674
1048928
0.0
2664749
1048952
0.0
2335156
1048952
0.0
2367619
1048952
0.0
3058108
1048984
0.0
2188116
1049128
0.0
3079072
1048968
0.0
3350559
1049128
0.0
1838511
1049128
0.0
3457271
1049008
0.0
3215009
1049000
0.0
3096922
1048984
0.0
3482793
1049000
0.0
3158171
1048992
0.0
2969434
1048968
0.0
2758463
1048928
0.0
4399130
1049128
0.0
3206847
1048984
0.0
3087975
1048984
0.0
2609893
1048936
0.0
3773531
1049032
0.0
2460810
1048928
0.0
4125195
1049056
0.0
2977943
1048984
0.0
2725806
1048936
0.0
3046523
1048984
0.0
2954458
1048968
0.0
2912811
1048960
0.0
2722806
1049128
0.0
3447189
1049128
0.0
2308207
1048944
0.0
2640546
1049128
0.0
2972082
1048984
0.0
2803165
1048952
0.0
2718630
1048968
0.0
3140487
1048976
0.0
3120389
1049008
0.0
3164651
1048984
0.0
2548352
1048968
0.0
3387507
1049128
0.0
2778676
1048976
0.0
3142746
1048984
0.0
3205770
1048984
0.0
2188116
1049128
0.0
3119746
1048984
0.0
3311752
1049008
0.0
3358200
1048984
0.0
2757848
1048936
0.0
3865900
1049072
0.0
4297042
1049088
0.0
2802497
1049128
0.0
3156763
1048984
0.0
3158888
1048968
0.0
3645775
1049008
0.0
2882981
1048984
0.0
3149098
1048984
0.0
3072113
1048968
0.0
3207770
1048976
0.0
3257973
1048976
0.1
2764770
1048968
0.0
3276384
1049128
0.0
2773344
1048968
0.0
2443992
1048928
0.0
3191807
1049008
0.0
2457300
1048920
0.0
2474225
1048936
0.0
3773703
1049128
0.0
3206250
1049008
0.0
3009488
1048968
0.0
3017399
1048936
0.0
3946239
1049128
0.0
4089149
1049000
0.0
2897168
1048920
0.0
2790133
1048952
0.0
3243841
1048984
0.0
2883957
1048968
0.0
3829444
1049000
0.0
3037395
1048968
0.0
3170691
1048984
0.0
3059708
1048992
0.0
2537721
1049128
0.0
3625440
1049032
0.0
2697997
1048968
0.0
3094188
1048968
0.0
2977705
1049128
0.0
3038460
1048976
0.0
4261362
1049104
0.0
3433355
1049008
0.0
3092127
1049128
0.0
1571166
1049128
0.0
2991471
1048984
0.0
2441372
1048920
0.0
2569717
1048960
0.0
3185024
1048968
0.0
3387742
1049000
0.0
2884203
1048984
0.0
4101219
1049016
0.0
2891980
1049000
0.0
2521508
1048936
0.0
3114990
1048984
0.0
3812049
1049008
0.0
3294680
1049008
0.0
2480756
1048928
0.0
3996099
1049016
0.0
2837880
1048968
0.0
3210621
1049128
0.0
3294835
1048984
0.0
2877721
1048984
0.0
3158607
1048984
0.0
3329527
1049128
0.0
3094188
1048968
0.0
3648644
1048992
0.0
3279416
1048984
0.0
2775951
1048952
0.0
2847186
1048984
0.0
4114935
1049128
0.0
3539065
1048992
0.0
3121419
1048984
0.0
3091006
1048968
0.0
3453438
1049000
0.0
3067066
1048984
0.0
3213422
1048984
0.0
4247536
1049056
0.0
3597021
1049128
0.0
2640546
1049128
0.0
3066219
1048968
0.0
2921233
1049128
0.0
2910545
1048968
0.0
3553666
1049128
0.0
2979970
1048968
0.0
3200587
1048984
0.0
3664075
1049128
0.0
4209117
1049064
0.0
2861222
1048968
0.0
3537208
1048984
0.0
2450060
1048920
0.0
4136620
1049128
0.0
2681420
1048928
0.0
2786061
1048952
0.0
3000050
1048984
0.0
2901061
1048968
0.0
3300966
1048984
0.0
2593051
1049128
0.0
3181662
1049000
0.0
2749324
1048928
0.0
3101295
1048984
0.0
2477972
1048928
0.0
2833062
1048968
0.0
2791152
1048936
0.0
2548650
1048952
0.0
3061094
1048984
0.0
3017782
1048968
0.0
2614909
1048944
0.0
2841778
1049000
0.0
3222618
1048984
0.0
2804784
1048984
0.0
2476801
1048960
0.0
2722806
1049128
0.0
3010716
1049128
0.0
3241108
1048968
0.0
2458771
1048944
0.0
3037361
1048968
0.0
3176946
1048976
0.0
3200953
1048984
0.0
2763936
1049128
0.0
3090684
1048976
0.0
3147801
1048984
0.0
2957388
1048968
0.0
3213671
1048976
0.0
2596043
1048936
0.0
3965535
1049128
0.0
3153574
1048968
0.0
2472886
1048944
0.0
3090735
1048968
0.0
2601205
1048936
0.0
3002912
1048992
0.0
2459257
1048952
0.0
3296673
1048984
0.0
2467436
1048920
0.0
2745856
1048968
0.0
2378899
1048936
0.0
3305872
1048976
0.0
2892238
1048976
0.0
2909970
1048992
0.0
2887670
1048968
0.0
2664359
1048936
0.0
3219452
1049008
0.0
3146486
1048984
0.0
2756741
1048952
0.0
2866761
1049128
0.0
3136778
1048968
0.0
2722800
1048968
0.0
3719434
1049000
0.0
4867022
1049128
0.0
3493062
1049000
0.0
2521837
1048960
0.0
3252794
1048968
0.0
3588160
1048984
0.0
3096167
1048968
0.0
2808761
1048944
0.0
3547783
1048992
0.0
3036370
1048968
0.0
2866761
1049128
0.0
3093817
1048968
0.0
3258772
1048984
0.0
2490970
1048936
0.0
2775823
1048960
0.0
3239148
1048992
0.0
3302724
1048984
0.0
2961641
1048968
0.0
2800526
1048984
0.0
3094233
1048968
0.0
3082080
1048976
0.0
2439924
1048920
0.0
3573619
1049024
0.0
3333269
1048976
0.0
2619981
1049128
0.0
2857448
1048960
0.0
2935889
1048984
0.0
2575473
1048920
0.0
3059905
1048984
0.0
2722806
1049128
0.0
2461357
1048928
0.0
2968746
1049000
0.0
2619981
1049128
0.0
2940560
1048960
0.0
4318767
1049048
0.0
3181211
1048968
0.0
2898515
1048976
0.0
3027778
1048976
0.0
2615831
1048928
0.0
4780830
1049128
0.0
2292047
1048936
0.0
2689590
1048952
0.0
3170258
1048968
0.0
3247149
1048984
0.0
3279280
1048968
0.0
2847711
1048952
0.0
3142279
1049008
0.0
3157998
1048968
0.0
2970230
1048984
0.0
3215183
1048960
0.0
3682768
1049128
0.0
2976314
1048968
0.0
3766481
1049016
0.0
2722352
1048928
0.0
4450952
1049128
0.0
1817946
1049128
0.0
4106947
1049128
0.0
2658917
1048928
0.0
2957991
1048968
0.0
2576977
1048944
0.0
3837428
1049128
0.0
3138519
1048968
0.0
2982878
1048976
0.0
3176877
1048960
0.0
3242895
1049000
0.0
2481465
1048936
0.0
2901120
1048984
0.0
3031914
1049128
0.0
2838095
1048944
0.0
3101267
1049000
0.0
3066121
1049008
0.0
2393766
1049128
0.0
2638616
1048936
0.0
2665218
1048992
0.0
1959332
1049128
0.0
2551217
1048928
0.0
4416875
1049128
0.0
3441040
1049128
0.0
2795158
1048928
0.0
4228507
1049064
0.0
2413488
1048936
0.0
4223007
1049024
0.0
3254034
1048984
0.0
3170015
1048968
0.0
2421731
1048920
0.0
3215277
1049008
0.0
2724544
1048936
0.0
3108778
1048992
0.0
3658156
1049128
0.0
2747325
1048984
0.0
2431056
1048928
0.0
2754063
1048968
0.0
3142283
1048984
0.0
3554937
1048992
0.0
3743085
1049008
0.0
2651034
1048952
0.0
3445841
1049008
0.0
3100343
1048984
0.0
4671761
1049128
0.0
2555077
1048936
0.0
3196913
1048968
0.0
2864574
1048968
0.0
3848251
1049128
0.0
3754778
1049048
0.0
2872632
1048968
0.0
3228995
1048992
0.0
2613493
1048936
0.0
3607264
1049000
0.0
3118215
1048976
0.0
3140256
1048984
0.0
2885050
1048976
0.0
3330030
1048992
0.0
3363856
1049000
0.0
2956279
1048984
0.0
3927471
1049128
0.0
2085291
1049128
0.0
2842202
1048992
0.0
3995036
1049032
0.0
3393650
1048984
0.0
2980959
1048992
0.0
3219452
1049008
0.0
3654546
1049128
0.0
3056771
1048984
0.0
2885801
1048984
0.0
2510217
1048944
0.0
3132727
1048984
0.0
4005843
1049008
0.0
3243127
1049000
0.0
3154235
1048976
0.0
3570384
1049128
0.0
3231496
1048968
0.0
3396941
1049000
0.0
2613566
1048928
0.0
3108411
1048992
0.0
3314214
1048984
0.0
3454585
1048992
0.0
3299593
1048968
0.0
3161958
1048976
0.0
4061326
1049080
0.0
3344825
1048984
0.0
3414457
1048992
0.0
3716951
1049056
0.0
2871740
1048968
0.0
2721200
1048944
0.0
2830567
1048960
0.0
2991568
1048968
0.0
3352786
1048984
0.0
2999589
1048968
0.0
3903502
1049064
0.0
3223282
1048976
0.0
3055217
1048984
0.0
2811521
1048944
0.0
4362036
1049128
0.0
3070434
1048968
0.0
2961270
1048984
0.0
3176608
1048984
0.0
2619029
1048968
0.0
3432397
1048992
0.0
3068593
1048984
0.0
2561509
1049128
0.0
3201871
1048968
0.0
3180055
1048992
0.0
2745877
1048984
0.0
3255807
1048984
0.0
2488407
1048928
0.0
2428768
1048928
0.0
2420283
1048920
0.0
3852646
1049128
0.0
3299485
1048984
0.0
3019861
1048968
0.0
3096843
1048968
0.0
2881320
1048968
0.0
3379804
1049128
0.0
3449053
1049008
0.0
3038815
1048984
0.0
2609594
1048920
0.0
2946373
1048968
0.0
2306291
1048928
0.0
3748191
1049000
0.0
3127206
1048968
0.0
4655493
1049128
0.0
2944419
1048984
0.0
3824318
1049024
0.0
3783599
1048992
0.0
3072411
1049128
0.0
3255781
1048976
0.0
2873084
1048960
0.0
3871171
1049000
0.0
4464167
1049128
0.0
2044161
1049128
0.0
3257521
1049000
0.0
2887326
1049128
0.0
2524094
1048936
0.0
4474141
1049128
0.0
2936141
1048968
0.0
2695197
1048968
0.0
3278681
1048992
0.0
2596517
1048944
0.0
4270758
1049128
0.0
2582894
1048952
0.0
3004112
1048968
0.0
4494687
1049104
0.0
2964071
1048960
0.0
3154651
1048984
0.0
2808981
1049008
0.0
2679107
1049128
0.0
2541735
1048928
0.0
2613194
1048928
0.0
2917953
1048976
0.0
3056521
1048984
0.0
4104201
1049128
0.0
2545882
1048920
0.0
3104333
1048968
0.0
2826971
1048984
0.0
2523852
1048936
0.0
3078891
1048968
0.0
3084446
1048984
0.0
3375954
1048984
0.0
2439862
1048968
0.0
3220201
1048984
0.0
2720237
1049128
0.0
3431123
1048984
0.0
2997506
1048960
0.0
3129882
1048984
0.0
2452956
1048920
0.0
3533315
1049000
0.0
3649024
1049016
0.0
3319482
1048984
0.0
2751664
1048952
0.0
2494272
1048928
0.0
3220201
1048984
0.0
3769918
1049008
0.0
2716228
1048936
0.0
2528072
1048928
0.0
2988648
1048976
0.0
2537721
1049128
0.0
2685767
1048960
0.0
2875021
1048984
0.0
2894936
1048960
0.0
4490125
1049128
0.0
3002177
1048984
0.0
2599416
1049128
0.0
1715121
1049128
0.0
3179931
1048984
0.0
2585280
1049128
0.0
3340385
1048984
0.0
2662573
1048928
0.0
3903445
1049128
0.0
2517156
1049128
0.0
3066237
1048984
0.0
2556009
1048960
0.0
2498228
1048960
0.0
2531514
1048936
0.0
3946403
1049088
0.0
3262197
1048968
0.0
2667921
1048944
0.0
2782247
1048984
0.0
2844568
1048976
0.0
3058198
1048984
0.0
3010716
1049128
0.0
2820931
1048936
0.0
3333792
1049000
0.0
3086747
1048984
0.0
3203218
1048984
0.0
3242263
1048968
0.0
3497013
1049032
0.0
2681710
1049128
0.0
2820987
1048968
0.0
2932608
1048968
0.0
3855252
1049000
0.0
2757219
1048936
0.0
2519564
1048920
0.0
2893078
1048968
0.0
3301999
1048976
0.0
4115414
1049128
0.0
3010542
1048968
0.0
3362259
1049064
0.0
2542631
1048928
0.0
3127557
1048976
0.0
3020105
1048984
0.0
2441552
1048936
0.0
4292571
1049120
0.0
3142279
1049008
0.0
2702241
1049128
0.0
3105266
1048984
0.0
3364562
1049016
0.0
3538452
1048968
0.0
2805066
1049128
0.0
1900206
1049128
0.0
2878114
1048960
0.0
3195585
1048984
0.0
2868383
1048976
0.0
2790930
1049128
0.0
3033351
1048992
0.0
3079252
1048984
0.0
2907891
1049128
0.0
1694556
1049128
0.0
4616814
1049128
0.0
2373298
1048920
0.0
3004880
1048984
0.0
2342868
1048928
0.0
3976509
1049128
0.0
3143783
1048984
0.0
2913328
1048968
0.0
2530883
1048936
0.0
3437321
1049128
0.0
2367772
1048936
0.0
4495316
1049128
0.0
2704013
1048936
0.0
3946826
1049112
0.0
2602354
1048928
0.0
2695119
1048960
0.0
3434489
1049128
0.0
2630311
1048928
0.0
2706661
1048936
0.0
3021998
1048984
0.0
2806609
1048968
0.0
2942871
1048976
0.0
2955314
1048952
0.0
3083372
1049008
0.0
2698013
1048928
0.0
3056372
1048984
0.0
2763936
1049128
0.0
2997584
1048968
0.0
2683358
1048928
0.0
3511415
1049128
0.0
2501985
1048928
0.0
2636103
1048928
0.0
3055559
1048984
0.0
3199655
1048984
0.0
2970247
1048984
0.0
2708630
1048952
0.0
2517034
1048936
0.0
4318200
1049104
0.0
3435130
1048984
0.0
3448386
1049128
0.0
2782963
1048952
0.0
2829502
1048968
0.0
3989268
1049128
0.0
3188258
1048968
0.0
3355724
1048976
0.0
2990151
1049128
0.0
3168803
1048968
0.0
3515211
1049128
0.0
2824285
1048952
0.0
3257218
1048984
0.0
2534557
1048936
0.0
4222345
1049128
0.0
3342444
1048992
0.0
3738432
1049024
0.0
3133236
1049000
0.0
2338856
1048936
0.0
3488637
1049128
0.0
3838076
1049000
0.0
2893270
1048928
0.0
3296559
1049000
0.0
2974546
1049128
0.0
3110017
1048984
0.0
3493477
1049000
0.0
3659248
1048984
0.0
3139608
1048992
0.0
4450727
1049128
0.0
2924253
1048984
0.0
2761214
1048952
0.0
3086842
1048984
