im-chacha-poly-8192
1000
08/28/18
0.0
3796907
1048984
0.0
3166650
1048976
0.0
3408893
1048968
0.0
2747177
1048960
0.0
2827874
1048952
0.0
3204986
1049016
0.0
3354080
1048968
0.0
3316387
1048960
0.0
3555571
1048984
0.0
3298415
1048960
0.0
3679758
1048976
0.0
4010761
1049120
0.0
2899673
1048992
0.0
3339323
1049000
0.0
3068396
1048960
0.0
3146074
1048960
0.0
3696929
1048992
0.0
3237596
1048968
0.0
3685142
1049040
0.0
4611889
1049104
0.0
3457867
1048976
0.0
3577565
1048984
0.0
3241889
1048984
0.0
3735356
1049128
0.0
3083888
1048968
0.0
3052445
1048968
0.0
3234139
1048968
0.0
3693893
1049040
0.0
2943543
1048968
0.0
3609381
1048968
0.0
2893821
1048960
0.0
3107068
1048960
0.0
3146024
1048960
0.0
2926827
1048960
0.0
2823134
1048952
0.0
3427292
1048960
0.0
2914368
1048960
0.0
3033214
1048960
0.0
2972294
1048968
0.0
2841489
1048976
0.0
2913432
1048968
0.0
3119168
1048960
0.0
3660877
1048984
0.0
2492792
1048960
0.0
3080457
1048960
0.0
2730242
1048968
0.0
2969904
1048968
0.0
2938995
1048968
0.0
2966727
1048944
0.0
2938655
1048968
0.0
2826943
1048976
0.0
3526766
1048976
0.0
3222274
1048992
0.0
2474761
1048944
0.0
3099271
1048960
0.0
2645954
1048968
0.0
2535831
1048960
0.0
3740743
1048976
0.0
2937861
1048960
0.0
2942992
1048960
0.0
2799673
1048928
0.0
2894086
1048952
0.0
2642337
1048952
0.0
2742387
1048952
0.0
4034851
1049040
0.0
3670664
1048976
0.0
3310584
1048968
0.0
3094779
1048976
0.0
3450674
1049008
0.0
3197558
1048968
0.0
2990044
1048968
0.0
3103825
1048976
0.0
3758878
1049032
0.0
3366694
1048968
0.0
3472170
1048960
0.0
3095103
1048960
0.0
2643251
1048960
0.0
3578218
1048992
0.0
3458429
1048968
0.0
2904354
1048968
0.0
4136731
1049112
0.0
4118474
1049072
0.0
3868746
1049024
0.0
3287908
1048968
0.0
3280397
1048960
0.0
3364121
1048960
0.0
3730221
1048960
0.0
3063516
1048960
0.0
3233828
1048960
0.0
3809202
1048976
0.0
3337024
1048992
0.0
3284896
1048968
0.0
3172121
1048960
0.0
3796925
1048984
0.0
2821592
1048960
0.0
3765945
1049000
0.0
2815128
1048960
0.0
2702229
1048952
0.0
3664910
1049032
0.0
3588597
1048976
0.0
3203075
1048976
0.0
2769189
1048960
0.0
3595412
1048984
0.0
2721830
1048952
0.0
2901265
1048960
0.0
3280588
1048960
0.0
3730659
1049008
0.0
3796118
1048984
0.0
2984307
1048960
0.0
4309454
1049032
0.0
3314019
1048968
0.0
3686534
1048976
0.0
2530005
1048952
0.0
2751146
1048960
0.0
3320576
1048960
0.0
3105107
1048968
0.0
3336170
1048976
0.0
3524403
1049128
0.0
2894868
1048968
0.0
3604446
1048992
0.0
3047491
1048952
0.0
2990980
1048960
0.0
3390336
1048960
0.0
3773539
1048984
0.0
2990076
1048976
0.0
3007601
1048960
0.0
3883761
1049008
0.0
2377261
1048952
0.0
3049582
1048960
0.0
2933693
1048960
0.0
3208300
1048976
0.0
3190532
1048968
0.0
2875157
1048976
0.0
2849644
1048952
0.0
2986162
1048960
0.0
3100635
1048960
0.0
3973211
1048984
0.0
3580741
1048960
0.0
3096292
1048952
0.0
2751759
1048952
0.0
3469574
1048952
0.0
3516322
1048952
0.0
3028501
1048984
0.0
2994850
1048960
0.0
3459999
1049000
0.0
3493040
1048968
0.0
3134798
1048984
0.0
2471750
1048952
0.0
3866158
1049064
0.0
2910630
1048960
0.0
3205101
1048960
0.0
3426302
1048976
0.0
3020881
1048968
0.0
3052827
1048968
0.0
3117923
1048968
0.0
3304997
1048968
0.0
2921691
1048960
0.0
3443520
1048960
0.0
3149163
1048968
0.0
3456336
1048984
0.0
3977855
1049008
0.0
3982904
1049056
0.0
3362244
1048984
0.0
3040233
1048952
0.0
3307198
1048960
0.0
2981769
1048968
0.0
3899963
1049056
0.0
3652164
1048984
0.0
3606456
1048992
0.0
4942917
1049128
0.0
3180573
1048976
0.0
3024956
1048952
0.0
3359562
1048968
0.0
2999408
1049000
0.0
3177512
1048984
0.0
2816681
1048960
0.0
3039166
1048952
0.0
3473527
1048968
0.0
3731683
1049128
0.0
2854324
1048952
0.0
3321727
1048968
0.0
2887528
1048960
0.0
3400509
1048968
0.0
2949214
1048960
0.0
3225984
1048968
0.0
4350922
1049128
0.0
3487433
1048976
0.0
3649306
1048976
0.0
2935395
1048968
0.0
3049533
1048960
0.0
3408994
1048968
0.0
3275944
1048944
0.0
2855826
1048968
0.0
3176201
1048968
0.0
4382764
1049112
0.0
3509146
1049000
0.0
3519964
1048960
0.0
2973025
1048960
0.0
3649233
1048976
0.0
3159580
1048960
0.0
3836507
1049008
0.0
3035725
1048960
0.0
4153902
1049128
0.0
3129750
1048960
0.0
3077853
1048960
0.0
3175074
1048968
0.0
4095808
1049016
0.0
2990220
1048952
0.0
3891816
1048992
0.0
3365443
1049000
0.0
3725887
1049128
0.0
2827879
1048976
0.0
3172260
1048960
0.0
3724128
1049000
0.1
4004243
1049008
0.0
3588233
1048984
0.0
3173895
1048960
0.0
2983607
1048960
0.0
3081625
1048960
0.0
3608231
1048976
0.0
2844319
1048960
0.0
3381895
1048976
0.0
2917842
1048960
0.1
3127048
1048912
0.0
2795765
1048952
0.0
3483111
1048992
0.0
3767238
1048976
0.0
3441021
1048976
0.0
3488890
1048992
0.0
3132118
1048968
0.0
4083624
1049128
0.0
3206666
1048960
0.0
3486823
1049000
0.0
3933512
1049128
0.0
3122064
1048960
0.0
2763541
1048920
0.0
3060406
1048960
0.0
2833513
1048952
0.0
3510550
1048968
0.0
4234340
1049040
0.0
3417747
1049048
0.0
2828827
1048920
0.0
3022792
1048960
0.0
3437925
1048968
0.0
3719480
1049032
0.0
3805615
1048992
0.0
3022550
1048976
0.0
3246607
1048976
0.0
3675193
1049000
0.0
2653998
1048952
0.0
3040030
1048968
0.0
3364364
1048968
0.0
3090854
1048968
0.0
4516680
1049128
0.0
3216193
1048984
0.0
2859867
1048960
0.0
4543245
1049112
0.0
2696497
1048976
0.0
3756164
1048976
0.0
2886592
1048960
0.0
3307357
1048968
0.0
3407821
1048960
0.0
2570714
1048952
0.0
3682295
1049008
0.0
3127014
1048960
0.0
3371655
1048976
0.0
3033340
1048960
0.0
3378177
1048976
0.0
3229051
1048960
0.0
3662400
1049000
0.0
3731350
1049072
0.0
3817229
1048976
0.0
2966573
1048960
0.0
3442464
1048984
0.0
3524376
1048976
0.0
3204799
1048952
0.0
2990138
1048968
0.0
3385777
1048984
0.0
3364552
1048960
0.0
3419723
1048976
0.0
2789923
1048944
0.0
2848476
1048944
0.0
2956718
1048984
0.0
4026524
1049056
0.0
2809844
1048944
0.0
3979716
1049112
0.0
3484843
1048976
0.0
3224476
1048960
0.0
2956751
1048960
0.0
3378112
1048984
0.0
3104435
1048952
0.0
3099618
1048976
0.0
3002090
1048960
0.0
2949837
1048960
0.0
3222929
1048968
0.0
3320163
1049000
0.0
3692701
1048976
0.0
3021994
1048968
0.0
3630174
1048992
0.0
3348557
1048976
0.0
3140255
1048992
0.0
2896965
1048968
0.0
2759108
1048960
0.0
2875647
1048952
0.0
2941737
1048960
0.0
3495336
1048992
0.0
2618063
1048960
0.0
3203197
1048960
0.0
3242110
1048992
0.0
3176659
1048976
0.0
3852823
1049032
0.0
3058886
1048984
0.0
3036909
1048952
0.0
2884891
1048968
0.0
3651942
1049008
0.0
3050418
1048968
0.0
2807437
1048952
0.0
2766425
1048968
0.0
3230498
1048960
0.0
2514127
1048952
0.0
3479916
1048960
0.0
2826965
1048976
0.0
3235509
1048960
0.0
3096865
1048968
0.0
3097878
1048960
0.0
2589621
1048952
0.0
3673291
1049032
0.0
2945343
1048960
0.0
2893319
1048984
0.0
3434534
1048968
0.0
2865202
1048960
0.0
3011021
1048944
0.0
3515216
1048960
0.0
4126757
1049016
0.0
2937772
1048960
0.0
3170960
1048976
0.0
3355779
1048968
0.0
2674859
1048944
0.0
4082868
1049016
0.0
3369075
1048984
0.0
3003879
1048960
0.0
3314455
1048952
0.0
3217066
1049024
0.0
3531092
1048960
0.0
2969662
1048960
0.0
3438234
1049000
0.0
3552265
1049008
0.0
3290253
1048960
0.0
2727296
1048952
0.0
4099588
1049000
0.0
3297438
1048968
0.0
2982369
1048984
0.0
3946790
1049008
0.0
3669495
1048968
0.3
2311694
1048920
0.0
3261208
1048960
0.0
3182418
1048968
0.0
3096495
1048968
0.0
3196754
1048960
0.0
3113713
1048952
0.0
2891360
1048968
0.0
2728012
1048944
0.0
2885909
1048960
0.0
2818289
1048952
0.0
3564610
1048976
0.0
2690903
1048944
0.0
3161694
1048968
0.0
2919972
1048960
0.0
3387939
1048968
0.0
2745949
1048960
0.0
4036932
1049112
0.0
3014847
1048960
0.0
3267507
1048984
0.0
3270597
1048968
0.0
2846483
1048960
0.0
3395244
1048984
0.0
2896420
1048952
0.0
3546290
1048984
0.0
3078317
1048992
0.0
4217023
1049128
0.0
2898494
1048960
0.0
3045420
1048976
0.0
2896073
1048976
0.0
3496106
1048992
0.0
3727597
1048992
0.0
3715830
1048984
0.0
3225186
1048984
0.0
3628218
1049008
0.0
3040393
1048968
0.0
3034673
1048960
0.0
4366265
1049064
0.0
3125055
1048960
0.0
3215331
1048960
0.0
3398907
1048976
0.0
2818536
1048960
0.0
3610573
1048984
0.0
3209996
1048960
0.0
3091833
1048976
0.0
3105438
1048968
0.0
2945910
1048968
0.0
3782310
1048984
0.0
4560046
1049120
0.0
3876569
1048992
0.0
3617828
1048992
0.0
3215992
1048968
0.0
3019979
1048952
0.0
2924432
1048976
0.0
3537484
1048976
0.0
3102739
1048960
0.0
4052292
1049056
0.0
3154806
1048960
0.0
3378419
1048968
0.0
3433124
1048968
0.0
3554101
1048968
0.0
3005829
1048968
0.0
3948997
1049016
0.0
3495834
1049000
0.0
3574085
1048960
0.0
2995775
1048968
0.0
2881295
1048944
0.0
2955958
1048968
0.0
3907651
1049080
0.0
3104078
1048960
0.0
3331991
1049008
0.0
2977898
1048968
0.0
2976032
1048976
0.0
2702086
1048952
0.0
3241070
1048960
0.0
3869187
1049024
0.0
2745420
1048928
0.0
3497354
1048984
0.0
3397261
1048960
0.0
3943914
1049024
0.0
3183678
1048968
0.0
3227558
1048960
0.0
3480822
1048984
0.0
2865258
1048968
0.0
3113156
1048976
0.0
2955495
1048944
0.0
2714015
1048960
0.0
3335675
1048968
0.0
2978476
1048960
0.0
3136644
1048960
0.0
2760280
1048976
0.0
3152793
1048976
0.0
3125710
1048968
0.0
2851421
1048968
0.0
3485896
1048960
0.0
4160182
1049096
0.0
3369088
1048976
0.0
3646236
1049000
0.0
3103686
1048968
0.0
3570689
1048960
0.0
2959982
1048968
0.0
4160034
1049024
0.0
3835450
1048984
0.0
3321326
1048968
0.0
3500199
1048984
0.0
3058452
1048976
0.0
3130251
1048960
0.0
3010520
1048960
0.0
3270261
1048960
0.0
2877083
1048968
0.0
3208691
1048976
0.0
4388302
1049072
0.0
3408568
1048976
0.0
2879886
1048960
0.0
2907266
1048952
0.0
3556717
1049128
0.0
3032933
1048976
0.0
3347812
1048984
0.0
2912391
1048976
0.0
3878086
1048968
0.0
2623012
1048952
0.0
2915899
1048952
0.0
2513703
1048952
0.0
2868616
1048952
0.0
2813179
1048960
0.0
3460647
1048976
0.0
2974919
1048960
0.0
3441081
1048960
0.0
2961882
1048944
0.0
3598141
1048992
0.0
2918035
1048960
0.0
3883282
1049008
0.0
2851262
1048968
0.0
2976262
1048960
0.0
3356297
1048976
0.0
3476900
1048984
0.0
2823789
1048960
0.0
3635734
1049000
0.0
2805642
1048960
0.0
3729908
1048992
0.0
2664762
1048960
0.0
2909919
1048960
0.0
2710674
1048944
0.0
3597173
1048992
0.0
3171214
1048968
0.0
3385295
1048960
0.0
3530364
1048984
0.0
2784511
1048960
0.0
3307227
1048960
0.0
2931188
1048968
0.0
3399996
1048984
0.0
3001088
1048968
0.0
3363055
1049024
0.0
3397817
1048968
0.0
3316284
1048984
0.0
3047864
1048968
0.0
2994389
1048968
0.0
4587941
1049112
0.0
3000053
1048960
0.0
3808750
1048992
0.0
3690604
1049000
0.0
3076874
1048976
0.0
3079884
1048960
0.0
3425328
1048976
0.0
3524072
1048984
0.0
3724745
1048992
0.0
2913498
1048960
0.0
2961442
1048960
0.0
2937415
1048968
0.0
3449918
1048992
0.0
3194386
1048976
0.0
2971077
1048984
0.0
2952065
1048968
0.0
3074671
1048968
0.0
2958986
1048944
0.0
3487791
1049008
0.0
3842790
1049128
0.0
2921536
1048976
0.0
3030476
1048960
0.0
2983662
1048960
0.0
3168923
1048984
0.0
3314702
1049008
0.0
3496606
1048976
0.0
2917116
1048952
0.0
3026090
1048960
0.0
3227917
1048960
0.0
3131594
1048960
0.0
3535717
1048960
0.0
2951740
1048968
0.0
3002426
1048944
0.0
3313757
1048968
0.0
3054614
1048960
0.0
2669486
1048952
0.0
2878063
1048960
0.0
3376961
1048976
0.0
2730192
1048952
0.0
3303124
1048968
0.0
3415066
1048968
0.0
3094607
1048960
0.0
3272629
1048968
0.0
2874672
1048952
0.0
3028809
1048968
0.0
3034932
1048968
0.0
2748322
1048944
0.0
4460759
1049096
0.0
3748651
1049000
0.0
2996783
1048968
0.0
2919075
1048960
0.0
3024532
1048960
0.0
3021524
1048960
0.0
3412639
1048976
0.0
4160908
1049024
0.0
2780475
1048968
0.0
2734001
1048952
0.0
2893732
1048968
0.0
3882263
1049008
0.0
3508068
1048968
0.0
2708302
1048936
0.0
3986893
1049016
0.0
2641149
1048952
0.0
3855873
1049016
0.0
3240338
1048968
0.0
3492006
1048960
0.0
2999299
1048968
0.0
3316481
1048992
0.0
3024465
1048968
0.0
3368312
1048968
0.0
3644428
1048992
0.0
2798870
1048960
0.0
3157685
1048968
0.0
2893672
1048960
0.0
3309845
1048960
0.0
2636117
1048960
0.0
2841776
1048968
0.0
3758769
1048976
0.0
3284576
1048968
0.0
3160622
1048960
0.0
3274653
1048976
0.0
3131874
1048976
0.0
3237673
1048992
0.0
4097891
1049056
0.0
3074623
1048968
0.0
3731530
1048984
0.0
2683531
1048960
0.0
3241296
1048984
0.0
3208856
1048968
0.0
3003879
1048960
0.0
2989757
1048976
0.0
3331210
1048984
0.0
2868963
1048968
0.0
3587081
1048984
0.0
3285874
1048968
0.0
3050326
1048968
0.0
3921385
1049000
0.0
3525048
1048960
0.0
3077557
1048968
0.0
3720296
1049000
0.0
4066389
1049040
0.0
2902372
1049000
0.0
3970014
1049000
0.0
3398610
1048976
0.0
2872932
1048968
0.0
2970917
1048968
0.0
3562832
1048976
0.0
2993743
1048960
0.0
3419349
1048968
0.0
2853630
1048952
0.0
2801535
1048960
0.0
3062323
1048960
0.0
3692129
1048976
0.0
3271313
1048960
0.0
3421634
1048984
0.0
3192465
1048960
0.0
3439725
1048960
0.0
3215532
1048960
0.0
2781831
1048968
0.0
3138383
1048968
0.0
3692733
1048984
0.0
2993859
1048960
0.0
3280380
1048984
0.0
2860952
1048960
0.0
2897868
1048952
0.0
3146632
1048960
0.0
4593870
1049128
0.0
3673724
1048976
0.0
2891024
1048968
0.0
3142210
1048944
0.0
4390480
1049056
0.0
3078708
1048976
0.0
2819869
1048968
0.0
3392893
1048968
0.0
2952594
1048960
0.0
2900219
1048960
0.0
2795104
1048960
0.0
2935812
1048984
0.0
3270713
1048976
0.0
3080172
1048984
0.0
2848460
1048960
0.0
3313001
1048984
0.0
2853211
1048968
0.0
2977199
1048960
0.0
3735574
1049008
0.0
3250969
1048976
0.0
2961546
1048960
0.0
2803649
1048960
0.0
3600828
1049000
0.0
2810552
1048968
0.0
3110696
1048968
0.0
2870356
1048960
0.0
4039889
1049072
0.0
3720118
1048992
0.0
3162537
1048960
0.0
4695423
1049088
0.0
2862141
1048960
0.0
4283935
1049048
0.0
3734006
1049032
0.0
3404501
1048968
0.0
3942372
1049008
0.0
4073303
1049008
0.0
3498845
1048968
0.0
4114849
1049128
0.0
3559331
1048992
0.0
3023204
1048960
0.0
2739525
1048960
0.0
2969821
1048976
0.0
3402215
1048960
0.0
3267249
1048952
0.0
4037040
1048992
0.0
3678640
1048976
0.0
3071341
1048976
0.0
2923524
1048960
0.0
3521454
1049000
0.0
3303955
1048968
0.0
3803448
1048992
0.0
2883184
1048960
0.0
3267784
1048968
0.0
2858237
1048960
0.0
3400389
1048968
0.0
3149230
1048968
0.0
2852198
1048976
0.0
3563910
1048960
0.0
3483524
1048984
0.0
3242689
1048968
0.0
2851289
1048952
0.0
3302222
1048960
0.0
3174693
1048960
0.0
3123568
1048968
0.0
3208767
1048960
0.0
3482349
1048968
0.0
2955374
1048952
0.0
3125396
1048968
0.0
3164635
1048952
0.0
2627742
1048952
0.0
3632612
1048976
0.0
2711561
1048952
0.0
2992598
1048976
0.0
3750834
1049024
0.0
3104023
1048960
0.0
3186728
1048960
0.0
3201764
1048968
0.0
4020289
1049048
0.0
3079820
1048968
0.0
3461456
1048968
0.0
3060252
1048968
0.0
2794526
1048960
0.0
3305259
1048960
0.0
4005569
1049008
0.0
3453331
1048976
0.0
2750877
1048952
0.0
4349686
1049112
0.0
3124966
1048968
0.0
3252625
1048960
0.0
3027741
1048960
0.0
3826162
1048976
0.0
3506656
1048984
0.0
3015635
1048952
0.0
3449713
1048968
0.0
3156671
1048976
0.0
3565188
1048976
0.0
3024918
1048976
0.0
3732633
1049128
0.0
2438711
1048928
0.0
3119753
1048968
0.0
3068251
1048976
0.0
2975542
1048960
0.0
2744479
1048944
0.0
3492518
1048992
0.0
3881123
1048984
0.0
3060699
1048960
0.0
2977710
1048960
0.0
2953581
1048960
0.0
2907795
1048960
0.0
2820970
1048960
0.0
3969652
1049088
0.0
4310110
1049024
0.0
2901892
1048952
0.0
3730522
1049016
0.0
3607114
1048992
0.0
3830867
1048976
0.0
3772877
1049000
0.0
3400370
1048960
0.0
3021487
1048960
0.0
3289144
1048968
0.0
3904809
1048976
0.0
3071755
1048976
0.0
3059905
1048960
0.0
3313685
1048960
0.0
2972629
1048960
0.0
2328277
1048952
0.0
3628450
1049056
0.0
3702434
1048984
0.0
3184218
1048968
0.0
2928038
1048968
0.0
3907919
1048984
0.0
4215925
1049040
0.0
3148569
1048960
0.0
3011967
1048944
0.0
3391005
1048960
0.0
2753250
1048960
0.0
3448424
1048968
0.0
4004701
1049008
0.0
3039006
1048952
0.0
3120534
1048952
0.0
2601915
1048952
0.0
3241973
1048992
0.0
4131737
1049080
0.0
2962367
1048968
0.0
3942915
1049008
0.0
2724064
1048952
0.0
3088331
1048952
0.0
3054289
1048968
0.0
3696854
1048992
0.0
2731656
1048960
0.0
3246520
1048968
0.0
2651802
1048952
0.0
3349686
1048968
0.0
4276799
1049128
0.0
3138885
1048968
0.0
2815101
1048960
0.0
3193352
1048960
0.0
3967517
1048976
0.0
3010778
1048960
0.0
2857170
1048960
0.0
3073175
1048968
0.0
2935950
1048968
0.0
3768589
1048976
0.0
3020639
1048960
0.0
3764176
1049048
0.0
3728587
1048984
0.0
3836856
1049008
0.0
4433932
1049064
0.0
2984758
1048944
0.0
3262866
1048960
0.0
3472381
1049000
0.0
2858430
1048976
0.0
3113166
1048960
0.0
3359872
1048968
0.0
3463411
1048992
0.0
2914946
1048960
0.0
3243801
1048960
0.0
3504418
1048976
0.0
3154057
1048960
0.0
3343018
1048976
0.0
3393015
1048968
0.0
2923761
1048952
0.0
3032036
1048968
0.0
3871243
1048976
0.0
3058127
1048960
0.0
3482372
1048976
0.0
3255974
1048992
0.0
3111846
1048952
0.0
2975355
1048960
0.0
3037942
1048960
0.0
3103846
1048976
0.0
2781533
1048960
0.0
3292648
1048944
0.0
3659035
1049000
0.0
3734737
1048992
0.0
3939365
1049000
0.0
4436911
1049128
0.0
3480001
1049000
0.0
3358372
1048984
0.0
3299992
1048976
0.0
3447346
1048968
0.0
3356068
1048968
0.0
3830000
1048976
0.0
2871259
1048960
0.0
4145635
1049112
0.0
3192593
1048968
0.0
2846378
1048960
0.0
3103935
1048968
0.0
2884335
1048952
0.0
2914192
1048968
0.0
3336301
1048992
0.0
3048795
1048968
0.0
3258926
1048968
0.0
3194755
1048960
0.0
4177832
1049128
0.0
3218067
1048960
0.0
3275667
1048968
0.0
3912220
1049048
0.0
3122291
1049000
0.0
3965053
1049000
0.0
2989780
1048960
0.0
3352229
1048984
0.0
2911020
1048968
0.0
3612054
1048976
0.0
3398108
1048968
0.0
3293016
1048968
0.0
3349902
1048992
0.0
3737050
1049000
0.0
3481309
1048952
0.0
3258749
1048976
0.0
3233284
1048968
0.0
3369974
1048976
0.0
3290407
1048976
0.0
2769899
1048952
0.0
2853640
1048960
0.0
2875443
1048960
0.0
2964350
1048960
0.0
3130704
1048960
0.0
3195704
1048960
0.0
3976251
1049080
0.0
3174441
1048968
0.0
2786829
1048968
0.0
3010425
1048944
0.0
3023412
1048960
0.0
2892026
1048968
0.0
3013212
1048968
0.0
3275749
1048992
0.0
2947882
1048968
0.0
3284691
1048960
0.0
2784269
1048952
0.0
2709077
1048968
0.0
3049148
1048960
0.0
3230670
1048968
0.0
3363269
1048968
0.0
3493212
1048976
0.0
2960390
1048968
0.0
2781857
1048968
0.0
2900323
1048960
0.0
3667453
1049008
0.0
3000769
1048960
0.0
3576349
1048968
0.0
3346640
1048960
0.0
3444757
1048976
0.0
2973597
1048960
0.0
4557861
1049072
0.0
2504862
1048920
0.0
3214290
1048960
0.0
2747970
1048968
0.0
3656143
1048952
0.0
3412670
1048984
0.0
2929692
1048968
0.0
3568484
1048960
0.0
3081861
1048960
0.0
3527906
1049000
0.0
3190897
1048960
0.0
3564863
1048968
0.0
2883080
1048968
0.0
3147065
1048960
0.0
3215273
1048952
0.0
3639538
1049000
0.0
3178448
1048976
0.0
3350903
1048968
0.0
3250039
1048976
0.0
2770372
1048960
0.0
3077567
1048968
0.0
3021915
1048944
0.0
3068829
1048960
0.0
2567037
1048944
0.0
3980209
1048984
0.0
3977671
1049024
0.0
3295131
1048968
0.0
3670376
1048976
0.0
3353689
1048968
0.0
3511017
1048968
0.0
3520014
1048960
0.0
4035828
1049064
0.0
3557444
1048976
0.0
2784319
1048968
0.0
2869320
1048960
0.0
3513426
1048976
0.0
2925594
1048952
0.0
3418713
1048984
0.0
2783910
1048968
0.0
2911813
1048960
0.0
2983607
1048960
0.0
3151719
1048968
0.0
3393020
1048968
0.0
3443821
1048968
0.0
3897664
1049128
0.0
4197027
1049128
0.0
2704216
1048952
0.0
3570995
1049000
0.0
2981769
1048968
0.0
2803875
1048952
0.0
3431550
1048976
0.0
3253039
1048976
0.0
2765186
1048960
0.0
2899007
1048960
0.0
4649970
1049120
0.0
3065890
1048976
0.0
3525819
1048976
0.0
3359982
1048968
0.0
3647366
1048968
0.0
2632791
1048960
0.0
3039920
1048968
0.0
2798699
1048960
0.0
2952775
1048976
0.0
4781682
1049128
0.0
3188210
1048968
0.0
3065252
1048984
0.0
3109137
1048960
0.0
3251938
1048976
0.0
3109952
1048968
0.0
3357095
1048952
0.0
3071484
1048968
0.0
4037798
1049128
0.0
3789683
1048976
0.0
4154889
1049040
0.0
2996965
1048976
0.0
3820642
1048960
0.0
2942447
1048960
0.0
2983607
1048960
0.0
2910971
1048968
0.0
3680136
1048992
0.0
3611370
1048968
0.0
4590406
1049104
0.0
3769612
1049048
0.0
3487851
1048968
0.0
3689338
1049024
0.0
2976715
1048960
0.0
3745823
1049008
0.0
2949461
1048960
0.0
3002801
1048960
0.0
3051195
1048976
0.0
2905190
1048960
0.0
3033565
1048976
0.0
2956163
1048968
0.0
3045320
1048960
0.0
3029883
1048952
0.0
3086256
1048968
0.0
2845828
1048960
0.0
3163396
1048968
0.0
3750822
1048960
0.0
2450690
1048960
