im-chacha-poly-256
1000
08/28/18
0.1
1278186
1049128
0.1
1260441
1049128
0.1
1260441
1049128
0.1
1260441
1049128
0.1
1278186
1049128
0.1
1278186
1049128
0.1
1295931
1049128
0.1
1260441
1049128
0.1
1313676
1049128
0.1
1331421
1049128
0.1
1278186
1049128
0.1
1295931
1049128
0.1
1242696
1049128
0.1
3182618
1049128
0.1
1295931
1049128
0.1
1366911
1049128
0.1
1437891
1049128
0.1
1278186
1049128
0.1
1349166
1049128
0.1
1491126
1049128
0.1
1260441
1049128
0.1
1331421
1049128
0.1
1295931
1049128
0.1
1278186
1049128
0.1
1349166
1049128
0.1
1242696
1049128
0.1
1313676
1049128
0.1
1313676
1049128
0.1
1295931
1049128
0.1
1313676
1049128
0.1
1420146
1049128
0.1
1366911
1049128
0.1
1366911
1049128
0.1
1278186
1049128
0.1
1331421
1049128
0.1
1331421
1049128
0.1
1295931
1049128
0.1
1313676
1049128
0.1
1366911
1049128
0.1
1313676
1049128
0.1
1313676
1049128
0.1
1260441
1049128
0.1
1402401
1049128
0.1
1366911
1049128
0.1
4109392
1049128
0.1
1260441
1049128
0.1
1331421
1049128
0.1
1278186
1049128
0.1
1349166
1049128
0.1
1278186
1049128
0.1
3844446
1049128
0.1
1278186
1049128
0.1
1295931
1049128
0.1
3063902
1049128
0.1
1260441
1049128
0.1
1331421
1049128
0.1
1349166
1049128
0.1
1295931
1049128
0.1
1295931
1049128
0.1
1295931
1049128
0.1
1384656
1049128
0.1
1366911
1049128
0.1
1242696
1049128
0.1
1420146
1049128
0.1
1286192
1049128
0.1
1331421
1049128
0.1
1295931
1049128
0.1
1349166
1049128
0.1
1349166
1049128
0.1
1402401
1049128
0.1
1278186
1049128
0.1
1366911
1049128
0.1
1224951
1049128
0.1
1242696
1049128
0.1
1366911
1049128
0.1
1295931
1049128
0.1
1295931
1049128
0.1
1313676
1049128
0.1
1313676
1049128
0.1
1384656
1049128
0.1
1295931
1049128
0.1
1437891
1049128
0.1
1331421
1049128
0.1
1313676
1049128
0.1
1278186
1049128
0.1
1331421
1049128
0.1
1402401
1049128
0.1
1207206
1049128
0.1
3897065
1049016
0.1
1313676
1049128
0.1
1349166
1049128
0.1
1278186
1049128
0.1
1402401
1049128
0.1
1366911
1049128
0.1
1260441
1049128
0.1
1295931
1049128
0.1
1331421
1049128
0.1
1242696
1049128
0.1
1224951
1049128
0.1
1260441
1049128
0.1
1295931
1049128
0.1
1224951
1049128
0.1
1260441
1049128
0.1
2841775
1049128
0.1
1224951
1049128
0.1
1242696
1049128
0.1
3361638
1049128
0.1
1242696
1049128
0.1
1295931
1049128
0.1
1313676
1049128
0.1
1207206
1049128
0.1
1313676
1049128
0.1
1313676
1049128
0.1
4600516
1049128
0.1
1313676
1049128
0.1
1313676
1049128
0.1
3005175
1049128
0.1
1441212
1049128
0.1
1278186
1049128
0.1
1278186
1049128
0.1
1242696
1049128
0.1
3817658
1049016
0.1
1278186
1049128
0.1
1331421
1049128
0.1
1366911
1049128
0.1
1384656
1049128
0.1
1224951
1049128
0.1
3797876
1049128
0.1
1366911
1049128
0.1
1349166
1049128
0.1
1295931
1049128
0.1
1402401
1049128
0.1
1331421
1049128
0.1
1313676
1049128
0.1
1295931
1049128
0.1
1313676
1049128
0.1
1242696
1049128
0.1
1313676
1049128
0.1
1384656
1049128
0.1
1437891
1049128
0.1
1349166
1049128
0.1
1313676
1049128
0.1
1437891
1049128
0.1
1331421
1049128
0.1
1313676
1049128
0.1
1366911
1049128
0.1
1260441
1049128
0.1
1278186
1049128
0.1
1260441
1049128
0.1
1366911
1049128
0.1
1242696
1049128
0.1
1278186
1049128
0.1
1455636
1049128
0.1
1260441
1049128
0.1
1242696
1049128
0.1
1384656
1049128
0.1
1260441
1049128
0.1
1260441
1049128
0.1
1313676
1049128
0.1
1333635
1049128
0.1
1331421
1049128
0.1
1224951
1049128
0.1
1313676
1049128
0.1
1278186
1049128
0.1
1349166
1049128
0.1
1278186
1049128
0.1
1242696
1049128
0.1
1384656
1049128
0.1
1331421
1049128
0.1
1437891
1049128
0.1
1224951
1049128
0.1
1242696
1049128
0.1
1295931
1049128
0.1
1260441
1049128
0.1
1295931
1049128
0.1
1260441
1049128
0.1
1278186
1049128
0.1
1224951
1049128
0.1
1242696
1049128
0.1
1242696
1049128
0.1
1189461
1049128
0.1
1313676
1049128
0.1
1224951
1049128
0.1
1260441
1049128
0.1
1313676
1049128
0.1
1295931
1049128
0.1
1260441
1049128
0.1
1313676
1049128
0.1
1242696
1049128
0.1
1313676
1049128
0.1
1224951
1049128
0.1
1295931
1049128
0.1
1295931
1049128
0.1
1349166
1049128
0.1
1313676
1049128
0.1
1224951
1049128
0.1
1313676
1049128
0.1
3031147
1049128
0.1
1349166
1049128
0.1
1455636
1049128
0.1
1384656
1049128
0.1
1260441
1049128
0.1
1295931
1049128
0.1
1207206
1049128
0.1
1278186
1049128
0.1
1260441
1049128
0.1
1207206
1049128
0.1
1207206
1049128
0.1
1224951
1049128
0.1
1278186
1049128
0.1
1224951
1049128
0.1
1278186
1049128
0.1
1278186
1049128
0.1
1242696
1049128
0.1
1242696
1049128
0.1
1295931
1049128
0.1
1242696
1049128
0.1
1224951
1049128
0.1
1242696
1049128
0.1
1224951
1049128
0.1
1260441
1049128
0.1
1260441
1049128
0.1
1242696
1049128
0.1
1242696
1049128
0.1
1224951
1049128
0.1
1313676
1049128
0.1
1278186
1049128
0.1
1260441
1049128
0.1
1331421
1049128
0.1
1260441
1049128
0.1
1224951
1049128
0.1
1242696
1049128
0.1
1242696
1049128
0.1
1313676
1049128
0.1
1242696
1049128
0.1
1260441
1049128
0.1
1278186
1049128
0.1
1189461
1049128
0.1
1295931
1049128
0.1
1313676
1049128
0.1
1189461
1049128
0.1
1224951
1049128
0.1
1278186
1049128
0.1
1242696
1049128
0.1
1207206
1049128
0.1
1260441
1049128
0.1
1224951
1049128
0.1
1260441
1049128
0.1
1295931
1049128
0.1
1295931
1049128
0.1
1242696
1049128
0.1
1207206
1049128
0.1
1242696
1049128
0.1
1242696
1049128
0.1
1189461
1049128
0.1
2202738
1049128
0.1
1473381
1049128
0.1
1402401
1049128
0.1
1686321
1049128
0.1
1349166
1049128
0.1
1384656
1049128
0.1
1366911
1049128
0.1
1349166
1049128
0.1
1402401
1049128
0.1
1278186
1049128
0.1
1278186
1049128
0.1
1349166
1049128
0.1
1331421
1049128
0.1
1299252
1049128
0.1
1260441
1049128
0.1
1366911
1049128
0.1
1366911
1049128
0.1
4228362
1049128
0.1
1402401
1049128
0.1
1366911
1049128
0.1
1295931
1049128
0.1
1207206
1049128
0.1
1242696
1049128
0.1
1384656
1049128
0.1
1295931
1049128
0.1
1313676
1049128
0.1
1349166
1049128
0.1
1331421
1049128
0.1
1242696
1049128
0.1
1242696
1049128
0.1
1402401
1049128
0.1
1313676
1049128
0.1
1349166
1049128
0.1
1278186
1049128
0.1
1242696
1049128
0.1
1526616
1049128
0.1
1224951
1049128
0.1
1224951
1049128
0.1
1366911
1049128
0.1
1402401
1049128
0.1
1295931
1049128
0.1
1278186
1049128
0.1
1313676
1049128
0.1
1295931
1049128
0.1
1313676
1049128
0.1
1295931
1049128
0.1
1349166
1049128
0.1
1366911
1049128
0.1
1349166
1049128
0.1
1260441
1049128
0.1
1260441
1049128
0.1
1331421
1049128
0.1
1295931
1049128
0.1
1473381
1049128
0.1
1313676
1049128
0.1
1775046
1049128
0.1
1260441
1049128
0.1
1402401
1049128
0.1
1331421
1049128
0.1
1384656
1049128
0.1
1349166
1049128
0.1
1295931
1049128
0.1
1295931
1049128
0.1
1295931
1049128
0.1
1278186
1049128
0.1
1295931
1049128
0.1
1349166
1049128
0.1
1420146
1049128
0.1
1242696
1049128
0.1
1366911
1049128
0.1
1313676
1049128
0.1
1331421
1049128
0.1
1349166
1049128
0.1
1331421
1049128
0.1
1260441
1049128
0.1
1384656
1049128
0.1
1260441
1049128
0.1
1349166
1049128
0.1
1260441
1049128
0.1
2570787
1049128
0.1
1313676
1049128
0.1
1242696
1049128
0.1
1278186
1049128
0.1
1278186
1049128
0.1
1260441
1049128
0.1
1295931
1049128
0.1
1278186
1049128
0.1
1313676
1049128
0.1
1295931
1049128
0.1
1295931
1049128
0.1
1260441
1049128
0.1
2825221
1049128
0.1
2112201
1049128
0.1
1526616
1049128
0.1
1810536
1049128
0.1
1242696
1049128
0.1
1278186
1049128
0.1
1331421
1049128
0.1
1384656
1049128
0.1
1278186
1049128
0.1
1295931
1049128
0.1
1278186
1049128
0.1
1313676
1049128
0.1
1349166
1049128
0.1
1278186
1049128
0.1
1369125
1049128
0.1
1757301
1049128
0.1
1260441
1049128
0.1
1313676
1049128
0.1
1224951
1049128
0.1
1331421
1049128
0.1
1402401
1049128
0.1
1260441
1049128
0.1
1473381
1049128
0.1
1331421
1049128
0.1
1349166
1049128
0.1
1278186
1049128
0.1
1295931
1049128
0.1
1278186
1049128
0.1
1313676
1049128
0.1
1207206
1049128
0.1
1313676
1049128
0.1
1260441
1049128
0.1
1331421
1049128
0.1
1242696
1049128
0.1
1349166
1049128
0.1
1331421
1049128
0.1
1278186
1049128
0.1
3183806
1049128
0.1
1313676
1049128
0.1
1301041
1049128
0.1
1260441
1049128
0.1
1384656
1049128
0.1
1313676
1049128
0.1
2129946
1049128
0.1
1313676
1049128
0.1
1295931
1049128
0.1
1224951
1049128
0.1
1313676
1049128
0.1
1295931
1049128
0.1
1313676
1049128
0.1
1295931
1049128
0.1
1260441
1049128
0.1
1278186
1049128
0.1
1366911
1049128
0.1
1384656
1049128
0.1
1402401
1049128
0.1
1242696
1049128
0.1
1278186
1049128
0.1
1402401
1049128
0.1
1260441
1049128
0.1
1295931
1049128
0.1
3035751
1049128
0.1
1349166
1049128
0.1
1313676
1049128
0.1
1349166
1049128
0.1
1349166
1049128
0.1
1349166
1049128
0.1
1349166
1049128
0.1
1366911
1049128
0.1
1278186
1049128
0.1
1331421
1049128
0.1
2255973
1049128
0.1
1171716
1049128
0.1
1242696
1049128
0.1
1331421
1049128
0.1
1278186
1049128
0.1
1295931
1049128
0.1
1295931
1049128
0.1
1544361
1049128
0.1
1224951
1049128
0.1
1295931
1049128
0.1
3124288
1049128
0.1
1242696
1049128
0.1
1260441
1049128
0.1
1349166
1049128
0.1
1420146
1049128
0.1
1278186
1049128
0.1
1384656
1049128
0.1
1278186
1049128
0.1
1295931
1049128
0.1
1295931
1049128
0.1
1295931
1049128
0.1
1402401
1049128
0.1
1366911
1049128
0.1
1366911
1049128
0.1
1349166
1049128
0.1
1366911
1049128
0.1
1295931
1049128
0.1
1349166
1049128
0.1
1349166
1049128
0.1
1260441
1049128
0.1
1260441
1049128
0.1
1260441
1049128
0.1
1473381
1049128
0.1
1349166
1049128
0.1
1384656
1049128
0.1
1331421
1049128
0.1
1295931
1049128
0.1
1562106
1049128
0.1
1278186
1049128
0.1
1313676
1049128
0.1
1313676
1049128
0.1
1366911
1049128
0.1
1260441
1049128
0.1
1339427
1049128
0.1
1473381
1049128
0.1
1349166
1049128
0.1
1491126
1049128
0.1
3720791
1049128
0.1
1366911
1049128
0.1
1366911
1049128
0.1
1455636
1049128
0.1
1366911
1049128
0.1
3135908
1049128
0.1
2855807
1049128
0.1
1278186
1049128
0.1
1331421
1049128
0.1
1260441
1049128
0.1
1278186
1049128
0.1
1224951
1049128
0.1
1313676
1049128
0.1
1366911
1049128
0.1
2112201
1049128
0.1
1278186
1049128
0.1
1260441
1049128
0.1
1260441
1049128
0.1
1313676
1049128
0.1
1278186
1049128
0.1
3630666
1049000
0.1
1295931
1049128
0.1
1366911
1049128
0.1
1278186
1049128
0.1
3820171
1049128
0.1
1260441
1049128
0.1
1295931
1049128
0.1
1349166
1049128
0.1
1278186
1049128
0.1
1278186
1049128
0.1
3771430
1049128
0.1
1295931
1049128
0.1
1260441
1049128
0.1
1313676
1049128
0.1
1402401
1049128
0.1
1402401
1049128
0.1
1260441
1049128
0.1
1384656
1049128
0.1
1278186
1049128
0.1
1295931
1049128
0.1
1224951
1049128
0.1
1313676
1049128
0.1
1295931
1049128
0.1
1331421
1049128
0.1
1349166
1049128
0.1
1366911
1049128
0.1
1278186
1049128
0.1
1331421
1049128
0.1
1278186
1049128
0.1
1313676
1049128
0.1
1331421
1049128
0.1
1437891
1049128
0.1
1331421
1049128
0.1
1331421
1049128
0.1
1349166
1049128
0.1
1331421
1049128
0.1
1349166
1049128
0.1
1384656
1049128
0.1
1260441
1049128
0.1
1242696
1049128
0.1
1366911
1049128
0.1
1899261
1049128
0.1
1278186
1049128
0.1
1863771
1049128
0.1
1278186
1049128
0.1
1242696
1049128
0.1
1242696
1049128
0.1
1295931
1049128
0.1
1242696
1049128
0.1
1366911
1049128
0.1
1260441
1049128
0.1
1242696
1049128
0.1
1260441
1049128
0.1
1331421
1049128
0.1
1260441
1049128
0.1
1349166
1049128
0.1
1313676
1049128
0.1
1295931
1049128
0.1
1278186
1049128
0.1
1260441
1049128
0.1
1313676
1049128
0.1
4268718
1049128
0.1
1242696
1049128
0.1
1366911
1049128
0.1
1349166
1049128
0.1
1349166
1049128
0.1
1313676
1049128
0.1
1313676
1049128
0.1
1402401
1049128
0.1
1260441
1049128
0.1
1260441
1049128
0.1
1260441
1049128
0.1
1278186
1049128
0.1
1242696
1049128
0.1
1366911
1049128
0.1
1295931
1049128
0.1
1295931
1049128
0.1
1260441
1049128
0.1
1366911
1049128
0.1
1331421
1049128
0.1
1242696
1049128
0.1
1260441
1049128
0.1
1278186
1049128
0.1
1295931
1049128
0.1
1278186
1049128
0.1
1278186
1049128
0.1
1242696
1049128
0.1
1384656
1049128
0.1
1295931
1049128
0.1
1278186
1049128
0.1
1278186
1049128
0.1
1278186
1049128
0.1
1349166
1049128
0.1
1260441
1049128
0.1
1295931
1049128
0.1
1295931
1049128
0.1
1278186
1049128
0.1
1331421
1049128
0.1
1242696
1049128
0.1
1207206
1049128
0.1
1295931
1049128
0.1
1278186
1049128
0.1
1260441
1049128
0.1
1313676
1049128
0.1
1384656
1049128
0.1
1242696
1049128
0.1
1278186
1049128
0.1
4466069
1049128
0.1
1349166
1049128
0.1
1295931
1049128
0.1
3910387
1049128
0.1
1224951
1049128
0.1
1295931
1049128
0.1
1349166
1049128
0.1
1224951
1049128
0.1
4149730
1049128
0.1
2581621
1049128
0.1
1278186
1049128
0.1
1242696
1049128
0.1
1260441
1049128
0.1
1260441
1049128
0.1
1242696
1049128
0.1
1260441
1049128
0.1
1260441
1049128
0.1
1313676
1049128
0.1
1579851
1049128
0.1
1402401
1049128
0.1
1437891
1049128
0.1
1491126
1049128
0.1
1313676
1049128
0.1
1313676
1049128
0.1
1313676
1049128
0.1
1278186
1049128
0.1
1313676
1049128
0.1
1349166
1049128
0.1
1278186
1049128
0.1
1349166
1049128
0.1
1295931
1049128
0.1
1331421
1049128
0.1
1331421
1049128
0.1
1313676
1049128
0.1
1349166
1049128
0.1
1366911
1049128
0.1
1260441
1049128
0.1
1295931
1049128
0.1
4459699
1048944
0.1
1207206
1049128
0.1
3513613
1049024
0.1
1313676
1049128
0.1
3632088
1049016
0.1
1455636
1049128
0.1
1278186
1049128
0.1
1278186
1049128
0.1
1331421
1049128
0.1
3214029
1049128
0.1
1295931
1049128
0.1
1331421
1049128
0.1
1295931
1049128
0.1
1455636
1049128
0.1
1295931
1049128
0.1
1313676
1049128
0.1
1313676
1049128
0.1
1242696
1049128
0.1
1331421
1049128
0.1
2680041
1049128
0.1
1260441
1049128
0.1
1278186
1049128
0.1
1331421
1049128
0.1
1295931
1049128
0.1
1260441
1049128
0.1
1278186
1049128
0.1
4122630
1049128
0.1
1331421
1049128
0.1
1437891
1049128
0.1
1278186
1049128
0.1
2953279
1049128
0.1
1313676
1049128
0.1
1224951
1049128
0.1
1242696
1049128
0.1
1242696
1049128
0.1
1260441
1049128
0.1
1242696
1049128
0.1
1242696
1049128
0.1
2129946
1049128
0.1
2741227
1048920
0.1
1349166
1049128
0.1
1366911
1049128
0.1
1526616
1049128
0.1
1349166
1049128
0.1
1526616
1049128
0.1
1313676
1049128
0.1
1331421
1049128
0.1
1331421
1049128
0.1
1242696
1049128
0.1
1242696
1049128
0.1
1384656
1049128
0.1
1242696
1049128
0.1
1331421
1049128
0.1
1349166
1049128
0.1
1224951
1049128
0.1
1313676
1049128
0.1
1242696
1049128
0.1
1313676
1049128
0.1
1242696
1049128
0.1
1242696
1049128
0.1
1224951
1049128
0.1
1384656
1049128
0.1
1278186
1049128
0.1
1278186
1049128
0.1
1331421
1049128
0.1
1295931
1049128
0.1
1207206
1049128
0.1
1242696
1049128
0.1
3391980
1049128
0.1
1207206
1049128
0.1
1278186
1049128
0.1
1189461
1049128
0.1
3722713
1049000
0.1
1331421
1049128
0.1
1455636
1049128
0.1
1349166
1049128
0.1
1420146
1049128
0.1
1313676
1049128
0.1
1295931
1049128
0.1
1366911
1049128
0.1
1313676
1049128
0.1
1366911
1049128
0.1
1278186
1049128
0.1
1260441
1049128
0.1
1260441
1049128
0.1
1384656
1049128
0.1
3372288
1049128
0.1
1295931
1049128
0.1
1242696
1049128
0.1
1295931
1049128
0.1
1402401
1049128
0.1
1278186
1049128
0.1
1437891
1049128
0.1
1278186
1049128
0.1
1260441
1049128
0.1
3986808
1049120
0.1
1384656
1049128
0.1
2706286
1049128
0.1
1242696
1049128
0.1
1278186
1049128
0.1
1384656
1049128
0.1
3256700
1049128
0.1
1313676
1049128
0.1
1331421
1049128
0.1
1295931
1049128
0.1
1242696
1049128
0.1
1278186
1049128
0.1
1260441
1049128
0.1
1278186
1049128
0.1
1295931
1049128
0.1
1260441
1049128
0.1
1260441
1049128
0.1
1278186
1049128
0.1
1260441
1049128
0.1
1331421
1049128
0.1
1224951
1049128
0.1
1278186
1049128
0.1
1224951
1049128
0.1
1278186
1049128
0.1
1295931
1049128
0.1
1295931
1049128
0.1
1260441
1049128
0.1
2870104
1048960
0.1
3030962
1049128
0.1
4082254
1049128
0.1
1313676
1049128
0.1
1579851
1049128
0.1
1331421
1049128
0.1
1242696
1049128
0.1
1437891
1049128
0.1
1313676
1049128
0.1
1295931
1049128
0.1
1313676
1049128
0.1
1260441
1049128
0.1
1349166
1049128
0.1
1242696
1049128
0.1
1295931
1049128
0.1
1366911
1049128
0.1
1278186
1049128
0.1
3829704
1049008
0.1
1425256
1049128
0.1
1349166
1049128
0.1
2202738
1049128
0.1
3339806
1049128
0.1
2811649
1049128
0.1
1349166
1049128
0.1
1278186
1049128
0.1
1331421
1049128
0.1
1295931
1049128
0.1
1349166
1049128
0.1
1313676
1049128
0.1
1331421
1049128
0.1
1384656
1049128
0.1
1260441
1049128
0.1
1278186
1049128
0.1
1278186
1049128
0.1
1313676
1049128
0.1
1420146
1049128
0.1
1437891
1049128
0.1
1278186
1049128
0.1
1313676
1049128
0.1
1260441
1049128
0.1
1278186
1049128
0.1
1278186
1049128
0.1
1278186
1049128
0.1
1295931
1049128
0.1
1313676
1049128
0.1
1455636
1049128
0.1
1402401
1049128
0.1
1846026
1049128
0.1
1278186
1049128
0.1
1278186
1049128
0.1
1295931
1049128
0.1
1295931
1049128
0.1
1260441
1049128
0.1
1242696
1049128
0.1
1260441
1049128
0.1
1295931
1049128
0.1
1242696
1049128
0.1
1207206
1049128
0.1
1242696
1049128
0.1
1295931
1049128
0.1
1295931
1049128
0.1
1260441
1049128
0.1
1295931
1049128
0.1
1278186
1049128
0.1
1313676
1049128
0.1
1313676
1049128
0.1
1260441
1049128
0.1
1349166
1049128
0.1
1242696
1049128
0.1
1278186
1049128
0.1
1402401
1049128
0.1
1260441
1049128
0.1
1313676
1049128
0.1
1313676
1049128
0.1
1384656
1049128
0.1
1224951
1049128
0.1
1260441
1049128
0.1
1366911
1049128
0.1
1207206
1049128
0.1
1278186
1049128
0.1
1260441
1049128
0.1
1313676
1049128
0.1
1278186
1049128
0.1
1242696
1049128
0.1
1207206
1049128
0.1
1313676
1049128
0.1
1207206
1049128
0.1
1313676
1049128
0.1
1349166
1049128
0.1
1242696
1049128
0.1
1242696
1049128
0.1
1349166
1049128
0.1
1242696
1049128
0.1
1349166
1049128
0.1
1313676
1049128
0.1
1278186
1049128
0.1
1207206
1049128
0.1
1313676
1049128
0.1
1260441
1049128
0.1
1384656
1049128
0.1
1278186
1049128
0.1
1331421
1049128
0.1
1260441
1049128
0.1
1313676
1049128
0.1
1349166
1049128
0.1
1295931
1049128
0.1
1384656
1049128
0.1
1384656
1049128
0.1
1207206
1049128
0.1
1295931
1049128
0.1
1295931
1049128
0.1
1313676
1049128
0.1
1224951
1049128
0.1
1260441
1049128
0.1
1207206
1049128
0.1
1260441
1049128
0.1
1224951
1049128
0.1
1242696
1049128
0.1
1242696
1049128
0.1
1260441
1049128
0.1
1242696
1049128
0.1
1331421
1049128
0.1
1189461
1049128
0.1
1260441
1049128
0.1
1295931
1049128
0.1
1207206
1049128
0.1
1260441
1049128
0.1
1224951
1049128
0.1
1207206
1049128
0.1
1260441
1049128
0.1
1260441
1049128
0.1
1278186
1049128
0.1
1242696
1049128
0.1
1627350
1049128
0.1
1295931
1049128
0.1
1336531
1049128
0.1
1260441
1049128
0.1
1260441
1049128
0.1
1402401
1049128
0.1
1278186
1049128
0.1
1349166
1049128
0.1
1278186
1049128
0.1
1242696
1049128
0.1
1331421
1049128
0.1
1278186
1049128
0.1
1402401
1049128
0.1
1295931
1049128
0.1
1224951
1049128
0.1
1278186
1049128
0.1
1313676
1049128
0.1
1278186
1049128
0.1
1384656
1049128
0.1
1260441
1049128
0.1
1242696
1049128
0.1
1331421
1049128
0.1
1224951
1049128
0.1
1508871
1049128
0.1
1224951
1049128
0.1
1260441
1049128
0.1
1242696
1049128
0.1
1437891
1049128
0.1
1278186
1049128
0.1
1313676
1049128
0.1
1207206
1049128
0.1
1349166
1049128
0.1
1331421
1049128
0.1
1331421
1049128
0.1
1437891
1049128
0.1
1260441
1049128
0.1
1278186
1049128
0.1
1224951
1049128
0.1
1278186
1049128
0.1
1242696
1049128
0.1
1420146
1049128
0.1
1224951
1049128
0.1
1295931
1049128
0.1
1242696
1049128
0.1
1349166
1049128
0.1
1278186
1049128
0.1
1260441
1049128
0.1
1278186
1049128
0.1
1278186
1049128
0.1
1331421
1049128
0.1
1278186
1049128
0.1
1295931
1049128
0.1
1207206
1049128
0.1
1313676
1049128
0.1
1420146
1049128
0.1
1224951
1049128
0.1
1349166
1049128
0.1
1331421
1049128
0.1
1313676
1049128
0.1
1366911
1049128
0.1
1384656
1049128
0.1
1260441
1049128
0.1
1721811
1049128
0.1
1207206
1049128
0.1
1366911
1049128
0.1
1224951
1049128
0.1
1313676
1049128
0.1
1242696
1049128
0.1
1224951
1049128
0.1
1189461
1049128
0.1
1278186
1049128
0.1
1278186
1049128
0.1
1313676
1049128
0.1
1224951
1049128
0.1
1278186
1049128
0.1
1331421
1049128
0.1
1260441
1049128
0.1
1260441
1049128
0.1
1260441
1049128
0.1
1242696
1049128
0.1
1278186
1049128
0.1
1260441
1049128
0.1
1295931
1049128
0.1
1313676
1049128
0.1
1278186
1049128
0.1
1207206
1049128
0.1
1242696
1049128
0.1
1313676
1049128
0.1
1242696
1049128
0.1
1278186
1049128
0.1
1242696
1049128
0.1
1278186
1049128
0.1
1189461
1049128
0.1
1260441
1049128
0.1
1224951
1049128
0.1
1224951
1049128
0.1
1278186
1049128
0.1
1261917
1049128
0.1
1207206
1049128
0.1
1295931
1049128
0.1
1207206
1049128
0.1
1224951
1049128
0.1
1242696
1049128
0.1
1224951
1049128
0.1
3491414
1049128
0.1
1260441
1049128
0.1
1366911
1049128
0.1
1313676
1049128
0.1
1278186
1049128
0.3
3956138
1049128
0.1
1366911
1049128
0.1
1295931
1049128
0.1
1366911
1049128
0.1
1278186
1049128
0.1
1473381
1049128
0.1
1295931
1049128
