aes128-ctr+hmac-ripemd160
1000
08/28/18
0.1
2380960
1048936
0.1
2422848
1048928
0.1
2505864
1048928
0.1
2480128
1048928
0.1
2414484
1048928
0.1
2432824
1048928
0.1
2132432
1048912
0.1
2259068
1048928
0.1
2224148
1048928
0.1
2212080
1048928
0.1
2329688
1048928
0.1
2290592
1048928
0.1
2217872
1048928
0.1
2262600
1048928
0.1
2274068
1048928
0.1
2115420
1048912
0.1
2270804
1048928
0.1
2469832
1048928
0.1
2528556
1048928
0.1
2454676
1048928
0.1
2192132
1048928
0.1
2395820
1048928
0.1
2293972
1048928
0.1
2263724
1048928
0.1
2357528
1048928
0.1
2285132
1048928
0.1
2339188
1048928
0.1
2447304
1048928
0.1
2323896
1048928
0.1
2399520
1048928
0.1
2322128
1048928
0.1
2296232
1048928
0.1
2504904
1048928
0.1
2365812
1048920
0.1
2293972
1048928
0.1
2311992
1048928
0.1
2353500
1048928
0.1
2545260
1048928
0.1
2307568
1048928
0.1
2404128
1048936
0.1
2306600
1048928
0.1
2203392
1048928
0.1
2271260
1048928
0.1
2187388
1048928
0.1
2203612
1048928
0.1
2289308
1048928
0.1
2296224
1048928
0.1
2407884
1048928
0.1
2210960
1048928
0.1
2323744
1048928
0.1
2432168
1048920
0.1
2560028
1048928
0.1
2396936
1048928
0.1
2253432
1048928
0.1
2286864
1048920
0.1
2208220
1048928
0.1
2263724
1048928
0.1
2551052
1048928
0.1
2455192
1048928
0.1
2454220
1048928
0.1
2528556
1048928
0.1
2282388
1048928
0.1
2299280
1048928
0.1
2286732
1048928
0.1
2361260
1048920
0.1
2465804
1048928
0.1
2344092
1048920
0.1
2492700
1048928
0.1
2281100
1048928
0.1
2313728
1048928
0.1
2222700
1048928
0.1
2245492
1048912
0.1
2420436
1048928
0.1
2281900
1048928
0.1
2209020
1048928
0.1
2214976
1048928
0.1
2309092
1048928
0.1
2435796
1048920
0.1
2301776
1048928
0.1
2431860
1048928
0.1
2265172
1048928
0.1
2211592
1048928
0.1
2533940
1048928
0.1
2346428
1048928
0.1
2378664
1048912
0.1
2202428
1048928
0.1
2302176
1048928
0.1
2513104
1048928
0.1
2462908
1048928
0.1
2229752
1048928
0.1
2382144
1048928
0.1
2153520
1048928
0.1
2236536
1048928
0.1
2310544
1048928
0.1
2317952
1048928
0.1
2460976
1048928
0.1
2275308
1048928
0.1
2577304
1048928
0.1
2273700
1048928
0.1
2462908
1048928
0.1
2373616
1048928
0.1
2239108
1048928
0.1
2347264
1048928
0.1
2293336
1048928
0.1
2299280
1048928
0.1
2534208
1048928
0.1
2373616
1048928
0.1
2392840
1048920
0.1
2342084
1048928
0.1
2388096
1048928
0.1
2240396
1048928
0.1
2462908
1048928
0.1
2265172
1048928
0.1
2245056
1048928
0.1
2291076
1048928
0.1
2389868
1048928
0.1
2543036
1048928
0.1
2254876
1048928
0.1
2227848
1048928
0.1
2514552
1048928
0.1
2181996
1048928
0.1
2292040
1048928
0.1
2271764
1048928
0.1
2477232
1048928
0.1
2254724
1048928
0.1
2277720
1048928
0.1
2261716
1048928
0.1
2223820
1048928
0.1
2273704
1048928
0.1
2383592
1048928
0.1
2360100
1048928
0.1
2246676
1048928
0.1
2262276
1048928
0.1
2236536
1048928
0.1
2581588
1048928
0.1
2364604
1048928
0.1
2205168
1048928
0.1
2229456
1048928
0.1
2257772
1048928
0.1
2381820
1048928
0.1
2374500
1048920
0.1
2249568
1048928
0.1
2488816
1048928
0.1
2433308
1048928
0.1
2335812
1048928
0.1
2210304
1048928
0.1
2392764
1048920
0.1
2418044
1048936
0.1
2293488
1048928
0.1
2369620
1048928
0.1
2514552
1048928
0.1
2268068
1048928
0.1
2324708
1048928
0.1
2360932
1048928
0.1
2394372
1048928
0.1
2252448
1048928
0.1
2192132
1048928
0.1
2402068
1048928
0.1
2237984
1048928
0.1
2340636
1048928
0.1
2242772
1048928
0.1
2379892
1048928
0.1
2257772
1048928
0.1
2417056
1048928
0.1
2379732
1048920
0.1
2215460
1048928
0.1
2340636
1048928
0.1
2252940
1048928
0.1
2355116
1048928
0.1
2259220
1048928
0.1
2387532
1048920
0.1
2302508
1048928
0.1
2336128
1048928
0.1
2382320
1048936
0.1
2538368
1048928
0.1
2398556
1048928
0.1
2483668
1048928
0.1
2537536
1048928
0.1
2392600
1048928
0.1
2221080
1048928
0.1
2477388
1048928
0.1
2318796
1048928
0.1
2377960
1048928
0.1
2244900
1048928
0.1
2456632
1048928
0.1
2226400
1048928
0.1
2317780
1048920
0.1
2186500
1048928
0.1
2283996
1048928
0.1
2434276
1048928
0.1
2403064
1048928
0.1
2453744
1048928
0.1
2460984
1048928
0.1
2215432
1048928
0.1
2393740
1048928
0.1
2329212
1048928
0.1
2555040
1048928
0.1
2299280
1048928
0.1
2460012
1048928
0.1
2329052
1048928
0.1
2246832
1048928
0.1
2490744
1048928
0.1
2266448
1048928
0.1
2537104
1048928
0.1
2424212
1048920
0.1
2281100
1048928
0.1
2377396
1048920
0.1
2312312
1048928
0.1
2460012
1048928
0.1
2305528
1048928
0.1
2218356
1048928
0.1
2434756
1048928
0.1
2343532
1048928
0.1
2510216
1048928
0.1
2209508
1048928
0.1
2497984
1048928
0.1
2446180
1048928
0.1
2187452
1048912
0.1
2364768
1048928
0.1
2406436
1048928
0.1
2456640
1048928
0.1
2315368
1048928
0.1
2244900
1048928
0.1
2353500
1048928
0.1
2541588
1048928
0.1
2326156
1048928
0.1
2332940
1048912
0.1
2349608
1048920
0.1
2247148
1048928
0.1
2127100
1048928
0.1
2296232
1048928
0.3
2567860
1048928
0.1
2365080
1048928
0.1
2276756
1048928
0.1
2371604
1048920
0.1
2244740
1048928
0.1
2265172
1048928
0.1
2660880
1048928
0.1
2246672
1048928
0.1
2296232
1048928
0.1
2270804
1048928
0.1
2337260
1048928
0.1
2093180
1048928
0.1
2263564
1048928
0.1
2300728
1048928
0.1
2285444
1048928
0.1
2073356
1048928
0.1
2257772
1048928
0.1
2243292
1048928
0.1
2387936
1048928
0.1
2349964
1048928
0.1
2283996
1048928
0.1
2424400
1048936
0.1
2305072
1048928
0.1
2379248
1048928
0.1
2467576
1048928
0.1
2289628
1048928
0.1
2431540
1048928
0.1
2472912
1048928
0.1
2236212
1048928
0.1
2394372
1048928
0.1
2257856
1048928
0.1
2522276
1048928
0.1
2192132
1048928
0.1
2357528
1048928
0.1
2326156
1048928
0.1
2223504
1048928
0.1
2332432
1048928
0.1
2253432
1048928
0.1
2435884
1048928
0.1
2211116
1048928
0.1
2434432
1048928
0.1
2612556
1048936
0.1
2331468
1048928
0.1
2331624
1048928
0.1
2310736
1048928
0.1
2392764
1048928
0.1
2340796
1048928
0.1
2307968
1048928
0.1
2309416
1048928
0.1
2362380
1048928
0.1
2403540
1048928
0.1
2211924
1048928
0.1
2257772
1048928
0.1
2417056
1048928
0.1
2414560
1048920
0.1
2260516
1048928
0.1
2340796
1048928
0.1
2384884
1048928
0.1
2288180
1048928
0.1
2276444
1048928
0.1
2264048
1048928
0.1
2481736
1048928
0.1
2278204
1048928
0.1
2294784
1048928
0.1
2357844
1048928
0.1
2203876
1048928
0.1
2316816
1048928
0.1
2427192
1048928
0.1
2336776
1048928
0.1
2406540
1048936
0.1
2209964
1048928
0.1
2444084
1048928
0.1
2481732
1048928
0.1
2344016
1048928
0.1
2312312
1048928
0.1
2359460
1048928
0.1
2296868
1048928
0.1
2355860
1048936
0.1
2453256
1048928
0.1
2251812
1048928
0.1
2362356
1048936
0.1
2490908
1048928
0.1
2262120
1048928
0.1
2450652
1048928
0.1
2276596
1048928
0.1
2266308
1048928
0.1
2358496
1048928
0.1
2248280
1048928
0.1
2331776
1048928
0.1
2353668
1048928
0.1
2266460
1048928
0.1
2253432
1048928
0.1
2193580
1048928
0.1
2224952
1048928
0.1
2273704
1048928
0.1
2224952
1048928
0.1
2252940
1048928
0.1
2404988
1048928
0.1
2450360
1048928
0.1
2224952
1048928
0.1
2379512
1048936
0.1
2523728
1048928
0.1
2612056
1048928
0.1
2451484
1048928
0.1
2248280
1048928
0.1
2252144
1048928
0.1
2372008
1048928
0.1
2293972
1048928
0.1
2414644
1048928
0.1
2242328
1048928
0.1
2235248
1048928
0.1
2474492
1048928
0.1
2277720
1048928
0.1
2285284
1048928
0.1
2236916
1048928
0.1
2459048
1048928
0.1
2338176
1048912
0.1
2423172
1048928
0.1
2461860
1048920
0.1
2341916
1048928
0.1
2192132
1048928
0.1
2431860
1048928
0.1
2443608
1048928
0.1
2257772
1048928
0.1
2257772
1048928
0.1
2352780
1048920
0.1
2290592
1048928
0.1
2217872
1048928
0.1
2251176
1048928
0.1
2404024
1048928
0.1
2256324
1048928
0.1
2378932
1048928
0.1
2343364
1048928
0.1
2241040
1048928
0.1
2406436
1048928
0.1
2358172
1048928
0.1
2296976
1048936
0.1
2280940
1048928
0.1
2159312
1048928
0.1
2270192
1048928
0.1
2279652
1048928
0.1
2232352
1048928
0.1
2272252
1048928
0.1
2565256
1048936
0.1
2390028
1048928
0.1
2418212
1048920
0.1
2404348
1048928
0.1
2328088
1048928
0.1
2428832
1048928
0.1
2326792
1048928
0.1
2430088
1048928
0.1
2378596
1048928
0.1
2590312
1048920
0.1
2429040
1048920
0.1
2462592
1048928
0.1
2488332
1048928
0.1
2460012
1048928
0.1
2357580
1048928
0.1
2469832
1048928
0.1
2522280
1048928
0.1
2193476
1048928
0.1
2270804
1048928
0.1
2323744
1048928
0.1
2235092
1048928
0.1
2534824
1048928
0.1
2347552
1048928
0.1
2244740
1048928
0.1
2223664
1048928
0.1
2428640
1048928
0.1
2490424
1048928
0.1
2468700
1048928
0.1
2428644
1048928
0.1
2380692
1048920
0.1
2328088
1048928
0.1
2452988
1048928
0.1
2179260
1048928
0.1
2236212
1048928
0.1
2280356
1048928
0.1
2460012
1048928
0.1
2326156
1048928
0.1
2348436
1048920
0.1
2329052
1048928
0.1
2356564
1048928
0.1
2410884
1048936
0.1
2355116
1048928
0.1
2344980
1048928
0.1
2536352
1048928
0.1
2309416
1048928
0.1
2376328
1048928
0.1
2447464
1048928
0.1
2453448
1048928
0.1
2244900
1048928
0.1
2514552
1048928
0.1
2246832
1048928
0.1
2243780
1048928
0.1
2277644
1048928
0.1
2383592
1048928
0.1
2269356
1048928
0.1
2460496
1048928
0.1
2197924
1048928
0.1
2326156
1048928
0.1
2349156
1048928
0.1
2390992
1048928
0.1
2283684
1048928
0.1
2463792
1048920
0.1
2224952
1048928
0.1
2109376
1048928
0.1
2281804
1048928
0.1
2561316
1048928
0.1
2244900
1048928
0.1
2295304
1048928
0.1
2273700
1048928
0.1
2508760
1048928
0.1
2389384
1048928
0.1
2182640
1048928
0.1
2377476
1048928
0.1
2247148
1048928
0.1
2265172
1048928
0.1
2219160
1048928
0.1
2253432
1048928
0.1
2337740
1048928
0.1
2492840
1048928
0.1
2233240
1048928
0.1
2363636
1048928
0.1
2306368
1048928
0.1
2229300
1048928
0.1
2273704
1048928
0.1
2131584
1048912
0.1
2452876
1048936
0.1
2265172
1048928
0.1
2275500
1048928
0.1
2267756
1048928
0.1
2611512
1048928
0.1
2307968
1048928
0.1
2412204
1048928
0.1
2437168
1048928
0.1
2407244
1048928
0.1
2144664
1048928
0.1
2262116
1048928
0.1
2256484
1048928
0.1
2516832
1048928
0.1
2485592
1048928
0.1
2338940
1048928
0.1
2422284
1048920
0.1
2429420
1048928
0.1
2270804
1048928
0.1
2286560
1048928
0.1
2525760
1048928
0.1
2480284
1048928
0.1
2353668
1048928
0.1
2253432
1048928
0.1
2381256
1048920
0.1
2342084
1048920
0.1
2468540
1048920
0.1
2179260
1048928
0.1
2461860
1048920
0.1
2290592
1048928
0.1
2381824
1048928
0.1
2462908
1048928
0.1
2421552
1048928
0.1
2310864
1048928
0.1
2330984
1048928
0.1
2414484
1048928
0.1
2379732
1048928
0.1
2329368
1048928
0.1
2190688
1048928
0.1
2447380
1048920
0.1
2367340
1048928
0.1
2420436
1048928
0.1
2438776
1048928
0.1
2331948
1048928
0.1
2394212
1048928
0.1
2313440
1048928
0.1
2419628
1048928
0.1
2468700
1048928
0.1
2374736
1048928
0.1
2326156
1048928
0.1
2306524
1048928
0.1
2510208
1048928
0.1
2246832
1048928
0.1
2375872
1048928
0.1
2257772
1048928
0.1
2327280
1048928
0.1
1974512
1048920
0.1
2306928
1048920
0.1
2428644
1048928
0.1
2314720
1048928
0.1
2358012
1048928
0.1
2300576
1048928
0.1
2493316
1048928
0.1
2263412
1048928
0.1
2440808
1048936
0.1
2420352
1048920
0.1
2462616
1048928
0.1
2323404
1048928
0.1
2278032
1048928
0.1
2248280
1048928
0.1
2587940
1048936
0.1
2450276
1048920
0.1
2316656
1048928
0.1
2400164
1048928
0.1
2218992
1048928
0.1
2429928
1048928
0.1
2246672
1048928
0.1
2455668
1048928
0.1
2329200
1048928
0.1
2302176
1048928
0.1
2294936
1048928
0.1
2219320
1048928
0.1
2265172
1048928
0.1
2381048
1048920
0.1
2161884
1048928
0.1
2291888
1048928
0.1
2220608
1048928
0.1
2177484
1048928
0.1
2511600
1048936
0.1
2518904
1048928
0.1
2226560
1048928
0.1
2353668
1048928
0.1
2287692
1048928
0.1
2449876
1048928
0.1
2311912
1048928
0.1
2202428
1048928
0.1
2346104
1048928
0.1
2381180
1048928
0.1
2246188
1048928
0.1
2299768
1048928
0.1
2514552
1048928
0.1
2281100
1048928
0.1
2424004
1048928
0.1
2483668
1048928
0.1
2353584
1048928
0.1
2241040
1048928
0.1
2260516
1048928
0.1
2482564
1048928
0.1
2554620
1048928
0.1
2240884
1048928
0.1
2468540
1048920
0.1
2451808
1048928
0.1
2621472
1048920
0.1
2544484
1048928
0.1
2224952
1048928
0.1
2298908
1048936
0.1
2197924
1048928
0.1
2242328
1048928
0.1
2249568
1048928
0.1
2242488
1048928
0.1
2323128
1048920
0.1
2231216
1048928
0.1
2297992
1048928
0.1
2518896
1048928
0.1
2302544
1048928
0.1
2223504
1048928
0.1
2286892
1048928
0.1
2281100
1048928
0.1
2450552
1048928
0.1
2322448
1048928
0.1
2191800
1048928
0.1
2235248
1048928
0.1
2277720
1048928
0.1
2257772
1048928
0.1
2247636
1048928
0.1
2316336
1048928
0.1
2178136
1048928
0.1
2443120
1048928
0.1
2449980
1048936
0.1
2371528
1048928
0.1
2206288
1048928
0.1
2430088
1048928
0.1
2327604
1048920
0.1
2572764
1048928
0.1
2438484
1048928
0.1
2291940
1048928
0.1
2277720
1048928
0.1
2260184
1048928
0.1
2299128
1048928
0.1
2465672
1048928
0.1
2600632
1048928
0.1
2414484
1048928
0.1
2210956
1048928
0.1
2407884
1048928
0.1
2457624
1048936
0.1
2296232
1048928
0.1
2257772
1048928
0.1
2345304
1048920
0.1
2309576
1048928
0.1
2195028
1048928
0.1
2364916
1048928
0.1
2226560
1048928
0.1
2523248
1048928
0.1
2210304
1048928
0.1
2236536
1048928
0.1
2212080
1048928
0.1
2260668
1048928
0.1
2329052
1048928
0.1
2376836
1048928
0.1
2147404
1048928
0.1
2453256
1048928
0.1
2266620
1048928
0.1
2270808
1048928
0.1
2197956
1048912
0.1
2566704
1048936
0.1
2281100
1048928
0.1
2483988
1048928
0.1
2220768
1048928
0.1
2290592
1048928
0.1
2437328
1048928
0.1
2565720
1048928
0.1
2447464
1048928
0.1
2355116
1048928
0.1
2240884
1048928
0.1
2437012
1048928
0.1
2471596
1048928
0.1
2306520
1048928
0.1
2375464
1048920
0.1
2181192
1048928
0.1
2276596
1048928
0.1
2187792
1048928
0.1
2388420
1048928
0.1
2238948
1048928
0.1
2268068
1048928
0.1
2272252
1048928
0.1
2348844
1048928
0.1
2506352
1048920
0.1
2257772
1048928
0.1
2230744
1048928
0.1
2193280
1048928
0.1
2317224
1048928
0.1
2373616
1048928
0.1
2208220
1048928
0.1
2434920
1048928
0.1
2182156
1048928
0.1
2265172
1048928
0.1
2305112
1048912
0.1
2300568
1048928
0.1
2247796
1048928
0.1
2329052
1048928
0.1
2369596
1048928
0.1
2178776
1048928
0.1
2279492
1048928
0.1
2360908
1048928
0.1
2500556
1048928
0.1
2507312
1048928
0.1
2323976
1048928
0.1
2485436
1048928
0.1
2480284
1048928
0.1
2153680
1048928
0.1
2277720
1048928
0.1
2249244
1048928
0.1
2381820
1048928
0.1
2354712
1048920
0.1
2253912
1048928
0.1
2389544
1048928
0.1
2277872
1048928
0.1
2227848
1048928
0.1
2317952
1048928
0.1
2271448
1048928
0.1
2408532
1048928
0.1
2296868
1048928
0.1
2214012
1048928
0.1
2445556
1048936
0.1
2244900
1048928
0.1
2378844
1048920
0.1
2322776
1048920
0.1
2310864
1048928
0.1
2485420
1048928
0.1
2372568
1048920
0.1
2346296
1048920
0.1
2378844
1048920
0.1
2298344
1048936
0.1
2273296
1048928
0.1
2216252
1048928
0.1
2514368
1048928
0.1
2246520
1048928
0.1
2278204
1048928
0.1
2224952
1048928
0.1
2236536
1048928
0.1
2368708
1048920
0.1
2460012
1048928
0.1
2256324
1048928
0.1
2237984
1048928
0.1
2406436
1048928
0.1
2570064
1048928
0.1
2196476
1048928
0.1
2353184
1048928
0.1
2263564
1048928
0.1
2306368
1048928
0.1
2395736
1048920
0.1
2240292
1048928
0.1
2217712
1048928
0.1
2516000
1048928
0.1
2379408
1048928
0.1
2235248
1048928
0.1
2329536
1048928
0.1
2372168
1048928
0.1
2236212
1048928
0.1
2411940
1048928
0.1
2323576
1048928
0.1
2454896
1048928
0.1
2215460
1048928
0.1
2364952
1048936
0.1
2242176
1048928
0.1
2381976
1048928
0.1
2289016
1048928
0.1
2387796
1048928
0.1
2263412
1048928
0.1
2367664
1048928
0.1
2434756
1048928
0.1
2336956
1048936
0.1
2329688
1048928
0.1
2439736
1048928
0.1
2410776
1048928
0.1
2212080
1048928
0.1
2523240
1048928
0.1
2273704
1048928
0.1
2406540
1048936
0.1
2395824
1048928
0.1
2339348
1048928
0.1
2440052
1048928
0.1
2266620
1048928
0.1
2389868
1048920
0.1
2279496
1048928
0.1
2279652
1048928
0.1
2219320
1048928
0.1
2313608
1048928
0.1
2359784
1048920
0.1
2273704
1048928
0.1
2305480
1048920
0.1
2214012
1048928
0.1
2195296
1048912
0.1
2438776
1048928
0.1
2409656
1048920
0.1
2190844
1048928
0.1
2378768
1048928
0.1
2208064
1048928
0.1
2384080
1048928
0.1
2494956
1048928
0.1
2247796
1048928
0.1
2425584
1048928
0.1
2365900
1048928
0.1
2267912
1048928
0.1
2316504
1048928
0.1
2277720
1048928
0.1
2296232
1048928
0.1
2351140
1048928
0.1
2210304
1048928
0.1
2261152
1048928
0.1
2351880
1048928
0.1
2402900
1048928
0.1
2252624
1048928
0.1
2452616
1048928
0.1
2295268
1048928
0.1
2482696
1048928
0.1
2446980
1048928
0.1
2342216
1048920
0.1
2301344
1048920
0.1
2320600
1048928
0.1
2381256
1048920
0.1
2457792
1048928
0.1
2548344
1048928
0.1
2392904
1048920
0.1
2390664
1048928
0.1
2428644
1048928
0.1
2236916
1048928
0.1
2468700
1048928
0.1
2445372
1048920
0.1
2116900
1048928
0.1
2494764
1048928
0.1
2243936
1048928
0.1
2373940
1048928
0.1
2344812
1048928
0.1
2488816
1048928
0.1
2509052
1048928
0.1
2273700
1048928
0.1
2333072
1048928
0.1
2235092
1048928
0.1
2565720
1048928
0.1
2362356
1048928
0.1
2397592
1048928
0.1
2294644
1048928
0.1
2339672
1048928
0.1
2432984
1048928
0.1
2327604
1048928
0.1
2437556
1048928
0.1
2404348
1048928
0.1
2210304
1048928
0.1
2333552
1048928
0.1
2546836
1048928
0.1
2224952
1048928
0.1
2435880
1048928
0.1
2222700
1048928
0.1
2319400
1048928
0.1
2232560
1048928
0.1
2189236
1048928
0.1
2453744
1048928
0.1
2313440
1048928
0.1
2329052
1048928
0.1
2361872
1048928
0.1
2458856
1048928
0.1
2384076
1048928
0.1
2539168
1048928
0.1
2173468
1048928
0.1
2406436
1048928
0.1
2193080
1048928
0.1
2309884
1048928
0.1
2705140
1048928
0.1
2292408
1048928
0.1
2326156
1048928
0.1
2253432
1048928
0.1
2372568
1048920
0.1
2292200
1048928
0.1
2309576
1048928
0.1
2409524
1048920
0.1
2270964
1048928
0.1
2610064
1048928
0.1
2235248
1048928
0.1
2421372
1048928
0.1
2312160
1048928
0.1
2274344
1048928
0.1
2473024
1048920
0.1
2229456
1048928
0.1
2443912
1048928
0.1
2419572
1048936
0.1
2446016
1048928
0.1
2465296
1048928
0.1
2296384
1048928
0.1
2409656
1048928
0.1
2482864
1048928
0.1
2420628
1048928
0.1
2226400
1048928
0.1
2290592
1048928
0.1
2492192
1048928
0.1
2377960
1048928
0.3
2403384
1048928
0.1
2399680
1048928
0.1
2302024
1048928
0.1
2217872
1048928
0.1
2469856
1048920
0.1
2289144
1048928
0.1
2374016
1048920
0.1
2251176
1048928
0.1
2379968
1048928
0.1
2288180
1048928
0.1
2276112
1048928
0.1
2326156
1048928
0.1
2291076
1048928
0.1
2213500
1048920
0.1
2401936
1048928
0.1
2320364
1048928
0.1
2212080
1048928
0.1
2358012
1048928
0.1
2272708
1048928
0.1
2392280
1048928
0.1
2326156
1048928
0.1
2224952
1048928
0.1
2269356
1048928
0.1
2311132
1048912
0.1
2541396
1048928
0.1
2572552
1048928
0.1
2235248
1048928
0.1
2435880
1048928
0.1
2449876
1048928
0.1
2276596
1048928
0.1
2187304
1048928
0.1
2356396
1048928
0.1
2314808
1048928
0.1
2256888
1048928
0.1
2376512
1048928
0.1
2269516
1048928
0.1
2410780
1048928
0.1
2153520
1048928
0.1
2190684
1048928
0.1
2380372
1048928
0.1
2359944
1048928
0.1
2486076
1048928
0.1
2428640
1048928
0.1
2179368
1048912
0.1
2480284
1048928
0.1
2268068
1048928
0.1
2468220
1048920
0.1
2270244
1048920
0.1
2327920
1048928
0.1
2407728
1048928
0.1
2541424
1048928
0.1
2238144
1048928
0.1
2643636
1048928
0.1
2416092
1048928
0.1
2254876
1048928
0.1
2350604
1048928
0.1
2394372
1048928
0.1
2197444
1048928
0.1
2252140
1048928
0.1
2372492
1048928
0.1
2408768
1048920
0.1
2428952
1048928
0.1
2210304
1048928
0.1
2394372
1048928
0.1
2397108
1048928
0.1
2067384
1048912
0.1
2297432
1048928
0.1
2190684
1048928
0.1
2321000
1048928
0.1
2266460
1048928
0.1
2226400
1048928
0.1
2303956
1048928
0.1
2214976
1048928
0.1
2355732
1048928
0.1
2380292
1048920
0.1
2423336
1048928
0.1
2324708
1048928
0.1
2317952
1048928
0.1
2401128
1048928
0.1
2557032
1048928
0.1
2386972
1048928
0.1
2246672
1048928
0.1
2563720
1048928
0.1
2227848
1048928
0.1
2306520
1048928
0.1
2222700
1048928
0.1
2484920
1048928
0.1
2355116
1048928
0.1
2298144
1048928
0.1
2232352
1048928
0.1
2460016
1048928
0.1
2232192
1048928
0.1
2394860
1048928
0.1
2513112
1048928
0.1
2483768
1048928
0.1
2316684
1048936
0.1
2276600
1048928
0.1
2389868
1048928
0.1
2219148
1048928
0.1
2385040
1048928
0.1
2340796
1048928
0.1
2471280
1048928
0.1
2316504
1048928
0.1
2487040
1048928
0.1
2405092
1048936
0.1
2443120
1048928
0.1
2280040
1048912
0.1
2412228
1048928
0.1
2471280
1048928
0.1
2324304
1048920
0.1
2435860
1048920
0.1
2375064
1048928
0.1
2303628
1048928
0.1
2401936
1048928
0.1
2261000
1048928
0.1
2205168
1048928
0.1
2324708
1048928
0.1
2297680
1048928
0.1
2358296
1048920
0.1
2362356
1048928
0.1
2290492
1048928
0.1
2375480
1048936
0.1
2474492
1048928
0.1
2187792
1048928
0.1
2245196
1048928
0.1
2267912
1048928
0.1
2508360
1048928
0.1
2505864
1048928
0.1
2425104
1048928
0.1
2192648
1048912
0.1
2288180
1048928
0.1
2426228
1048928
0.1
2504416
1048928
0.1
2624372
1048936
0.1
2358844
1048920
0.1
2411104
1048920
