im-aes128-gcm-511
1000
08/28/18
0.1
2289224
1048912
0.1
2443616
1048912
0.1
2318616
1048912
0.1
2228840
1048912
0.1
2183952
1048912
0.1
2276192
1048912
0.1
2111424
1048912
0.1
2073480
1048912
0.1
2379544
1048912
0.1
2170256
1048912
0.1
2047160
1048912
0.1
2307688
1048912
0.1
2099768
1048912
0.1
2076120
1048912
0.1
2012840
1048912
0.1
2270400
1048912
0.1
2118880
1048912
0.1
2108456
1048912
0.1
1990504
1048912
0.1
2085288
1048912
0.1
1983856
1048912
0.1
2104464
1048912
0.1
2039024
1048912
0.1
2031048
1048912
0.1
2310944
1048912
0.1
2276624
1048912
0.1
2302672
1048912
0.1
2268736
1048912
0.1
2269400
1048912
0.1
2064792
1048912
0.1
2105560
1048912
0.1
1992568
1048912
0.1
2057168
1048912
0.1
2286328
1048912
0.1
2279088
1048912
0.1
2195176
1048912
0.1
2053208
1048912
0.1
2307688
1048912
0.1
2107008
1048912
0.1
2441304
1048912
0.1
2248680
1048912
0.1
2297912
1048912
0.1
2125456
1048912
0.1
2360176
1048912
0.1
2318184
1048912
0.1
2201768
1048912
0.1
2054656
1048912
0.1
2055312
1048912
0.1
2058744
1048912
0.1
2354384
1048912
0.1
2361264
1048912
0.1
2069792
1048912
0.1
2452888
1048912
0.1
3190520
1048912
0.1
2035928
1048912
0.1
2054656
1048912
0.1
2322600
1048912
0.1
2285312
1048912
0.1
2088536
1048912
0.1
2315720
1048912
0.1
2406352
1048912
0.1
2011208
1048912
0.1
2328768
1048912
0.1
2206608
1048912
0.1
2104912
1048912
0.1
2303776
1048912
0.1
2273296
1048912
0.1
2128728
1048912
0.1
2026352
1048912
0.1
2273296
1048912
0.1
2161640
1048912
0.1
2082744
1048912
0.1
2325424
1048912
0.1
2304120
1048912
0.1
2060448
1048912
0.1
2215144
1048912
0.1
2280968
1048912
0.1
2319632
1048912
0.1
2111352
1048912
0.1
2047160
1048912
0.1
2352936
1048912
0.1
2163104
1048912
0.1
2225960
1048912
0.1
2296536
1048912
0.1
2284880
1048912
0.1
2291104
1048912
0.1
2062632
1048912
0.1
2408744
1048912
0.1
2341352
1048912
0.1
2062544
1048912
0.1
2556632
1048912
0.1
2023232
1048912
0.1
2112800
1048912
0.1
2329840
1048912
0.1
2290312
1048912
0.1
2283984
1048912
0.1
2150568
1048912
0.1
2047416
1048912
0.1
1991496
1048912
0.1
2105912
1048912
0.1
2300808
1048912
0.1
2151520
1048912
0.1
2158312
1048912
0.1
2329888
1048912
0.1
2130528
1048912
0.1
2191632
1048912
0.1
2061024
1048912
0.1
2078848
1048912
0.1
2297552
1048912
0.1
2261712
1048912
0.1
2089408
1048912
0.1
2420016
1048912
0.1
2293568
1048912
0.1
2450736
1048912
0.1
2271488
1048912
0.1
2245856
1048912
0.1
2236080
1048912
0.1
2361624
1048912
0.1
2327304
1048912
0.1
2131624
1048912
0.1
2270400
1048912
0.1
2106648
1048912
0.1
2127248
1048912
0.1
2398448
1048912
0.1
2283984
1048912
0.1
2329888
1048912
0.1
2109904
1048912
0.1
2162344
1048912
0.1
2352936
1048912
0.1
2078400
1048912
0.1
2270832
1048912
0.1
2283072
1048912
0.1
2237952
1048912
0.1
2348592
1048912
0.1
2291520
1048912
0.1
2236080
1048912
0.1
2207552
1048912
0.1
2235072
1048912
0.1
2284880
1048912
0.1
2301224
1048912
0.1
2652192
1048912
0.1
2178584
1048912
0.1
2102664
1048912
0.1
2063568
1048912
0.1
2037712
1048912
0.1
2259264
1048912
0.1
2053944
1048912
0.1
2329888
1048912
0.1
2051504
1048912
0.1
2263160
1048912
0.1
2055304
1048912
0.1
2318184
1048912
0.1
2099768
1048912
0.1
2074128
1048912
0.1
2021528
1048912
0.1
2243320
1048912
0.1
2106008
1048912
0.1
2049520
1048912
0.1
2183288
1048912
0.1
2063568
1048912
0.1
2057552
1048912
0.1
2254472
1048912
0.1
2217688
1048912
0.1
1993232
1048912
0.1
2282416
1048912
0.1
2248680
1048912
0.1
2102664
1048912
0.1
2287776
1048912
0.1
2305152
1048912
0.1
2074136
1048912
0.1
2285728
1048912
0.1
2259248
1048912
0.1
2252664
1048912
0.1
2328440
1048912
0.1
2251000
1048912
0.1
2211232
1048912
0.1
2039056
1048912
0.1
2271920
1048912
0.1
2253456
1048912
0.1
2357280
1048912
0.1
2295568
1048912
0.1
2218272
1048912
0.1
2342560
1048912
0.1
2398376
1048912
0.1
2219720
1048912
0.1
2108448
1048912
0.1
2380088
1048912
0.1
2278512
1048912
0.1
2225512
1048912
0.1
2325424
1048912
0.1
2309568
1048912
0.1
2032496
1048912
0.1
2088536
1048912
0.1
2024240
1048912
0.1
2079528
1048912
0.1
1995744
1048912
0.1
2242888
1048912
0.1
2228480
1048912
0.1
2447096
1048912
0.1
2263232
1048912
0.1
2334560
1048912
0.1
2133880
1048912
0.1
2259688
1048912
0.1
2134592
1048912
0.1
2088952
1048912
0.1
2064792
1048912
0.1
1968328
1048912
0.1
2296464
1048912
0.1
2182944
1048912
0.1
2047160
1048912
0.1
2068344
1048912
0.1
2293568
1048912
0.1
2062552
1048912
0.1
2299472
1048912
0.1
2315288
1048912
0.1
2358368
1048912
0.1
2312392
1048912
0.1
2099768
1048912
0.1
2319632
1048912
0.1
2300240
1048912
0.1
2405848
1048912
0.1
2415984
1048912
0.1
2303776
1048912
0.1
2266128
1048912
0.1
2367536
1048912
0.1
2339904
1048912
0.1
2102664
1048912
0.1
2180496
1048912
0.1
2085072
1048912
0.1
2425176
1048912
0.1
2080720
1048912
0.1
2183360
1048912
0.1
2297552
1048912
0.1
2194872
1048912
0.1
2308120
1048912
0.1
2395040
1048912
0.1
2198800
1048912
0.1
2207544
1048912
0.1
2248448
1048912
0.1
2039616
1048912
0.1
2281984
1048912
0.1
2186288
1048912
0.1
2257368
1048912
0.1
2117944
1048912
0.1
2278512
1048912
0.1
1967872
1048912
0.1
2054632
1048912
0.1
1958144
1048912
0.1
2076376
1048912
0.1
2296536
1048912
0.1
2124384
1048912
0.1
2275832
1048912
0.1
2162016
1048912
0.1
2454336
1048912
0.1
2113888
1048912
0.1
2327960
1048912
0.1
2102664
1048912
0.1
2437704
1048912
0.1
2293568
1048912
0.1
2122264
1048912
0.1
2126800
1048912
0.1
2210000
1048912
0.1
2047160
1048912
0.1
2164104
1048912
0.1
2477480
1048912
0.1
2261112
1048912
0.1
2345696
1048912
0.1
2056104
1048912
0.1
2286248
1048912
0.1
2250976
1048912
0.1
2244336
1048912
0.1
2319632
1048912
0.1
2078816
1048912
0.1
2197856
1048912
0.1
2296464
1048912
0.1
2288224
1048912
0.1
2281984
1048912
0.1
2341904
1048912
0.1
2292192
1048912
0.1
2096864
1048912
0.1
1962536
1048912
0.1
1962536
1048912
0.1
2209800
1048912
0.1
2102664
1048912
0.1
2382800
1048912
0.1
2295088
1048912
0.1
2224920
1048912
0.1
2067688
1048912
0.1
2114240
1048912
0.1
2320064
1048912
0.1
2073024
1048912
0.1
2066896
1048912
0.1
2373208
1048912
0.1
2155416
1048912
0.1
2207552
1048912
0.1
2523840
1048912
0.1
2084928
1048912
0.1
2237016
1048912
0.1
2203792
1048912
0.1
1992720
1048912
0.1
2249664
1048912
0.1
2140624
1048912
0.1
2263160
1048912
0.1
2130592
1048912
0.1
2090720
1048912
0.1
2194456
1048912
0.1
2290096
1048912
0.1
2272264
1048912
0.1
2365968
1048912
0.1
2246656
1048912
0.1
2117096
1048912
0.1
2276192
1048912
0.1
2054376
1048912
0.1
2483296
1048912
0.1
2115056
1048912
0.1
2292192
1048912
0.1
2170408
1048912
0.1
2473160
1048912
0.1
2352936
1048912
0.1
2345768
1048912
0.1
2291120
1048912
0.1
2024144
1048912
0.1
2246656
1048912
0.1
2173616
1048912
0.1
2094328
1048912
0.1
2204592
1048912
0.1
2406984
1048912
0.1
2288864
1048912
0.1
2101648
1048912
0.1
2355832
1048912
0.1
2158760
1048912
0.1
1995360
1048912
0.1
2306240
1048912
0.1
2209816
1048912
0.1
2154328
1048912
0.1
2190184
1048912
0.1
2054880
1048912
0.1
2050968
1048912
0.1
2363144
1048912
0.1
2121456
1048912
0.1
2078400
1048912
0.1
2154416
1048912
0.1
2264016
1048912
0.1
2123736
1048912
0.1
2290312
1048912
0.1
2166360
1048912
0.1
2358728
1048912
0.1
2172168
1048912
0.1
2432616
1048912
0.1
2172168
1048912
0.1
2368504
1048912
0.1
2180048
1048912
0.1
2440600
1048912
0.1
2077368
1048912
0.1
2171360
1048912
0.1
2335992
1048912
0.1
2309496
1048912
0.1
2290672
1048912
0.1
2405848
1048912
0.1
2313840
1048912
0.1
2136368
1048912
0.1
2022696
1048912
0.1
2047160
1048912
0.1
2041624
1048912
0.1
2389920
1048912
0.1
2291760
1048912
0.1
2198800
1048912
0.1
2284520
1048912
0.1
2154432
1048912
0.1
2089152
1048912
0.1
2370432
1048912
0.1
2135968
1048912
0.1
2526736
1048912
0.1
2021528
1048912
0.1
2151752
1048912
0.1
2155128
1048912
0.1
2183288
1048912
0.1
2112440
1048912
0.1
2284304
1048912
0.1
2060672
1048912
0.1
2197352
1048912
0.1
2315288
1048912
0.1
2406280
1048912
0.1
2127280
1048912
0.1
2284240
1048912
0.1
2048840
1048912
0.1
2265480
1048912
0.1
2044384
1048912
0.1
2329768
1048912
0.1
2156592
1048912
0.1
2279520
1048912
0.1
2333752
1048912
0.1
2223472
1048912
0.1
2447096
1048912
0.1
2079528
1048912
0.1
2199216
1048912
0.1
2132424
1048912
0.1
2291104
1048912
0.1
2041648
1048912
0.1
2281624
1048912
0.1
2088184
1048912
0.1
2048584
1048912
0.1
2072608
1048912
0.1
2069136
1048912
0.1
2062472
1048912
0.1
2350040
1048912
0.1
2332736
1048912
0.1
2160120
1048912
0.1
2038368
1048912
0.1
2257224
1048912
0.1
2109896
1048912
0.1
2148536
1048912
0.1
2090720
1048912
0.1
2093328
1048912
0.1
2169272
1048912
0.1
2345696
1048912
0.1
2201312
1048912
0.1
2406984
1048912
0.1
2251216
1048912
0.1
2420016
1048912
0.1
2393952
1048912
0.1
2279160
1048912
0.1
2013856
1048912
0.1
2354384
1048912
0.1
2070584
1048912
0.1
2151864
1048912
0.1
2088536
1048912
0.1
2075584
1048912
0.1
2208936
1048912
0.1
2307688
1048912
0.1
2042632
1048912
0.1
1985760
1048912
0.1
2324192
1048912
0.1
2059736
1048912
0.1
2232176
1048912
0.1
2179376
1048912
0.1
2168448
1048912
0.1
2072688
1048912
0.1
2365968
1048912
0.1
2095416
1048912
0.1
2328320
1048912
0.1
2244192
1048912
0.1
2262520
1048912
0.1
2078400
1048912
0.1
2135936
1048912
0.1
2317168
1048912
0.1
2331664
1048912
0.1
2148536
1048912
0.1
2021984
1048912
0.1
2325216
1048912
0.1
2345336
1048912
0.1
2232176
1048912
0.1
2083832
1048912
0.1
2283072
1048912
0.1
2290312
1048912
0.1
2244768
1048912
0.1
2239392
1048912
0.1
2315288
1048912
0.1
2371400
1048912
0.1
2195680
1048912
0.1
2323408
1048912
0.1
2113888
1048912
0.1
2176064
1048912
0.1
2064792
1048912
0.1
2285752
1048912
0.1
2198800
1048912
0.1
2070584
1048912
0.1
2030472
1048912
0.1
2299360
1048912
0.1
2177240
1048912
0.1
2528256
1048912
0.1
2276192
1048912
0.1
2279160
1048912
0.1
2051760
1048912
0.1
2305224
1048912
0.1
2456528
1048912
0.1
2292192
1048912
0.1
2316376
1048912
0.1
2315288
1048912
0.1
2286400
1048912
0.1
2109528
1048912
0.1
2226960
1048912
0.1
2073480
1048912
0.1
2222024
1048912
0.1
2194872
1048912
0.1
2116504
1048912
0.1
2347144
1048912
0.1
2061640
1048912
0.1
2257368
1048912
0.1
2429016
1048912
0.1
2115696
1048912
0.1
2273296
1048912
0.1
2305152
1048912
0.1
2336648
1048912
0.1
2218488
1048912
0.1
2304552
1048912
0.1
2445648
1048912
0.1
2259688
1048912
0.1
2445648
1048912
0.1
2101216
1048912
0.1
2445648
1048912
0.1
2290744
1048912
0.1
2399896
1048912
0.1
2090432
1048912
0.1
2038472
1048912
0.1
2099768
1048912
0.1
2189080
1048912
0.1
2312032
1048912
0.1
2629032
1048912
0.1
2168464
1048912
0.1
2191848
1048912
0.1
2225944
1048912
0.1
2297680
1048912
0.1
2232176
1048912
0.1
2060192
1048912
0.1
2441736
1048912
0.1
2164464
1048912
0.1
2293640
1048912
0.1
2023968
1048912
0.1
2076376
1048912
0.1
2135592
1048912
0.1
2325496
1048912
0.1
2414536
1048912
0.1
2120040
1048912
0.1
2085640
1048912
0.1
2055648
1048912
0.1
2186256
1048912
0.1
2354384
1048912
0.1
2192624
1048912
0.1
2308496
1048912
0.1
2287200
1048912
0.1
2318304
1048912
0.1
2351488
1048912
0.1
2148536
1048912
0.1
2272720
1048912
0.1
2375104
1048912
0.1
2273296
1048912
0.1
2027576
1048912
0.1
2141296
1048912
0.1
2061104
1048912
0.1
2241872
1048912
0.1
2273296
1048912
0.1
2334112
1048912
0.1
2339904
1048912
0.1
2348592
1048912
0.1
2075152
1048912
0.1
2169912
1048912
0.1
2019896
1048912
0.1
2232176
1048912
0.1
2176048
1048912
0.1
2184392
1048912
0.1
2158312
1048912
0.1
2367056
1048912
0.1
2228328
1048912
0.1
2308048
1048912
0.1
2322648
1048912
0.1
2358728
1048912
0.1
2030064
1048912
0.1
2294440
1048912
0.1
2150416
1048912
0.1
2238976
1048912
0.1
2307408
1048912
0.1
1902200
1048912
0.1
2292120
1048912
0.1
2158328
1048912
0.1
1996856
1048912
0.1
2278056
1048912
0.1
2166376
1048912
0.1
2290672
1048912
0.1
2227392
1048912
0.1
2030672
1048912
0.1
2147864
1048912
0.1
2329888
1048912
0.1
2236080
1048912
0.1
2073704
1048912
0.1
2229976
1048912
0.1
2330976
1048912
0.1
2309928
1048912
0.1
2287416
1048912
0.1
2018096
1048912
0.1
2417120
1048912
0.1
2319632
1048912
0.1
2354384
1048912
0.1
2250128
1048912
0.1
2061184
1048912
0.1
2255560
1048912
0.1
2325424
1048912
0.1
2096872
1048912
0.1
2313912
1048912
0.1
2313480
1048912
0.1
2288864
1048912
0.1
2099768
1048912
0.1
2083832
1048912
0.1
2057552
1048912
0.1
2399384
1048912
0.1
2308240
1048912
0.1
2059000
1048912
0.1
1962536
1048912
0.1
2201768
1048912
0.1
2249920
1048912
0.1
2258816
1048912
0.1
2304136
1048912
0.1
2041624
1048912
0.1
2222032
1048912
0.1
2284520
1048912
0.1
2094408
1048912
0.1
2264528
1048912
0.1
2196552
1048912
0.1
2116048
1048912
0.1
2089632
1048912
0.1
2358728
1048912
0.1
2145744
1048912
0.1
2092880
1048912
0.1
2018888
1048912
0.1
2327752
1048912
0.1
2071696
1048912
0.1
2403456
1048912
0.1
2303704
1048912
0.1
2326512
1048912
0.1
2323976
1048912
0.1
2046400
1048912
0.1
2032120
1048912
0.1
2148856
1048912
0.1
2053208
1048912
0.1
2298360
1048912
0.1
2292568
1048912
0.1
2068880
1048912
0.1
2377192
1048912
0.1
2247000
1048912
0.1
2049440
1048912
0.1
2343680
1048912
0.1
2095424
1048912
0.1
2083872
1048912
0.1
2252704
1048912
0.1
2302256
1048912
0.1
2384128
1048912
0.1
2148968
1048912
0.1
2273296
1048912
0.1
2273296
1048912
0.1
2276192
1048912
0.1
2117496
1048912
0.1
2185040
1048912
0.1
2408432
1048912
0.1
2213280
1048912
0.1
2180048
1048912
0.1
2364520
1048912
0.1
2173968
1048912
0.1
2115048
1048912
0.1
2301656
1048912
0.1
2166376
1048912
0.1
2194872
1048912
0.1
2152880
1048912
0.1
2309840
1048912
0.1
2443496
1048912
0.1
2098312
1048912
0.1
2203216
1048912
0.1
2227032
1048912
0.1
2118112
1048912
0.1
2132592
1048912
0.1
1983776
1048912
0.1
2263664
1048912
0.1
2185840
1048912
0.1
2444200
1048912
0.1
2398648
1048912
0.1
2026328
1048912
0.1
2016648
1048912
0.1
2258888
1048912
0.1
2307688
1048912
0.1
2194784
1048912
0.1
2241888
1048912
0.1
2288864
1048912
0.1
2052600
1048912
0.1
2271848
1048912
0.1
2348592
1048912
0.1
2284304
1048912
0.1
2322528
1048912
0.1
2055848
1048912
0.1
2260264
1048912
0.1
2119392
1048912
0.1
2258240
1048912
0.1
2351488
1048912
0.1
2296912
1048912
0.1
2069712
1048912
0.1
2070520
1048912
0.1
2329888
1048912
0.1
2312512
1048912
0.1
2283504
1048912
0.1
2112800
1048912
0.1
2051304
1048912
0.1
2125832
1048912
0.1
2509280
1048912
0.1
2310624
1048912
0.1
2386688
1048912
0.1
2293568
1048912
0.1
2198800
1048912
0.1
2384128
1048912
0.1
1996856
1048912
0.1
2202416
1048912
0.1
2105552
1048912
0.1
2329888
1048912
0.1
2357280
1048912
0.1
2280536
1048912
0.1
2307968
1048912
0.1
2325856
1048912
0.1
2254472
1048912
0.1
2174600
1048912
0.1
2092528
1048912
0.1
2499224
1048912
0.1
2249112
1048912
0.1
2164104
1048912
0.1
2319632
1048912
0.1
2188080
1048912
0.1
2113888
1048912
0.1
2257224
1048912
0.1
2354384
1048912
0.1
2364520
1048912
0.1
2250128
1048912
0.1
2297912
1048912
0.1
2252664
1048912
0.1
2267936
1048912
0.1
2208568
1048912
0.1
2286400
1048912
0.1
2283072
1048912
0.1
1939144
1048912
0.1
2285296
1048912
0.1
2319704
1048912
0.1
2241944
1048912
0.1
2176496
1048912
0.1
2266504
1048912
0.1
2197856
1048912
0.1
2067864
1048912
0.1
2333112
1048912
0.1
2395712
1048912
0.1
2111352
1048912
0.1
2322976
1048912
0.1
2119040
1048912
0.1
2301656
1048912
0.1
2095776
1048912
0.3
2580312
1048912
0.1
2088968
1048912
0.1
2296912
1048912
0.1
2296880
1048912
0.1
2016064
1048912
0.1
2109904
1048912
0.1
2084192
1048912
0.1
2257368
1048912
0.1
2260712
1048912
0.1
2341800
1048912
0.1
2291760
1048912
0.1
2345696
1048912
0.1
2371400
1048912
0.1
2278512
1048912
0.1
2037000
1048912
0.1
2486192
1048912
0.1
2327304
1048912
0.1
2075576
1048912
0.1
2250976
1048912
0.1
2345696
1048912
0.1
2266056
1048912
0.1
2293208
1048912
0.1
2429016
1048912
0.1
2035120
1048912
0.1
2441304
1048912
0.1
2127632
1048912
0.1
2095424
1048912
0.1
2071320
1048912
0.1
2236512
1048912
0.1
2111352
1048912
0.1
2410032
1048912
0.1
2294656
1048912
0.1
2184200
1048912
0.1
2357280
1048912
0.1
2107008
1048912
0.1
2247664
1048912
0.1
2199448
1048912
0.1
2116496
1048912
0.1
2241888
1048912
0.1
2170256
1048912
0.1
2299808
1048912
0.1
2053208
1048912
0.1
2069872
1048912
0.1
2293568
1048912
0.1
2064000
1048912
0.1
2449328
1048912
0.1
2295568
1048912
0.1
2277064
1048912
0.1
2092304
1048912
0.1
2510808
1048912
0.1
2452888
1048912
0.1
2194512
1048912
0.1
2072608
1048912
0.1
2076376
1048912
0.1
2118200
1048912
0.1
2030064
1048912
0.1
2122936
1048912
0.1
2016728
1048912
0.1
2246432
1048912
0.1
2029680
1048912
0.1
2289016
1048912
0.1
2280536
1048912
0.1
2287776
1048912
0.1
2233616
1048912
0.1
2292120
1048912
0.1
2286328
1048912
0.1
2102024
1048912
0.1
2078480
1048912
0.1
2023968
1048912
0.1
2052416
1048912
0.1
2353808
1048912
0.1
2891336
1048912
0.1
2164048
1048912
0.1
2055848
1048912
0.1
2447840
1048912
0.1
2367488
1048912
0.1
2361624
1048912
0.1
2101568
1048912
0.1
2444272
1048912
0.1
2392816
1048912
0.1
2086736
1048912
0.1
2150304
1048912
0.1
2190176
1048912
0.1
2204592
1048912
0.1
2279088
1048912
0.1
2454592
1048912
0.1
2137728
1048912
0.1
2287776
1048912
0.1
2102664
1048912
0.1
2343248
1048912
0.1
2104112
1048912
0.1
2288224
1048912
0.1
2174256
1048912
0.1
2105560
1048912
0.1
2229856
1048912
0.1
2149312
1048912
0.1
2018400
1048912
0.1
2166576
1048912
0.1
2067688
1048912
0.1
2261712
1048912
0.1
2226816
1048912
0.1
2078816
1048912
0.1
2275592
1048912
0.1
2145728
1048912
0.1
2063344
1048912
0.1
2303776
1048912
0.1
2144856
1048912
0.1
2304152
1048912
0.1
2297592
1048912
0.1
2205008
1048912
0.1
2284880
1048912
0.1
2048144
1048912
0.1
2180392
1048912
0.1
2410192
1048912
0.1
2358368
1048912
0.1
2210624
1048912
0.1
2348592
1048912
0.1
2253024
1048912
0.1
2137728
1048912
0.1
2132056
1048912
0.1
2014288
1048912
0.1
2293568
1048912
0.1
2018096
1048912
0.1
2322600
1048912
0.1
2089984
1048912
0.1
2107472
1048912
0.1
2279088
1048912
0.1
2083616
1048912
0.1
2046448
1048912
0.1
1998792
1048912
0.1
2051320
1048912
0.1
2215448
1048912
0.1
2195960
1048912
0.1
2258224
1048912
0.1
1983776
1048912
0.1
2272720
1048912
0.1
2036264
1048912
0.1
2183720
1048912
0.1
2191768
1048912
0.1
2398608
1048912
0.1
2098312
1048912
0.1
2045528
1048912
0.1
2100216
1048912
0.1
2295088
1048912
0.1
2295088
1048912
0.1
2238544
1048912
0.1
2107000
1048912
0.1
2091432
1048912
0.1
2434064
1048912
0.1
2255344
1048912
0.1
2247664
1048912
0.1
2168008
1048912
0.1
2281984
1048912
0.1
2283504
1048912
0.1
2191192
1048912
0.1
2245424
1048912
0.1
2447096
1048912
0.1
2083984
1048912
0.1
2355832
1048912
0.1
2111352
1048912
0.1
2261544
1048912
0.1
2184376
1048912
0.1
2099768
1048912
0.1
2114240
1048912
0.1
2306720
1048912
0.1
2246640
1048912
0.1
2021072
1048912
0.1
2445648
1048912
0.1
2447096
1048912
0.1
2009432
1048912
0.1
2375232
1048912
0.1
2279088
1048912
0.1
2041368
1048912
0.1
2047056
1048912
0.1
2284952
1048912
0.1
2258240
1048912
0.1
2439472
1048912
0.1
2269368
1048912
0.1
2092560
1048912
0.1
2544112
1048912
0.1
2299360
1048912
0.1
2348592
1048912
0.1
2496328
1048912
0.1
2143176
1048912
0.1
2206040
1048912
0.1
2223048
1048912
0.1
2182288
1048912
0.1
2210888
1048912
0.1
2096864
1048912
0.1
2102664
1048912
0.1
2161568
1048912
0.1
2104112
1048912
0.1
2145744
1048912
0.1
2096872
1048912
0.1
2293640
1048912
0.1
2109256
1048912
0.1
2117112
1048912
0.1
2295016
1048912
0.1
2248680
1048912
0.1
2045168
1048912
0.1
2358728
1048912
0.1
2019904
1048912
0.1
2096872
1048912
0.1
2189232
1048912
0.1
2257816
1048912
0.1
2096864
1048912
0.1
2281984
1048912
0.1
2275248
1048912
0.1
2108456
1048912
0.1
2312392
1048912
0.1
2106784
1048912
0.1
2289224
1048912
0.1
2327960
1048912
0.1
2345696
1048912
0.1
2245376
1048912
0.1
2078832
1048912
0.1
2190160
1048912
0.1
2217400
1048912
0.1
2074056
1048912
0.1
2237528
1048912
0.1
2201696
1048912
0.1
2213280
1048912
0.1
2056760
1048912
0.1
2129528
1048912
0.1
2225512
1048912
0.1
2293568
1048912
0.1
2049592
1048912
0.1
2296464
1048912
0.1
2281984
1048912
0.1
2266560
1048912
0.1
2442752
1048912
0.1
2265480
1048912
0.1
2273296
1048912
0.1
2281984
1048912
0.1
2226568
1048912
0.1
2098672
1048912
0.1
2074472
1048912
0.1
2103064
1048912
0.1
2271848
1048912
0.1
2054400
1048912
0.1
2273800
1048912
0.1
2282856
1048912
0.1
2164464
1048912
0.1
2232176
1048912
0.1
2036264
1048912
0.1
2279592
1048912
0.1
2006336
1048912
0.1
2348664
1048912
0.1
2066464
1048912
0.1
2089984
1048912
0.1
2085288
1048912
0.1
2445648
1048912
0.1
2046448
1048912
0.1
2245784
1048912
0.1
2136768
1048912
0.1
2107008
1048912
0.1
2322600
1048912
0.1
2291176
1048912
0.1
2286328
1048912
0.1
2218704
1048912
0.1
2295888
1048912
0.1
2208992
1048912
