im-aes128-gcm-128
1000
08/28/18
0.1
2142105
1048912
0.1
2332266
1048912
0.1
2299220
1048912
0.1
2400635
1048912
0.1
2362932
1048912
0.1
2271450
1048912
0.1
2260124
1048912
0.1
2558557
1048912
0.1
2276052
1048912
0.1
2191003
1048912
0.1
2513669
1048912
0.1
2305395
1048912
0.1
2568130
1048912
0.1
2450340
1048912
0.1
2178636
1048912
0.1
2370184
1048912
0.1
2310804
1048912
0.1
2235508
1048912
0.1
2338490
1048912
0.1
2126560
1048912
0.1
2504227
1048912
0.1
2369162
1048912
0.1
2296324
1048912
0.1
2289084
1048912
0.1
2276052
1048912
0.1
2485783
1048912
0.1
2178636
1048912
0.1
2188914
1048912
0.1
2306460
1048912
0.1
2398923
1048912
0.1
2315148
1048912
0.1
2354244
1048912
0.1
2453219
1048912
0.1
2268554
1048912
0.1
2305012
1048912
0.1
2593995
1048912
0.1
2655573
1048912
0.1
2239594
1048912
0.1
2312252
1048912
0.1
2271508
1048912
0.1
2462899
1048912
0.1
2448509
1048912
0.1
2424987
1048912
0.1
2358330
1048912
0.1
2198194
1048912
0.1
2237339
1048912
0.1
2270002
1048912
0.1
2278690
1048912
0.1
2180084
1048912
0.1
2271708
1048912
0.1
2397475
1048912
0.1
2284740
1048912
0.1
2280138
1048912
0.1
2491575
1048912
0.1
2312252
1048912
0.1
2101210
1048912
0.1
2141371
1048912
0.1
2238146
1048912
0.1
2279038
1048912
0.1
2231289
1048912
0.1
2315531
1048912
0.1
2256253
1048912
0.1
2506795
1048912
0.1
2370001
1048912
0.1
2234185
1048912
0.1
2280138
1048912
0.1
2487251
1048912
0.1
2427883
1048912
0.1
2198243
1048912
0.1
2313442
1048912
0.1
2313442
1048912
0.1
2178636
1048912
0.1
2174518
1048912
0.1
2268630
1048912
0.1
2352538
1048912
0.1
2488963
1048912
0.1
2179370
1048912
0.1
2314890
1048912
0.1
2160337
1048912
0.1
2395682
1048912
0.1
2517259
1048912
0.1
2280028
1048912
0.1
2264468
1048912
0.1
2398923
1048912
0.1
2496987
1048912
0.1
2280138
1048912
0.1
2436571
1048912
0.1
2433939
1048912
0.1
2509325
1048912
0.1
2422181
1048912
0.1
2276177
1048912
0.1
2446971
1048912
0.1
2524575
1048912
0.1
2239594
1048912
0.1
2273156
1048912
0.1
2202204
1048912
0.1
2305012
1048912
0.1
2158033
1048912
0.1
2250461
1048912
0.1
2444194
1048912
0.1
2514363
1048912
0.1
2283034
1048912
0.1
2270260
1048912
0.1
2213913
1048912
0.1
2360474
1048912
0.1
2385163
1048912
0.1
2515117
1048912
0.1
2307908
1048912
0.1
2241300
1048912
0.1
2268554
1048912
0.1
2473508
1048912
0.1
2940637
1048912
0.1
2518312
1048912
0.1
2178636
1048912
0.1
2124729
1048912
0.1
2324739
1048912
0.1
2299374
1048912
0.1
2495228
1048912
0.1
2277500
1048912
0.1
2397475
1048912
0.1
2326906
1048912
0.1
2249988
1048912
0.1
2179370
1048912
0.1
2246834
1048912
0.1
2296324
1048912
0.1
2340626
1048912
0.1
2514363
1048912
0.1
2107078
1048912
0.1
2299220
1048912
0.1
2363106
1048912
0.1
2313442
1048912
0.1
2289557
1048912
0.1
2159481
1048912
0.1
2107951
1048912
0.1
2103134
1048912
0.1
2178636
1048912
0.1
2271708
1048912
0.1
2432947
1048912
0.1
2261314
1048912
0.1
2299220
1048912
0.1
2281586
1048912
0.1
2198194
1048912
0.1
2235891
1048912
0.1
2520909
1048912
0.1
2238404
1048912
0.1
2378631
1048912
0.1
2310804
1048912
0.1
2546973
1048912
0.1
2463431
1048912
0.1
2252626
1048912
0.1
2422811
1048912
0.1
2257411
1048912
0.1
2403650
1048912
0.1
2152241
1048912
0.1
2183714
1048912
0.1
2300250
1048912
0.1
2223924
1048912
0.1
2317069
1048912
0.1
2178636
1048912
0.1
2256970
1048912
0.1
2297227
1048912
0.1
2502779
1048912
0.1
2254805
1048912
0.1
2273156
1048912
0.1
2274987
1048912
0.1
2141371
1048912
0.1
2435843
1048912
0.1
2228016
1048912
0.1
2144267
1048912
0.1
2268554
1048912
0.1
2504981
1048912
0.1
2256233
1048912
0.1
2498107
1048912
0.1
2268554
1048912
0.1
2497776
1048912
0.1
2270002
1048912
0.1
2179370
1048912
0.1
2181532
1048912
0.1
2287636
1048912
0.1
2277500
1048912
0.1
2211017
1048912
0.1
2448419
1048912
0.1
2322861
1048912
0.1
2365619
1048912
0.1
2490501
1048912
0.1
2372839
1048912
0.1
2276052
1048912
0.1
2313442
1048912
0.1
2220770
1048912
0.1
2307908
1048912
0.1
2207355
1048912
0.1
2411955
1048912
0.1
2383204
1048912
0.1
2264468
1048912
0.1
2140657
1048912
0.1
2296324
1048912
0.1
2147163
1048912
0.1
2242873
1048912
0.1
2084786
1048912
0.1
2416282
1048912
0.1
2512221
1048912
0.1
2260249
1048912
0.1
2274236
1048912
0.1
2400371
1048912
0.1
2185876
1048912
0.1
2469170
1048912
0.1
2506795
1048912
0.1
2298225
1048912
0.1
2321065
1048912
0.1
2198194
1048912
0.1
2397475
1048912
0.1
2480275
1048912
0.1
2343850
1048912
0.1
2397475
1048912
0.1
2239528
1048912
0.1
2532403
1048912
0.1
2359778
1048912
0.1
2199642
1048912
0.1
2280138
1048912
0.1
2255780
1048912
0.1
2409448
1048912
0.1
2587427
1048912
0.1
2447354
1048912
0.1
2209827
1048912
0.1
2261572
1048912
0.1
2305012
1048912
0.1
2362932
1048912
0.1
2275634
1048912
0.1
2400371
1048912
0.1
2429595
1048912
0.1
2497741
1048912
0.1
2201090
1048912
0.1
2195347
1048912
0.1
2159481
1048912
0.1
2260249
1048912
0.1
2523805
1048912
0.1
2352129
1048912
0.1
2506429
1048912
0.1
2231463
1048912
0.1
2444531
1048912
0.1
2258418
1048912
0.1
2291986
1048912
0.1
2344581
1048912
0.1
2287636
1048912
0.1
2289084
1048912
0.1
2397475
1048912
0.1
2501731
1048912
0.1
2436835
1048912
0.1
2339764
1048912
0.1
2250371
1048912
0.1
2501731
1048912
0.1
2313700
1048912
0.1
2351560
1048912
0.1
2254332
1048912
0.1
2280396
1048912
0.1
2438666
1048912
0.1
2193850
1048912
0.1
2496735
1048912
0.1
2473874
1048912
0.1
2358330
1048912
0.1
2267837
1048912
0.1
2331250
1048912
0.1
2331459
1048912
0.1
2525253
1048912
0.1
2305848
1048912
0.1
2394579
1048912
0.1
2290532
1048912
0.1
2515811
1048912
0.1
2467699
1048912
0.1
2270260
1048912
0.1
2224049
1048912
0.1
2263020
1048912
0.1
2442346
1048912
0.1
2328354
1048912
0.1
2537531
1048912
0.1
2212723
1048912
0.1
2428147
1048912
0.1
2312252
1048912
0.1
2275794
1048912
0.1
2532493
1048912
0.1
2493763
1048912
0.1
2238404
1048912
0.1
2269195
1048912
0.1
2349642
1048912
0.1
2386100
1048912
0.1
2217958
1048912
0.1
2482179
1048912
0.1
2272181
1048912
0.1
2179370
1048912
0.1
2303570
1048912
0.1
2428147
1048912
0.1
2305012
1048912
0.1
2302116
1048912
0.1
2237081
1048912
0.1
2352538
1048912
0.1
2387319
1048912
0.1
2260653
1048912
0.1
2496676
1048912
0.1
2330818
1048912
0.1
2366008
1048912
0.1
2206548
1048912
0.1
2525619
1048912
0.1
2466579
1048912
0.1
2180818
1048912
0.1
2466521
1048912
0.1
2475667
1048912
0.1
2520155
1048912
0.1
2454667
1048912
0.1
2322388
1048912
0.1
2191810
1048912
0.1
2420870
1048912
0.1
2182266
1048912
0.1
2288019
1048912
0.1
2305012
1048912
0.1
2355434
1048912
0.1
2180084
1048912
0.1
2514363
1048912
0.1
2145715
1048912
0.1
2415498
1048912
0.1
2495939
1048912
0.1
2540427
1048912
0.1
2313700
1048912
0.1
2373054
1048912
0.1
2317786
1048912
0.1
2346795
1048912
0.1
2296797
1048912
0.1
2370178
1048912
0.1
2352587
1048912
0.1
2495919
1048912
0.1
2118087
1048912
0.1
2268554
1048912
0.1
2268554
1048912
0.1
2270260
1048912
0.1
2509325
1048912
0.1
2159458
1048912
0.1
2510773
1048912
0.1
2171065
1048912
0.1
2196746
1048912
0.1
2326474
1048912
0.1
2297772
1048912
0.1
2274346
1048912
0.1
2178636
1048912
0.1
2288019
1048912
0.1
2493043
1048912
0.1
2335162
1048912
0.1
2457639
1048912
0.1
2312252
1048912
0.1
2179370
1048912
0.1
2481439
1048912
0.1
2528149
1048912
0.1
2283675
1048912
0.1
2497776
1048912
0.1
2313700
1048912
0.1
2412721
1048912
0.1
2186276
1048912
0.1
2400351
1048912
0.1
2179370
1048912
0.1
2281844
1048912
0.1
2280138
1048912
0.1
2453219
1048912
0.1
2273156
1048912
0.1
2307908
1048912
0.1
2241773
1048912
0.1
2263020
1048912
0.1
2357314
1048912
0.1
2217958
1048912
0.1
2506429
1048912
0.1
2452853
1048912
0.1
2219580
1048912
0.1
2377203
1048912
0.1
2330818
1048912
0.1
4733429
1048912
0.1
2344108
1048912
0.1
2297514
1048912
0.1
2497878
1048912
0.1
2287636
1048912
0.1
2275870
1048912
0.1
2349642
1048912
0.1
2513315
1048912
0.1
2312252
1048912
0.1
2274346
1048912
0.1
2477379
1048912
0.1
2343113
1048912
0.1
2488679
1048912
0.1
2333972
1048912
0.1
2288109
1048912
0.1
2482179
1048912
0.1
2325757
1048912
0.1
2280138
1048912
0.1
2320682
1048912
0.1
2365619
1048912
0.1
2481723
1048912
0.1
2515117
1048912
0.1
2237081
1048912
0.1
2182980
1048912
0.1
2276525
1048912
0.1
2431043
1048912
0.1
2444914
1048912
0.1
2327594
1048912
0.1
2510419
1048912
0.1
2479335
1048912
0.1
2454995
1048912
0.1
2305012
1048912
0.1
2191003
1048912
0.1
2512915
1048912
0.1
2434412
1048912
0.1
2262762
1048912
0.1
2472043
1048912
0.1
2477115
1048912
0.1
2281586
1048912
0.1
2358330
1048912
0.1
2299220
1048912
0.1
2398923
1048912
0.1
2332524
1048912
0.1
2342660
1048912
0.1
2316596
1048912
0.1
2178636
1048912
0.1
2468024
1048912
0.1
2488679
1048912
0.1
2357294
1048912
0.1
2352796
1048912
0.1
2358588
1048912
0.1
2278948
1048912
0.1
2292363
1048912
0.1
2284740
1048912
0.1
2276052
1048912
0.1
2293428
1048912
0.1
2417747
1048912
0.1
2107954
1048912
0.1
2483171
1048912
0.1
2505280
1048912
0.1
2268220
1048912
0.1
2499555
1048912
0.1
2469475
1048912
0.1
2290532
1048912
0.1
2480731
1048912
0.1
2274346
1048912
0.1
2418467
1048912
0.1
2467699
1048912
0.1
2181532
1048912
0.1
2385871
1048912
0.1
2234896
1048912
0.1
2280138
1048912
0.1
2457830
1048912
0.1
2515483
1048912
0.1
2521603
1048912
0.1
2178636
1048912
0.1
2267106
1048912
0.1
2343879
1048912
0.1
2210210
1048912
0.1
2267837
1048912
0.1
2316797
1048912
0.1
2178636
1048912
0.1
2454301
1048912
0.1
2529597
1048912
0.1
2313700
1048912
0.1
2329628
1048912
0.1
2300459
1048912
0.1
2453947
1048912
0.1
2296115
1048912
0.1
2424987
1048912
0.1
2282297
1048912
0.1
2466251
1048912
0.1
2501958
1048912
0.1
2234185
1048912
0.1
2308291
1048912
0.1
2195298
1048912
0.1
2255412
1048912
0.1
2394579
1048912
0.1
2499224
1048912
0.1
2197860
1048912
0.1
2119297
1048912
0.1
2515811
1048912
0.1
2123664
1048912
0.1
2498261
1048912
0.1
2160337
1048912
0.1
2274346
1048912
0.1
2327922
1048912
0.1
2394942
1048912
0.1
2502451
1048912
0.1
2488679
1048912
0.1
2450323
1048912
0.1
2178636
1048912
0.1
2264976
1048912
0.1
2178636
1048912
0.1
2277242
1048912
0.1
2506795
1048912
0.1
2228268
1048912
0.1
2351119
1048912
0.1
2188914
1048912
0.1
2491949
1048912
0.1
2424970
1048912
0.1
2323836
1048912
0.1
2475267
1048912
0.1
2239852
1048912
0.1
2341212
1048912
0.1
2393111
1048912
0.1
2377203
1048912
0.1
2259866
1048912
0.1
2315531
1048912
0.1
2232612
1048912
0.1
2468410
1048912
0.1
2167577
1048912
0.1
2515811
1048912
0.1
2182980
1048912
0.1
2190362
1048912
0.1
2147163
1048912
0.1
2193850
1048912
0.1
2168169
1048912
0.1
2510019
1048912
0.1
2558557
1048912
0.1
2294618
1048912
0.1
2238404
1048912
0.1
2325284
1048912
0.1
2242519
1048912
0.1
2570141
1048912
0.1
2554213
1048912
0.1
2427863
1048912
0.1
2415597
1048912
0.1
2496659
1048912
0.1
2231463
1048912
0.1
2268554
1048912
0.1
2240235
1048912
0.1
2461907
1048912
0.1
2503533
1048912
0.1
2274018
1048912
0.1
2357314
1048912
0.1
2238787
1048912
0.1
2403267
1048912
0.1
2271450
1048912
0.1
2483171
1048912
0.1
2309481
1048912
0.1
2432947
1048912
0.1
2357140
1048912
0.1
2267364
1048912
0.1
2276177
1048912
0.1
2142819
1048912
0.1
2385050
1048912
0.1
2299220
1048912
0.1
2277242
1048912
0.1
2498435
1048912
0.1
2464437
1048912
0.1
2343850
1048912
0.1
2344338
1048912
0.1
2488299
1048912
0.1
2198194
1048912
0.1
2268554
1048912
0.1
2397475
1048912
0.1
2106845
1048912
0.1
2335803
1048912
0.1
2487515
1048912
0.1
2473418
1048912
0.1
2293428
1048912
0.1
2316387
1048912
0.1
2318427
1048912
0.1
2179370
1048912
0.1
2296324
1048912
0.1
2482179
1048912
0.1
2109399
1048912
0.1
2502779
1048912
0.1
2239977
1048912
0.1
2273156
1048912
0.1
2238404
1048912
0.1
2358588
1048912
0.1
2146287
1048912
0.1
2180084
1048912
0.1
2245386
1048912
0.1
2270260
1048912
0.1
2275794
1048912
0.1
2201090
1048912
0.1
2203986
1048912
0.1
2506429
1048912
0.1
2364122
1048912
0.1
2424642
1048912
0.1
2176474
1048912
0.1
2238146
1048912
0.1
2406163
1048912
0.1
2268554
1048912
0.1
2305012
1048912
0.1
2433939
1048912
0.1
2338316
1048912
0.1
2536837
1048912
0.1
2264210
1048912
0.1
2357314
1048912
0.1
2479283
1048912
0.1
2184428
1048912
0.1
2271708
1048912
0.1
2430051
1048912
0.1
2424146
1048912
0.1
2313442
1048912
0.1
2493397
1048912
0.1
2261314
1048912
0.1
2404721
1048912
0.1
2531045
1048912
0.1
2360210
1048912
0.1
2507877
1048912
0.1
2298852
1048912
0.1
2274346
1048912
0.1
2360210
1048912
0.1
2272898
1048912
0.1
2155137
1048912
0.1
2140657
1048912
0.1
2217450
1048912
0.1
2362404
1048912
0.1
2185569
1048912
0.1
2245386
1048912
0.1
2191003
1048912
0.1
2495539
1048912
0.1
2276052
1048912
0.1
2277242
1048912
0.1
2202538
1048912
0.1
2293428
1048912
0.1
2264468
1048912
0.1
2318427
1048912
0.1
2244196
1048912
0.1
2271450
1048912
0.1
2381547
1048912
0.1
2259866
1048912
0.1
2478563
1048912
0.1
2182266
1048912
0.1
2417065
1048912
0.1
2299220
1048912
0.1
2443010
1048912
0.1
2338058
1048912
0.1
2267364
1048912
0.1
2383190
1048912
0.1
2280138
1048912
0.1
2256253
1048912
0.1
2206374
1048912
0.1
2270260
1048912
0.1
2219705
1048912
0.1
2177713
1048912
0.1
2242490
1048912
0.1
2554213
1048912
0.1
2195298
1048912
0.1
2302116
1048912
0.1
2293428
1048912
0.1
2470595
1048912
0.1
2331076
1048912
0.1
2411227
1048912
0.1
2489747
1048912
0.1
2498835
1048912
0.1
2479991
1048912
0.1
2285123
1048912
0.1
2257228
1048912
0.1
2200756
1048912
0.1
2178636
1048912
0.1
2490800
1048912
0.1
2180818
1048912
0.1
2274346
1048912
0.1
2303564
1048912
0.1
2474602
1048912
0.1
2260124
1048912
0.1
2397475
1048912
0.1
2390882
1048912
0.1
2278948
1048912
0.1
2307908
1048912
0.1
2498835
1048912
0.1
2516186
1048912
0.1
2432947
1048912
0.1
2321323
1048912
0.1
2187466
1048912
0.1
2326732
1048912
0.1
2320682
1048912
0.1
2277500
1048912
0.1
2301051
1048912
0.1
2180818
1048912
0.1
2235250
1048912
0.1
2303953
1048912
0.1
2231289
1048912
0.1
2319965
1048912
0.1
2142105
1048912
0.1
2337341
1048912
0.1
2485403
1048912
0.1
2280138
1048912
0.1
2392403
1048912
0.1
2491859
1048912
0.1
2560005
1048912
0.1
2410487
1048912
0.1
2470671
1048912
0.1
2328180
1048912
0.1
2412344
1048912
0.1
2432947
1048912
0.1
2340954
1048912
0.1
2266299
1048912
0.1
2501331
1048912
0.1
2234185
1048912
0.1
2362938
1048912
0.1
2498435
1048912
0.1
2508571
1048912
0.1
2354244
1048912
0.1
2258801
1048912
0.1
2496987
1048912
0.1
2422091
1048912
0.1
2486523
1048912
0.1
2463242
1048912
0.1
2394579
1048912
0.1
2340954
1048912
0.1
2409323
1048912
0.1
2268554
1048912
0.1
2477835
1048912
0.1
2231289
1048912
0.1
2429230
1048912
0.1
2275684
1048912
0.1
2396390
1048912
0.1
2408000
1048912
0.1
2467699
1048912
0.1
2261572
1048912
0.1
2303306
1048912
0.1
2332698
1048912
0.1
2496203
1048912
0.1
2458645
1048912
0.1
2390618
1048912
0.1
2268554
1048912
0.1
2450340
1048912
0.1
2261314
1048912
0.1
2500283
1048912
0.1
2184570
1048912
0.1
2508571
1048912
0.1
2245435
1048912
0.1
2516565
1048912
0.1
2284740
1048912
0.1
2276435
1048912
0.1
2417019
1048912
0.1
2182266
1048912
0.1
2270260
1048912
0.1
2260124
1048912
0.1
2307908
1048912
0.1
2480238
1048912
0.1
2206931
1048912
0.1
2532493
1048912
0.1
2142819
1048912
0.1
2256970
1048912
0.1
2275794
1048912
0.1
2125716
1048912
0.1
2180818
1048912
0.1
2372482
1048912
0.1
2316770
1048912
0.1
2193258
1048912
0.1
2271450
1048912
0.1
2432491
1048912
0.1
2179370
1048912
0.1
2183804
1048912
0.1
2312252
1048912
0.1
2278948
1048912
0.1
2261314
1048912
0.1
2264851
1048912
0.1
2261572
1048912
0.1
2458674
1048912
0.1
2449603
1048912
0.1
2363106
1048912
0.1
2516565
1048912
0.1
2359827
1048912
0.1
2178636
1048912
0.1
2441635
1048912
0.1
2508571
1048912
0.1
2480365
1048912
0.1
2400371
1048912
0.1
2271450
1048912
0.1
2268554
1048912
0.1
2236956
1048912
0.1
2280138
1048912
0.1
2278690
1048912
0.1
2478163
1048912
0.1
2225372
1048912
0.1
2202538
1048912
0.1
2439447
1048912
0.1
2325409
1048912
0.1
2358330
1048912
0.1
2413302
1048912
0.1
2231289
1048912
0.1
2513315
1048912
0.1
2306460
1048912
0.1
2180818
1048912
0.1
2271450
1048912
0.1
2432317
1048912
0.1
2464820
1048912
0.1
2376771
1048912
0.1
2541181
1048912
0.1
2180818
1048912
0.1
2178636
1048912
0.1
2631459
1048912
0.1
2393778
1048912
0.1
2268554
1048912
0.1
2178636
1048912
0.1
2144267
1048912
0.1
2517259
1048912
0.1
2296707
1048912
0.1
2355434
1048912
0.1
2199816
1048912
0.1
2195298
1048912
0.1
2290985
1048912
0.1
2268554
1048912
0.1
2491949
1048912
0.1
2268554
1048912
0.1
2270260
1048912
0.1
2354250
1048912
0.1
2198194
1048912
0.1
2280138
1048912
0.1
2261572
1048912
0.1
2495939
1048912
0.1
2264941
1048912
0.1
2506339
1048912
0.1
2442726
1048912
0.1
2274346
1048912
0.1
2238404
1048912
0.1
2317069
1048912
0.1
2394579
1048912
0.1
2545824
1048912
0.1
2473491
1048912
0.1
2419848
1048912
0.1
2196746
1048912
0.1
2485403
1048912
0.1
2316770
1048912
0.1
2182980
1048912
0.1
2329628
1048912
0.1
2249992
1048912
0.1
2224397
1048912
0.1
2505675
1048912
0.1
2194282
1048912
0.1
2233802
1048912
0.1
2462917
1048912
0.1
2312252
1048912
0.1
2121372
1048912
0.1
2319234
1048912
0.1
2362932
1048912
0.1
2305012
1048912
0.1
2430881
1048912
0.1
2270002
1048912
0.1
2505835
1048912
0.1
2248665
1048912
0.1
2263856
1048912
0.1
2129787
1048912
0.1
2248555
1048912
0.1
2457107
1048912
0.1
2518707
1048912
0.1
2462618
1048912
0.1
2297993
1048912
0.1
2271450
1048912
0.1
2382975
1048912
0.1
2445744
1048912
0.1
2166721
1048912
0.1
2256163
1048912
0.1
2506812
1048912
0.1
2180084
1048912
0.1
2277242
1048912
0.1
2177922
1048912
0.1
2160929
1048912
0.1
2243938
1048912
0.1
2299220
1048912
0.1
2467362
1048912
0.1
2270260
1048912
0.1
2280138
1048912
0.1
2271708
1048912
0.1
2425634
1048912
0.1
2267106
1048912
0.1
2230494
1048912
0.1
2344970
1048912
0.1
2272181
1048912
0.1
2241042
1048912
0.1
2187466
1048912
0.1
2271450
1048912
0.1
2285930
1048912
0.1
2264210
1048912
0.1
2263493
1048912
0.1
2312252
1048912
0.1
2514363
1048912
0.1
2353986
1048912
0.1
2422355
1048912
0.1
2310546
1048912
0.1
2299220
1048912
0.1
2310804
1048912
0.1
2319492
1048912
0.1
2505370
1048912
0.1
2296324
1048912
0.1
2479283
1048912
0.1
2240235
1048912
0.1
2495777
1048912
0.1
2246863
1048912
0.1
2419584
1048912
0.1
2506339
1048912
0.1
2474483
1048912
0.1
2350965
1048912
0.1
2294876
1048912
0.1
2493026
1048912
0.1
2270260
1048912
0.1
2231289
1048912
0.1
2274604
1048912
0.1
2488963
1048912
0.1
2313442
1048912
0.1
2289467
1048912
0.1
2306202
1048912
0.1
2254805
1048912
0.1
2315148
1048912
0.1
2486523
1048912
0.1
2287636
1048912
0.1
2242748
1048912
0.1
2299603
1048912
0.1
2278948
1048912
0.1
2449986
1048912
0.1
2181532
1048912
0.1
2271708
1048912
0.1
2475267
1048912
0.1
2507877
1048912
0.1
2382995
1048912
0.1
2310804
1048912
0.1
2487971
1048912
0.1
2470595
1048912
0.1
2234060
1048912
0.1
2315531
1048912
0.1
2274604
1048912
0.1
2223924
1048912
0.1
2307908
1048912
0.1
2095894
1048912
0.1
2477498
1048912
0.1
2290532
1048912
0.1
2261572
1048912
0.1
2449603
1048912
0.1
2260960
1048912
0.1
2355483
1048912
0.1
2360210
1048912
0.1
2256970
1048912
0.1
2477098
1048912
0.1
2367450
1048912
0.1
2431043
1048912
0.1
2397475
1048912
0.1
2346775
1048912
0.1
2393851
1048912
0.1
2523715
1048912
0.1
2236956
1048912
0.1
2268554
1048912
0.1
2106506
1048912
0.1
2268554
1048912
0.1
2487251
1048912
0.1
2171042
1048912
0.1
2351731
1048912
0.1
2261955
1048912
0.1
2273156
1048912
0.1
2234185
1048912
0.1
2297897
1048912
0.1
2320940
1048912
0.1
2446031
1048912
0.1
2482179
1048912
0.1
2290532
1048912
0.1
2482507
1048912
0.1
2487898
1048912
0.1
2274346
1048912
0.1
2341685
1048912
0.1
2268554
1048912
0.1
2515811
1048912
0.1
2459722
1048912
0.1
2333972
1048912
0.1
2355434
1048912
0.1
2276052
1048912
0.1
2458898
1048912
0.1
2182980
1048912
0.1
2300088
1048912
0.1
2430051
1048912
0.1
2177188
1048912
0.1
2203986
1048912
0.1
2236956
1048912
0.1
2335162
1048912
0.1
2260124
1048912
0.1
2097342
1048912
0.1
2296324
1048912
0.1
2242748
1048912
0.1
2423803
1048912
0.1
2503916
1048912
0.1
2381547
1048912
0.1
2224049
1048912
0.1
2178636
1048912
0.1
2205483
1048912
0.1
2302116
1048912
0.1
2447090
1048912
0.1
2215236
1048912
0.1
2280521
1048912
0.1
2509325
1048912
0.1
2447090
1048912
0.1
2145001
1048912
0.1
2274346
1048912
0.1
2306460
1048912
0.1
2181532
1048912
0.1
2274346
1048912
0.1
2231289
1048912
0.1
2360210
1048912
0.1
2412675
1048912
0.1
2462989
1048912
0.1
2285930
1048912
0.1
2228393
1048912
0.1
2319124
1048912
0.1
2280138
1048912
0.1
2326732
1048912
0.1
2272091
1048912
0.1
2349900
1048912
0.1
2268554
1048912
0.1
2397475
1048912
0.1
2245276
1048912
0.1
2448765
1048912
0.1
2532493
1048912
0.1
2199642
1048912
