im-aes128-gcm-2048
1000
08/28/18
0.0
2106137
1048912
0.0
2305411
1048912
0.0
2306831
1048912
0.0
2425577
1048912
0.0
2013050
1048912
0.0
2339619
1048912
0.0
2318415
1048912
0.0
2315547
1048912
0.0
2326531
1048912
0.0
2305809
1048912
0.0
2296901
1048912
0.0
2315519
1048912
0.0
2396489
1048912
0.0
2322759
1048912
0.0
2280414
1048912
0.0
2317879
1048912
0.0
2312623
1048912
0.0
2345058
1048912
0.0
2416186
1048912
0.0
2286206
1048912
0.0
2305809
1048912
0.0
2250387
1048912
0.0
2324633
1048912
0.0
2392675
1048912
0.0
2315547
1048912
0.0
2320289
1048912
0.0
2429754
1048912
0.0
2263172
1048912
0.0
2316995
1048912
0.0
2280442
1048912
0.0
2322787
1048912
0.0
2325655
1048912
0.0
2324207
1048912
0.0
2385955
1048912
0.0
2355041
1048912
0.0
2318415
1048912
0.0
2323185
1048912
0.0
2389779
1048912
0.0
2022650
1048912
0.0
2324207
1048912
0.0
2281862
1048912
0.0
2278994
1048912
0.0
2316995
1048912
0.0
2309755
1048912
0.0
2285184
1048912
0.0
2204676
1048912
0.0
2254378
1048912
0.0
2243178
1048912
0.0
2306587
1048912
0.0
2012094
1048912
0.0
2399385
1048912
0.0
2292557
1048912
0.0
2389779
1048912
0.0
2142782
1048912
0.0
2271507
1048912
0.0
2315547
1048912
0.0
2372923
1048912
0.0
2334769
1048912
0.0
2283310
1048912
0.0
2263066
1048912
0.0
2318443
1048912
0.0
2315547
1048912
0.0
2280414
1048912
0.0
2312051
1048912
0.0
2307001
1048912
0.0
2303963
1048912
0.0
2270631
1048912
0.0
2319891
1048912
0.0
2274975
1048912
0.0
2333771
1048912
0.0
2330425
1048912
0.0
2324959
1048912
0.0
2320289
1048912
0.0
2412022
1048912
0.0
2319863
1048912
0.0
2142782
1048912
0.0
2283310
1048912
0.0
2375819
1048912
0.0
2327979
1048912
0.0
2279075
1048912
0.0
2322787
1048912
0.0
2312651
1048912
0.0
2318415
1048912
0.0
2277546
1048912
0.0
2302487
1048912
0.0
2358959
1048912
0.0
2303363
1048912
0.0
2316995
1048912
0.0
2354674
1048912
0.0
2312623
1048912
0.0
2320289
1048912
0.0
2312623
1048912
0.0
2312651
1048912
0.0
2276179
1048912
0.0
2383781
1048912
0.0
2403687
1048912
0.0
2318443
1048912
0.0
2314099
1048912
0.0
2329427
1048912
0.0
2335219
1048912
0.0
1973601
1048912
0.0
2317843
1048912
0.0
2317393
1048912
0.0
2326081
1048912
0.0
2280442
1048912
0.0
2296865
1048912
0.0
2395077
1048912
0.0
2252647
1048912
0.0
2005238
1048912
0.0
2572603
1048912
0.0
2114041
1048912
0.0
2310153
1048912
0.0
2305383
1048912
0.0
1980364
1048912
0.0
2279392
1048912
0.0
2290903
1048912
0.0
2339210
1048912
0.0
2396091
1048912
0.0
2385435
1048912
0.0
2298171
1048912
0.0
2311175
1048912
0.0
2315519
1048912
0.0
2258694
1048912
0.0
2318415
1048912
0.0
2005810
1048912
0.0
2005810
1048912
0.0
1942840
1048912
0.0
2306707
1048912
0.0
2285634
1048912
0.0
2146250
1048912
0.0
2310189
1048912
0.0
2282243
1048912
0.0
2257027
1048912
0.0
2287021
1048912
0.0
2420710
1048912
0.0
2320289
1048912
0.0
2362254
1048912
0.0
2324207
1048912
0.0
2012492
1048912
0.0
2315519
1048912
0.0
2401886
1048912
0.0
2335275
1048912
0.0
2316995
1048912
0.0
2309727
1048912
0.0
2341067
1048912
0.0
2314099
1048912
0.0
2314071
1048912
0.0
2324207
1048912
0.0
2314099
1048912
0.0
2280414
1048912
0.0
2326531
1048912
0.0
2316995
1048912
0.0
2285537
1048912
0.0
2323635
1048912
0.0
2318415
1048912
0.0
2312623
1048912
0.0
2320615
1048912
0.0
2398987
1048912
0.0
2117877
1048912
0.0
2308279
1048912
0.0
2305411
1048912
0.0
2315547
1048912
0.0
2025207
1048912
0.0
2323185
1048912
0.0
2318415
1048912
0.0
2324207
1048912
0.0
2321834
1048912
0.0
2391747
1048912
0.0
2279790
1048912
0.0
2391747
1048912
0.0
2340658
1048912
0.0
2309755
1048912
0.0
2393845
1048912
0.0
2318415
1048912
0.0
2327335
1048912
0.0
2389779
1048912
0.0
2326531
1048912
0.0
2246574
1048912
0.0
2276451
1048912
0.0
2326081
1048912
0.0
2315547
1048912
0.0
2018306
1048912
0.0
2315547
1048912
0.0
2406619
1048912
0.0
2500265
1048912
0.0
2344891
1048912
0.0
2333771
1048912
0.0
2314099
1048912
0.0
2319863
1048912
0.0
2359936
1048912
0.0
2384941
1048912
0.0
2272491
1048912
0.0
2280414
1048912
0.0
2024134
1048912
0.0
2302515
1048912
0.0
2393195
1048912
0.0
2312623
1048912
0.0
2305383
1048912
0.0
2272079
1048912
0.0
2327979
1048912
0.0
2302515
1048912
0.0
2358446
1048912
0.0
2312651
1048912
0.0
2324235
1048912
0.0
2462699
1048912
0.0
2376298
1048912
0.0
2298143
1048912
0.0
1969749
1048912
0.0
2321339
1048912
0.0
2333771
1048912
0.0
2374416
1048912
0.0
2270306
1048912
0.0
2315547
1048912
0.0
2269183
1048912
0.0
2279745
1048912
0.0
2358488
1048912
0.0
2431846
1048912
0.0
2041046
1048912
0.0
2310153
1048912
0.0
2325083
1048912
0.0
2315547
1048912
0.0
2326081
1048912
0.0
2319863
1048912
0.0
2312651
1048912
0.0
2321311
1048912
0.0
2224060
1048912
0.0
2295275
1048912
0.0
2326531
1048912
0.0
2299619
1048912
0.0
2312623
1048912
0.0
2315547
1048912
0.0
2108847
1048912
0.0
2019401
1048912
0.0
2319291
1048912
0.0
2391747
1048912
0.0
2319863
1048912
0.0
2315547
1048912
0.0
2319863
1048912
0.0
2034757
1048912
0.0
2315547
1048912
0.0
2312651
1048912
0.0
2066763
1048912
0.0
2307743
1048912
0.0
2330875
1048912
0.0
2333647
1048912
0.0
2290931
1048912
0.0
2392675
1048912
0.0
2387759
1048912
0.0
2311175
1048912
0.0
2396483
1048912
0.0
2322187
1048912
0.0
2397895
1048912
0.0
2315519
1048912
0.0
2299591
1048912
0.0
2360819
1048912
0.0
2312623
1048912
0.0
2312651
1048912
0.0
2314947
1048912
0.0
2389249
1048912
0.0
2393395
1048912
0.0
2318415
1048912
0.0
2376747
1048912
0.0
2335219
1048912
0.0
2318415
1048912
0.0
2003406
1048912
0.0
2312623
1048912
0.0
2327979
1048912
0.0
2354674
1048912
0.0
2312651
1048912
0.0
2327855
1048912
0.0
2403412
1048912
0.0
2387795
1048912
0.0
2314099
1048912
0.0
2398263
1048912
0.0
2327529
1048912
0.0
2359887
1048912
0.0
2443920
1048912
0.0
2281179
1048912
0.0
2219626
1048912
0.0
2395571
1048912
0.0
2323185
1048912
0.0
2288530
1048912
0.0
2306859
1048912
0.0
2347412
1048912
0.0
2320289
1048912
0.0
2371909
1048912
0.0
2002914
1048912
0.0
2285343
1048912
0.0
2254423
1048912
0.0
2323511
1048912
0.0
2316323
1048912
0.0
2385435
1048912
0.0
2296723
1048912
0.0
2315519
1048912
0.0
2323282
1048912
0.0
2304397
1048912
0.0
2333771
1048912
0.0
2280442
1048912
0.0
2024621
1048912
0.0
2314533
1048912
0.0
2385955
1048912
0.0
2283310
1048912
0.0
2320723
1048912
0.0
2025850
1048912
0.0
2268830
1048912
0.0
2315547
1048912
0.0
2412061
1048912
0.0
2291426
1048912
0.0
2284758
1048912
0.0
2360992
1048912
0.0
2329427
1048912
0.0
2318415
1048912
0.0
2305139
1048912
0.0
2283310
1048912
0.0
2274650
1048912
0.0
2096121
1048912
0.0
2310153
1048912
0.0
2247561
1048912
0.0
2397895
1048912
0.0
2344842
1048912
0.0
2276496
1048912
0.0
2473269
1048912
0.0
2321339
1048912
0.0
2315547
1048912
0.0
2020277
1048912
0.0
2341067
1048912
0.0
2314099
1048912
0.0
2326531
1048912
0.0
2301067
1048912
0.0
2321311
1048912
0.0
1993270
1048912
0.0
2315547
1048912
0.0
2375822
1048912
0.0
2025193
1048912
0.0
2295003
1048912
0.0
2375619
1048912
0.0
2323635
1048912
0.0
2318415
1048912
0.0
2324207
1048912
0.0
2312651
1048912
0.0
2323185
1048912
0.0
2318415
1048912
0.0
1984613
1048912
0.0
2283310
1048912
0.0
2323635
1048912
0.0
2283310
1048912
0.0
2316995
1048912
0.0
2244051
1048912
0.0
2366222
1048912
0.0
2313146
1048912
0.0
2251835
1048912
0.0
2409667
1048912
0.0
2321311
1048912
0.0
2323185
1048912
0.0
2279392
1048912
0.0
2326531
1048912
0.0
1977409
1048912
0.0
2385955
1048912
0.0
2315547
1048912
0.0
2315547
1048912
0.0
2285184
1048912
0.0
2392675
1048912
0.0
2280442
1048912
0.0
2326531
1048912
0.0
2016858
1048912
0.0
2385955
1048912
0.0
2337762
1048912
0.0
2371831
1048912
0.0
1982289
1048912
0.0
2303963
1048912
0.0
2304687
1048912
0.0
2384507
1048912
0.0
2381611
1048912
0.0
2315519
1048912
0.0
2104258
1048912
0.0
2295247
1048912
0.0
2397931
1048912
0.0
2402239
1048912
0.0
2338115
1048912
0.0
2312651
1048912
0.0
2289483
1048912
0.0
2352651
1048912
0.0
2405171
1048912
0.0
2305809
1048912
0.0
2283310
1048912
0.0
2315519
1048912
0.0
2379643
1048912
0.0
2301562
1048912
0.0
2362589
1048912
0.0
2014498
1048912
0.0
2419848
1048912
0.0
2321737
1048912
0.0
2413859
1048912
0.0
2318415
1048912
0.0
2315547
1048912
0.0
2295770
1048912
0.0
2392689
1048912
0.0
2409515
1048912
0.0
2322787
1048912
0.0
2280826
1048912
0.0
2466029
1048912
0.0
2363303
1048912
0.0
2299650
1048912
0.0
2318415
1048912
0.0
2283869
1048912
0.0
2305809
1048912
0.0
2322759
1048912
0.0
2327529
1048912
0.0
2286206
1048912
0.0
2548235
1048912
0.0
2312651
1048912
0.0
2300114
1048912
0.0
2306259
1048912
0.0
2318415
1048912
0.0
2312623
1048912
0.0
2309755
1048912
0.0
2267588
1048912
0.0
2314099
1048912
0.0
2326531
1048912
0.0
2389779
1048912
0.0
2319863
1048912
0.0
2373467
1048912
0.0
1991853
1048912
0.0
2406743
1048912
0.0
2210938
1048912
0.0
2398467
1048912
0.0
2008706
1048912
0.0
2319863
1048912
0.0
2270631
1048912
0.0
2318415
1048912
0.0
2312651
1048912
0.0
2320289
1048912
0.0
2315547
1048912
0.0
2369507
1048912
0.0
2318415
1048912
0.0
2326081
1048912
0.0
2461107
1048912
0.0
2292379
1048912
0.0
2362787
1048912
0.0
2263038
1048912
0.0
2319891
1048912
0.0
2114894
1048912
0.0
2431513
1048912
0.0
2322787
1048912
0.0
2291426
1048912
0.0
2438148
1048912
0.0
2254731
1048912
0.0
2326081
1048912
0.0
2315519
1048912
0.0
2330875
1048912
0.0
2318415
1048912
0.0
2356475
1048912
0.0
2324207
1048912
0.0
2324633
1048912
0.0
2320289
1048912
0.0
2286632
1048912
0.0
2335219
1048912
0.0
2362790
1048912
0.0
2361339
1048912
0.0
2320775
1048912
0.0
2306859
1048912
0.0
2341067
1048912
0.0
2404262
1048912
0.0
2330875
1048912
0.0
2319863
1048912
0.0
2314099
1048912
0.0
2317843
1048912
0.0
2309727
1048912
0.0
2004854
1048912
0.0
2252975
1048912
0.0
2021216
1048912
0.0
2358488
1048912
0.0
2250359
1048912
0.0
2328624
1048912
0.0
2331475
1048912
0.0
2315519
1048912
0.0
2305139
1048912
0.0
2360761
1048912
0.0
2393865
1048912
0.0
2315547
1048912
0.0
2361378
1048912
0.0
2388896
1048912
0.0
2284786
1048912
0.0
2320289
1048912
0.0
2315547
1048912
0.0
2314071
1048912
0.0
2270278
1048912
0.0
2318415
1048912
0.0
2304017
1048912
0.0
2260495
1048912
0.0
2149652
1048912
0.0
2312651
1048912
0.0
2341393
1048912
0.0
2415307
1048912
0.0
2225065
1048912
0.0
2316995
1048912
0.0
2384833
1048912
0.0
2368073
1048912
0.0
2390299
1048912
0.0
2256577
1048912
0.0
2397895
1048912
0.0
2298143
1048912
0.0
2276204
1048912
0.0
2298143
1048912
0.0
2332923
1048912
0.0
2274650
1048912
0.0
2296723
1048912
0.0
2284758
1048912
0.0
2391747
1048912
0.0
2237825
1048912
0.0
2230610
1048912
0.0
2279392
1048912
0.0
2393551
1048912
0.0
2375799
1048912
0.0
2389779
1048912
0.0
2365457
1048912
0.0
2303363
1048912
0.0
2347787
1048912
0.0
2277546
1048912
0.0
2301951
1048912
0.0
2370027
1048912
0.0
2315519
1048912
0.0
2288433
1048912
0.0
2019401
1048912
0.0
2326531
1048912
0.0
2397931
1048912
0.0
2307293
1048912
0.0
2294322
1048912
0.0
2319291
1048912
0.0
2400635
1048912
0.0
2300114
1048912
0.0
2321737
1048912
0.0
2315547
1048912
0.0
2341995
1048912
0.0
2303963
1048912
0.0
2318443
1048912
0.0
2370955
1048912
0.0
1981717
1048912
0.0
2335219
1048912
0.0
2314099
1048912
0.0
2315519
1048912
0.0
2509430
1048912
0.0
2328977
1048912
0.0
2397895
1048912
0.0
2315519
1048912
0.0
2334769
1048912
0.0
2296571
1048912
0.0
2318415
1048912
0.0
2327176
1048912
0.0
2386422
1048912
0.0
2315519
1048912
0.0
2353240
1048912
0.0
2314947
1048912
0.0
2351248
1048912
0.0
2274975
1048912
0.0
2325083
1048912
0.0
2322759
1048912
0.0
2271754
1048912
0.0
2318415
1048912
0.0
2372923
1048912
0.0
2326531
1048912
0.0
2316995
1048912
0.0
2328977
1048912
0.0
2311175
1048912
0.0
2347403
1048912
0.0
2272079
1048912
0.0
2283833
1048912
0.0
2324207
1048912
0.0
2319891
1048912
0.0
2316967
1048912
0.0
2324633
1048912
0.0
2398787
1048912
0.0
2391983
1048912
0.0
2324633
1048912
0.0
2330875
1048912
0.0
2005810
1048912
0.0
2306587
1048912
0.0
2311203
1048912
0.0
2316995
1048912
0.0
2295320
1048912
0.0
2326531
1048912
0.0
2315547
1048912
0.0
2312651
1048912
0.0
2315519
1048912
0.0
2318415
1048912
0.0
2280442
1048912
0.0
2344891
1048912
0.0
2322759
1048912
0.0
2312651
1048912
0.0
2277546
1048912
0.0
2307537
1048912
0.0
2385729
1048912
0.0
2316995
1048912
0.0
2301465
1048912
0.0
2312651
1048912
0.0
2209462
1048912
0.0
2273555
1048912
0.0
2314071
1048912
0.0
2028456
1048912
0.0
2330875
1048912
0.0
2404334
1048912
0.0
2452997
1048912
0.0
2388089
1048912
0.0
2363303
1048912
0.0
2309755
1048912
0.0
1978821
1048912
0.0
2323635
1048912
0.0
2175716
1048912
0.0
2314497
1048912
0.0
2411115
1048912
0.0
2059203
1048912
0.0
2385874
1048912
0.0
2324207
1048912
0.0
2391747
1048912
0.0
2279319
1048912
0.0
2324207
1048912
0.0
2314071
1048912
0.0
2326531
1048912
0.0
2315547
1048912
0.0
2238775
1048912
0.0
2315275
1048912
0.0
2330875
1048912
0.0
2353167
1048912
0.0
2354674
1048912
0.0
2245662
1048912
0.0
2337762
1048912
0.0
2323635
1048912
0.0
2318415
1048912
0.0
2328977
1048912
0.0
2355394
1048912
0.0
2346000
1048912
0.0
2101362
1048912
0.0
2386105
1048912
0.0
2332323
1048912
0.0
1970705
1048912
0.0
2280442
1048912
0.0
2005810
1048912
0.0
2268294
1048912
0.0
2285634
1048912
0.0
2368229
1048912
0.0
2318415
1048912
0.0
2326531
1048912
0.0
2300745
1048912
0.0
2316995
1048912
0.0
2345695
1048912
0.0
2327855
1048912
0.0
2277546
1048912
0.0
2271154
1048912
0.0
2311601
1048912
0.0
2316995
1048912
0.0
1965405
1048912
0.0
2327529
1048912
0.0
2304847
1048912
0.0
2011602
1048912
0.0
2293717
1048912
0.0
2321311
1048912
0.0
2005810
1048912
0.0
2461685
1048912
0.0
2321311
1048912
0.0
2321737
1048912
0.0
2354102
1048912
0.0
2005810
1048912
0.0
2319936
1048912
0.0
2146250
1048912
0.0
2002914
1048912
0.0
2320615
1048912
0.0
2385955
1048912
0.0
2104258
1048912
0.0
2315519
1048912
0.0
2315547
1048912
0.0
2315547
1048912
0.0
2288530
1048912
0.0
2245337
1048912
0.0
2325083
1048912
0.0
2500284
1048912
0.0
2303935
1048912
0.0
2319891
1048912
0.0
2193092
1048912
0.0
2294675
1048912
0.0
2333647
1048912
0.0
2314099
1048912
0.0
2316995
1048912
0.0
2286234
1048912
0.0
1998351
1048912
0.0
2376091
1048912
0.0
2318415
1048912
0.0
2338715
1048912
0.0
2307257
1048912
0.0
2368840
1048912
0.0
2318415
1048912
0.0
2315547
1048912
0.0
2288007
1048912
0.0
2323185
1048912
0.0
2281890
1048912
0.0
2316995
1048912
0.0
2315519
1048912
0.0
2355027
1048912
0.0
2177888
1048912
0.0
2291426
1048912
0.0
2306859
1048912
0.0
2409515
1048912
0.0
2446355
1048912
0.0
2248911
1048912
0.0
2303691
1048912
0.0
2479019
1048912
0.0
2402275
1048912
0.0
2267410
1048912
0.0
2655717
1048912
0.0
2315547
1048912
0.0
2327529
1048912
0.0
2326531
1048912
0.0
2319891
1048912
0.0
2323635
1048912
0.0
2402275
1048912
0.0
2312623
1048912
0.0
2395865
1048912
0.0
2283310
1048912
0.0
2022628
1048912
0.0
2312651
1048912
0.0
2318415
1048912
0.0
2301067
1048912
0.0
2321339
1048912
0.0
2386281
1048912
0.0
2291426
1048912
0.0
2332323
1048912
0.0
2253706
1048912
0.0
2258923
1048912
0.0
2312646
1048912
0.0
2135166
1048912
0.0
2298143
1048912
0.0
2397895
1048912
0.0
2315547
1048912
0.0
2323635
1048912
0.0
2332323
1048912
0.0
2311601
1048912
0.0
2361339
1048912
0.0
2350624
1048912
0.0
2345955
1048912
0.0
2341611
1048912
0.0
2305383
1048912
0.0
2295320
1048912
0.0
2315547
1048912
0.0
1967273
1048912
0.0
2309727
1048912
0.0
2019754
1048912
0.0
2388331
1048912
0.0
2274975
1048912
0.0
2318415
1048912
0.0
2316967
1048912
0.0
2354615
1048912
0.0
2267410
1048912
0.0
2251807
1048912
0.0
2324633
1048912
0.0
2340488
1048912
0.0
2389779
1048912
0.0
2290659
1048912
0.0
2314071
1048912
0.0
2319863
1048912
0.0
2376363
1048912
0.0
2000018
1048912
0.0
2461084
1048912
0.0
2018829
1048912
0.0
2306859
1048912
0.0
2225771
1048912
0.0
2326081
1048912
0.0
2241524
1048912
0.0
2315519
1048912
0.0
2316995
1048912
0.0
2348352
1048912
0.0
2430993
1048912
0.0
2287654
1048912
0.0
2295275
1048912
0.0
2410963
1048912
0.0
2314497
1048912
0.0
2359032
1048912
0.0
2013050
1048912
0.0
2389779
1048912
0.0
2318415
1048912
0.0
2321339
1048912
0.0
2389779
1048912
0.0
2258061
1048912
0.0
2309727
1048912
0.0
2326531
1048912
0.0
2261943
1048912
0.0
2326081
1048912
0.0
2316995
1048912
0.0
2317393
1048912
0.0
2237002
1048912
0.0
2285111
1048912
0.0
2285987
1048912
0.0
2254378
1048912
0.0
2381091
1048912
0.0
2384876
1048912
0.0
2359371
1048912
0.0
2323185
1048912
0.0
2423439
1048912
0.0
2269036
1048912
0.0
2330875
1048912
0.0
2244640
1048912
0.0
2027044
1048912
0.0
2315547
1048912
0.0
2278994
1048912
0.0
2288080
1048912
0.0
2389779
1048912
0.0
2316995
1048912
0.0
2289483
1048912
0.0
2320289
1048912
0.0
2484811
1048912
0.0
2327529
1048912
0.0
2302487
1048912
0.0
2422514
1048912
0.0
2354643
1048912
0.0
2391169
1048912
0.0
2007750
1048912
0.0
2295275
1048912
0.0
2266749
1048912
0.0
2326531
1048912
0.0
2357539
1048912
0.0
2301067
1048912
0.0
2319863
1048912
0.0
2269211
1048912
0.0
2388851
1048912
0.0
2011602
1048912
0.0
2308279
1048912
0.0
2287925
1048912
0.0
2326081
1048912
0.0
2316967
1048912
0.0
2379241
1048912
0.0
2352131
1048912
0.0
2389779
1048912
0.0
2303691
1048912
0.0
2325655
1048912
0.0
2248862
1048912
0.0
2307185
1048912
0.0
2250359
1048912
0.0
2283310
1048912
0.0
2306859
1048912
0.0
2026958
1048912
0.0
2419531
1048912
0.0
2370030
1048912
0.0
2381611
1048912
0.0
2385955
1048912
0.0
2323185
1048912
0.0
2040549
1048912
0.0
2322759
1048912
0.0
2393195
1048912
0.0
2283310
1048912
0.0
1995027
1048912
0.0
2341501
1048912
0.0
2242133
1048912
0.0
2303935
1048912
0.0
2283310
1048912
0.0
2299619
1048912
0.0
2277546
1048912
0.0
2255115
1048912
0.0
2389779
1048912
0.0
2250359
1048912
0.0
2312623
1048912
0.0
2292379
1048912
0.0
2401883
1048912
0.0
2280767
1048912
0.0
2252683
1048912
0.0
1980841
1048912
0.0
2409667
1048912
0.0
2316995
1048912
0.0
2418337
1048912
0.0
2322759
1048912
0.0
2312623
1048912
0.0
2385955
1048912
0.0
2254703
1048912
0.0
2348851
1048912
0.0
2323185
1048912
0.0
2315547
1048912
0.0
2312651
1048912
0.0
2371277
1048912
0.0
2318415
1048912
0.0
2321339
1048912
0.0
2019754
1048912
0.0
2418355
1048912
0.0
2322787
1048912
0.0
2395571
1048912
0.0
2213834
1048912
0.0
2325083
1048912
0.0
2321339
1048912
0.0
2266287
1048912
0.0
2348579
1048912
0.0
1985538
1048912
0.0
2375819
1048912
0.0
2305589
1048912
0.0
2312651
1048912
0.0
2141290
1048912
0.0
2290931
1048912
0.0
1994718
1048912
0.0
2265715
1048912
0.0
2283869
1048912
0.0
2323635
1048912
0.0
2021216
1048912
0.0
2312651
1048912
0.0
2155814
1048912
0.0
2318415
1048912
0.0
2388851
1048912
0.0
2304105
1048912
0.0
2380399
1048912
0.0
2284575
1048912
0.0
2314099
1048912
0.0
2323635
1048912
0.0
2286477
1048912
0.0
2258803
1048912
0.0
2400791
1048912
0.0
2364179
1048912
0.0
2319863
1048912
0.0
2324730
1048912
0.0
2317843
1048912
0.0
2299619
1048912
0.0
2253255
1048912
0.0
2326531
1048912
0.0
2312651
1048912
0.0
2389249
1048912
0.0
2318415
1048912
0.0
2320667
1048912
0.0
2253681
1048912
0.0
2315519
1048912
0.0
2273555
1048912
0.0
2383457
1048912
0.0
2318090
1048912
0.0
2471354
1048912
0.0
2322759
1048912
0.0
2217481
1048912
0.0
2285863
1048912
0.0
2389001
1048912
0.0
2401595
1048912
0.0
2298143
1048912
0.0
2303935
1048912
0.0
2260413
1048912
0.0
2320289
1048912
0.0
2303691
1048912
0.0
2011602
1048912
0.0
2296571
1048912
0.0
2268748
1048912
0.0
2330875
1048912
0.0
2312977
1048912
0.0
2364235
1048912
0.0
2329999
1048912
0.0
2405707
1048912
0.0
2321737
1048912
0.0
2322223
1048912
0.0
2315547
1048912
0.0
2389779
1048912
0.0
2328624
1048912
0.0
2385955
1048912
0.0
2308279
1048912
0.0
2218150
1048912
0.0
2329427
1048912
0.0
2013962
1048912
0.0
2321737
1048912
0.0
2290903
1048912
0.0
2332323
1048912
0.0
2245337
1048912
0.0
2285111
1048912
0.0
2222875
1048912
0.0
2315519
1048912
0.0
2008706
1048912
0.0
2302913
1048912
0.0
2284758
1048912
0.0
2315519
1048912
0.0
2414382
1048912
0.0
2247463
1048912
0.0
2319863
1048912
0.0
2315547
1048912
0.0
2355041
1048912
0.0
2402811
1048912
0.0
2318415
1048912
0.0
2321311
1048912
0.0
2391227
1048912
0.0
2318415
1048912
0.0
2295453
1048912
0.0
2377267
1048912
0.0
2280442
1048912
0.0
2415271
1048912
0.0
2260495
1048912
0.0
1970705
1048912
0.0
2288080
1048912
0.0
2320289
1048912
0.0
2349402
1048912
0.0
2318415
1048912
0.0
2381611
1048912
0.0
2257627
1048912
0.0
2319863
1048912
0.0
2324280
1048912
0.0
2308307
1048912
0.0
2311203
1048912
0.0
2328783
1048912
0.0
2312051
1048912
0.0
2315519
1048912
0.0
2319863
1048912
0.0
2349052
1048912
0.0
2003840
1048912
0.0
2288007
1048912
0.0
2315547
1048912
0.0
2318415
1048912
