im-chacha-poly-127
1000
08/28/18
0.1
1291968
1049128
0.1
1254528
1049128
0.1
1348128
1049128
0.1
1273248
1049128
0.1
1254528
1049128
0.1
1329408
1049128
0.1
1235808
1049128
0.1
1254528
1049128
0.1
1254528
1049128
0.1
1329408
1049128
0.1
1329408
1049128
0.1
1291968
1049128
0.1
1254528
1049128
0.1
1273248
1049128
0.1
1291968
1049128
0.1
1348128
1049128
0.1
1310688
1049128
0.1
1254528
1049128
0.1
1329408
1049128
0.1
1254528
1049128
0.1
1348128
1049128
0.1
1291968
1049128
0.1
1273248
1049128
0.1
1273248
1049128
0.1
1310688
1049128
0.1
1273248
1049128
0.1
1273248
1049128
0.1
1310688
1049128
0.1
1254528
1049128
0.1
1273248
1049128
0.1
1348128
1049128
0.1
1291968
1049128
0.1
1235808
1049128
0.1
1273248
1049128
0.1
1254528
1049128
0.1
1254528
1049128
0.1
1235808
1049128
0.1
1310688
1049128
0.1
1273248
1049128
0.1
2300256
1049128
0.1
1366848
1049128
0.1
1273248
1049128
0.1
1310688
1049128
0.1
1291968
1049128
0.1
1385568
1049128
0.1
1254528
1049128
0.1
1291968
1049128
0.1
1385568
1049128
0.1
1273248
1049128
0.1
1291968
1049128
0.1
1254528
1049128
0.1
1366848
1049128
0.1
1310688
1049128
0.1
1404288
1049128
0.1
1366848
1049128
0.1
1310688
1049128
0.1
1291968
1049128
0.1
1404288
1049128
0.1
1273248
1049128
0.1
1273248
1049128
0.1
1273248
1049128
0.1
1329408
1049128
0.1
1329408
1049128
0.1
1291968
1049128
0.1
1329408
1049128
0.1
1310688
1049128
0.1
1329408
1049128
0.1
1235808
1049128
0.1
1329408
1049128
0.1
1348128
1049128
0.1
1366848
1049128
0.1
1329408
1049128
0.1
1291968
1049128
0.1
1329408
1049128
0.1
1366848
1049128
0.1
1310688
1049128
0.1
1310688
1049128
0.1
1291968
1049128
0.1
1329408
1049128
0.1
1273248
1049128
0.1
1427968
1049128
0.1
1441728
1049128
0.1
1423008
1049128
0.1
1366848
1049128
0.1
1385568
1049128
0.1
1460448
1049128
0.1
1310688
1049128
0.1
1348128
1049128
0.1
1291968
1049128
0.1
1554048
1049128
0.1
1404288
1049128
0.1
1366848
1049128
0.1
1366848
1049128
0.1
1273248
1049128
0.1
1329408
1049128
0.1
1329408
1049128
0.1
1348128
1049128
0.1
1329408
1049128
0.1
1404288
1049128
0.1
1366848
1049128
0.1
1310688
1049128
0.1
1366848
1049128
0.1
1310688
1049128
0.1
1404288
1049128
0.1
1291968
1049128
0.1
1385568
1049128
0.1
1310688
1049128
0.1
1404288
1049128
0.1
1385568
1049128
0.1
1329408
1049128
0.1
1385568
1049128
0.1
1404288
1049128
0.1
1291968
1049128
0.1
1348128
1049128
0.1
1329408
1049128
0.1
1291968
1049128
0.1
1348128
1049128
0.1
1291968
1049128
0.1
1423008
1049128
0.1
1291968
1049128
0.1
1366848
1049128
0.1
1291968
1049128
0.1
1348128
1049128
0.1
1460448
1049128
0.1
1329408
1049128
0.1
1348128
1049128
0.1
1385568
1049128
0.1
1423008
1049128
0.1
1310688
1049128
0.1
1348128
1049128
0.1
1404288
1049128
0.1
1329408
1049128
0.1
1441728
1049128
0.1
1348128
1049128
0.1
1366848
1049128
0.1
1348128
1049128
0.1
1722528
1049128
0.1
1441728
1049128
0.1
1310688
1049128
0.1
1310688
1049128
0.1
1423008
1049128
0.1
1291968
1049128
0.1
1404288
1049128
0.1
1366848
1049128
0.1
1366848
1049128
0.1
1291968
1049128
0.1
1310688
1049128
0.1
1441728
1049128
0.1
1329408
1049128
0.1
1348128
1049128
0.1
1329408
1049128
0.1
1310688
1049128
0.1
1610208
1049128
0.1
1385568
1049128
0.1
1273248
1049128
0.1
1329408
1049128
0.1
1310688
1049128
0.1
1273248
1049128
0.1
1329408
1049128
0.1
1291968
1049128
0.1
1348128
1049128
0.1
1516608
1049128
0.1
1291968
1049128
0.1
1385568
1049128
0.1
1460448
1049128
0.1
1254528
1049128
0.1
1441728
1049128
0.1
1404288
1049128
0.1
1516608
1049128
0.1
1348128
1049128
0.1
1441728
1049128
0.1
1366848
1049128
0.1
1348128
1049128
0.1
1385568
1049128
0.1
1385568
1049128
0.1
1348128
1049128
0.1
1385568
1049128
0.1
1632752
1049128
0.1
1441728
1049128
0.1
1366848
1049128
0.1
1497888
1049128
0.1
1628928
1049128
0.1
1254528
1049128
0.1
1310688
1049128
0.1
1254528
1049128
0.1
1366848
1049128
0.1
1273248
1049128
0.1
1254528
1049128
0.1
1291968
1049128
0.1
1254528
1049128
0.1
1348128
1049128
0.1
1329408
1049128
0.1
1254528
1049128
0.1
1254528
1049128
0.1
1254528
1049128
0.1
1310688
1049128
0.1
1291968
1049128
0.1
1291968
1049128
0.1
1273248
1049128
0.1
1310688
1049128
0.1
1310688
1049128
0.1
1329408
1049128
0.1
1254528
1049128
0.1
1254528
1049128
0.1
1310688
1049128
0.1
1254528
1049128
0.1
1254528
1049128
0.1
1291968
1049128
0.1
1273248
1049128
0.1
1273248
1049128
0.1
1291968
1049128
0.1
1273248
1049128
0.1
1273248
1049128
0.1
1329408
1049128
0.1
1348128
1049128
0.1
1291968
1049128
0.1
1348128
1049128
0.1
1348128
1049128
0.1
1273248
1049128
0.1
1273248
1049128
0.1
1235808
1049128
0.1
1291968
1049128
0.1
1291968
1049128
0.1
1273248
1049128
0.1
1254528
1049128
0.1
3097352
1049128
0.1
1310688
1049128
0.1
1329408
1049128
0.1
1310688
1049128
0.1
1291968
1049128
0.1
1273248
1049128
0.1
1273248
1049128
0.1
1329408
1049128
0.1
1235808
1049128
0.1
1273248
1049128
0.1
1254528
1049128
0.1
1291968
1049128
0.1
1329408
1049128
0.1
1329408
1049128
0.1
1273248
1049128
0.1
1291968
1049128
0.1
1291968
1049128
0.1
1273248
1049128
0.1
1254528
1049128
0.1
1310688
1049128
0.1
1235808
1049128
0.1
1310688
1049128
0.1
1310688
1049128
0.1
1273248
1049128
0.1
1273248
1049128
0.1
1235808
1049128
0.1
3419936
1049128
0.1
1291968
1049128
0.1
1235808
1049128
0.1
1291968
1049128
0.1
1254528
1049128
0.1
1254528
1049128
0.1
1291968
1049128
0.1
1254528
1049128
0.1
1254528
1049128
0.1
3730272
1049128
0.1
1329408
1049128
0.1
1254528
1049128
0.1
1591488
1049128
0.1
1385568
1049128
0.1
1385568
1049128
0.1
1460448
1049128
0.1
1404288
1049128
0.1
1460448
1049128
0.1
1591488
1049128
0.1
1460448
1049128
0.1
1385568
1049128
0.1
4432712
1049128
0.1
1291968
1049128
0.1
1329408
1049128
0.1
1273248
1049128
0.1
1385568
1049128
0.1
1273248
1049128
0.1
1310688
1049128
0.1
1329408
1049128
0.1
1329408
1049128
0.1
1291968
1049128
0.1
1385568
1049128
0.1
1273248
1049128
0.1
1348128
1049128
0.1
1348128
1049128
0.1
1310688
1049128
0.1
1254528
1049128
0.1
1254528
1049128
0.1
1310688
1049128
0.1
1329408
1049128
0.1
1273248
1049128
0.1
1291968
1049128
0.1
1291968
1049128
0.1
1385568
1049128
0.1
1291968
1049128
0.1
1310688
1049128
0.1
1235808
1049128
0.1
1310688
1049128
0.1
1404288
1049128
0.1
1291968
1049128
0.1
1273248
1049128
0.1
2843576
1049128
0.1
1254528
1049128
0.1
1348128
1049128
0.1
1254528
1049128
0.1
1385568
1049128
0.1
1385568
1049128
0.1
1348128
1049128
0.1
1479168
1049128
0.1
1273248
1049128
0.1
1291968
1049128
0.1
1366848
1049128
0.1
1329408
1049128
0.1
1385568
1049128
0.1
1366848
1049128
0.1
1404288
1049128
0.1
1348128
1049128
0.1
1273248
1049128
0.1
1329408
1049128
0.1
1291968
1049128
0.1
1366848
1049128
0.1
1254528
1049128
0.1
1366848
1049128
0.1
1985304
1049128
0.1
1310688
1049128
0.1
1441728
1049128
0.1
1460448
1049128
0.1
1348128
1049128
0.1
1479168
1049128
0.1
1348128
1049128
0.1
1329408
1049128
0.1
1366848
1049128
0.1
1610208
1049128
0.1
1291968
1049128
0.1
1310688
1049128
0.1
1310688
1049128
0.1
1348128
1049128
0.1
1348128
1049128
0.1
1329408
1049128
0.1
1366848
1049128
0.1
1348128
1049128
0.1
1310688
1049128
0.1
1310688
1049128
0.1
1329408
1049128
0.1
1404288
1049128
0.1
1441728
1049128
0.1
1329408
1049128
0.1
1385568
1049128
0.1
1366848
1049128
0.1
1516608
1049128
0.1
1329408
1049128
0.1
1310688
1049128
0.1
1366848
1049128
0.1
1366848
1049128
0.1
1404288
1049128
0.1
1310688
1049128
0.1
1479168
1049128
0.1
1273248
1049128
0.1
1291968
1049128
0.1
1310688
1049128
0.1
1423008
1049128
0.1
4085224
1049128
0.1
1329408
1049128
0.1
1291968
1049128
0.1
1273248
1049128
0.1
1254528
1049128
0.1
1235808
1049128
0.1
1329408
1049128
0.1
1310688
1049128
0.1
1366848
1049128
0.1
1366848
1049128
0.1
1254528
1049128
0.1
1291968
1049128
0.1
1235808
1049128
0.1
1310688
1049128
0.1
1291968
1049128
0.1
1254528
1049128
0.1
1273248
1049128
0.1
1254528
1049128
0.1
1329408
1049128
0.1
1385568
1049128
0.1
1329408
1049128
0.1
1385568
1049128
0.1
1310688
1049128
0.1
1273248
1049128
0.1
1254528
1049128
0.1
1310688
1049128
0.1
1273248
1049128
0.1
1254528
1049128
0.1
1273248
1049128
0.1
1273248
1049128
0.1
1385568
1049128
0.1
1273248
1049128
0.1
1310688
1049128
0.1
1273248
1049128
0.1
1273248
1049128
0.1
1254528
1049128
0.1
1273248
1049128
0.1
1291968
1049128
0.1
1336848
1049128
0.1
1254528
1049128
0.1
1385568
1049128
0.1
1273248
1049128
0.1
1291968
1049128
0.1
1273248
1049128
0.1
1291968
1049128
0.1
1254528
1049128
0.1
1291968
1049128
0.1
1235808
1049128
0.1
1254528
1049128
0.1
1254528
1049128
0.1
1254528
1049128
0.3
1254528
1049128
0.1
1235808
1049128
0.1
1235808
1049128
0.1
1254528
1049128
0.1
1235808
1049128
0.1
1235808
1049128
0.1
1235808
1049128
0.1
1254528
1049128
0.1
1235808
1049128
0.1
1291968
1049128
0.1
1235808
1049128
0.1
1235808
1049128
0.1
1235808
1049128
0.1
1235808
1049128
0.1
1273248
1049128
0.1
1235808
1049128
0.1
1329408
1049128
0.1
1273248
1049128
0.1
1235808
1049128
0.1
1291968
1049128
0.1
1254528
1049128
0.1
1235808
1049128
0.1
1235808
1049128
0.1
1254528
1049128
0.1
1235808
1049128
0.1
1310688
1049128
0.1
1254528
1049128
0.1
1273248
1049128
0.1
1235808
1049128
0.1
1235808
1049128
0.1
1235808
1049128
0.1
1273248
1049128
0.1
1235808
1049128
0.1
1235808
1049128
0.1
1235808
1049128
0.1
1235808
1049128
0.1
1235808
1049128
0.1
1235808
1049128
0.1
1235808
1049128
0.1
1273248
1049128
0.1
1235808
1049128
0.1
1235808
1049128
0.1
1291968
1049128
0.1
1235808
1049128
0.1
1235808
1049128
0.1
1235808
1049128
0.1
1235808
1049128
0.1
1235808
1049128
0.1
1235808
1049128
0.1
1254528
1049128
0.1
1254528
1049128
0.1
1254528
1049128
0.1
1310688
1049128
0.1
1273248
1049128
0.1
1235808
1049128
0.1
1254528
1049128
0.1
1329408
1049128
0.1
1235808
1049128
0.1
1273248
1049128
0.1
1235808
1049128
0.1
1235808
1049128
0.1
1291968
1049128
0.1
1235808
1049128
0.1
1235808
1049128
0.1
1235808
1049128
0.1
1273248
1049128
0.1
1254528
1049128
0.1
1329408
1049128
0.1
1273248
1049128
0.1
1273248
1049128
0.1
1273248
1049128
0.1
1235808
1049128
0.1
1235808
1049128
0.1
1254528
1049128
0.1
1235808
1049128
0.1
1310688
1049128
0.1
1310688
1049128
0.1
1235808
1049128
0.1
1310688
1049128
0.1
1273248
1049128
0.1
1235808
1049128
0.1
1235808
1049128
0.1
1254528
1049128
0.1
1273248
1049128
0.1
1235808
1049128
0.1
1291968
1049128
0.1
1235808
1049128
0.1
1235808
1049128
0.1
1273248
1049128
0.1
1291968
1049128
0.1
1291968
1049128
0.1
1310688
1049128
0.1
1291968
1049128
0.1
1310688
1049128
0.1
1254528
1049128
0.1
1254528
1049128
0.1
1254528
1049128
0.1
1254528
1049128
0.1
1235808
1049128
0.1
1366848
1049128
0.1
1235808
1049128
0.1
1235808
1049128
0.1
1254528
1049128
0.1
1235808
1049128
0.1
1235808
1049128
0.1
1254528
1049128
0.1
1235808
1049128
0.1
1291968
1049128
0.1
3278744
1049128
0.1
1273248
1049128
0.1
1235808
1049128
0.1
1348128
1049128
0.1
1254528
1049128
0.1
1273248
1049128
0.1
1254528
1049128
0.1
1310688
1049128
0.1
1254528
1049128
0.1
1291968
1049128
0.1
1291968
1049128
0.1
4059872
1049096
0.1
1310688
1049128
0.1
1254528
1049128
0.1
4639864
1048944
0.1
1254528
1049128
0.1
1235808
1049128
0.1
1291968
1049128
0.1
1291968
1049128
0.1
1235808
1049128
0.1
1273248
1049128
0.1
1310688
1049128
0.1
1404288
1049128
0.1
1423008
1049128
0.1
1348128
1049128
0.1
1404288
1049128
0.1
1479168
1049128
0.1
1366848
1049128
0.1
1385568
1049128
0.1
1366848
1049128
0.1
1479168
1049128
0.1
1984608
1049128
0.1
1235808
1049128
0.1
1273248
1049128
0.1
1310688
1049128
0.1
1291968
1049128
0.1
1254528
1049128
0.1
1310688
1049128
0.1
1273248
1049128
0.1
1291968
1049128
0.1
1329408
1049128
0.1
1366848
1049128
0.1
1235808
1049128
0.1
1329408
1049128
0.1
1329408
1049128
0.1
1254528
1049128
0.1
1310688
1049128
0.1
1291968
1049128
0.1
1310688
1049128
0.1
1291968
1049128
0.1
1366848
1049128
0.1
1423008
1049128
0.1
1273248
1049128
0.1
1348128
1049128
0.1
1310688
1049128
0.1
1385568
1049128
0.1
1329408
1049128
0.1
1348128
1049128
0.1
1348128
1049128
0.1
1273248
1049128
0.1
1366848
1049128
0.1
1404288
1049128
0.1
1348128
1049128
0.1
1291968
1049128
0.1
1329408
1049128
0.1
1385568
1049128
0.1
1273248
1049128
0.1
1254528
1049128
0.1
1310688
1049128
0.1
1329408
1049128
0.1
1404288
1049128
0.1
3623888
1049128
0.1
1291968
1049128
0.1
1404288
1049128
0.1
3048664
1049048
0.1
1647648
1049128
0.1
1329408
1049128
0.1
1254528
1049128
0.1
1329408
1049128
0.1
1366848
1049128
0.1
1366848
1049128
0.1
1385568
1049128
0.1
1329408
1049128
0.1
1273248
1049128
0.1
1366848
1049128
0.1
1310688
1049128
0.1
4245912
1049104
0.1
1366848
1049128
0.1
1348128
1049128
0.1
1329408
1049128
0.1
1291968
1049128
0.1
1291968
1049128
0.1
1291968
1049128
0.1
1423008
1049128
0.1
1273248
1049128
0.1
1329408
1049128
0.1
1254528
1049128
0.1
1329408
1049128
0.1
1366848
1049128
0.1
1254528
1049128
0.1
1385568
1049128
0.1
1273248
1049128
0.1
1291968
1049128
0.1
1348128
1049128
0.1
1348128
1049128
0.1
1273248
1049128
0.1
1348128
1049128
0.1
1291968
1049128
0.1
1404288
1049128
0.1
1310688
1049128
0.1
1348128
1049128
0.1
1329408
1049128
0.1
1348128
1049128
0.1
1348128
1049128
0.1
1329408
1049128
0.1
1310688
1049128
0.1
1404288
1049128
0.1
2302848
1049128
0.1
1348128
1049128
0.1
1310688
1049128
0.1
1291968
1049128
0.1
1310688
1049128
0.1
1235808
1049128
0.1
1254528
1049128
0.1
1366848
1049128
0.1
1385568
1049128
0.1
1366848
1049128
0.1
1348128
1049128
0.1
1291968
1049128
0.1
1291968
1049128
0.1
1254528
1049128
0.1
1273248
1049128
0.1
1273248
1049128
0.1
1291968
1049128
0.1
1291968
1049128
0.1
1348128
1049128
0.1
1423008
1049128
0.1
1310688
1049128
0.1
1273248
1049128
0.1
1273248
1049128
0.1
1291968
1049128
0.1
1273248
1049128
0.1
1273248
1049128
0.1
1291968
1049128
0.1
1291968
1049128
0.1
1254528
1049128
0.1
1310688
1049128
0.1
1254528
1049128
0.1
1310688
1049128
0.1
1291968
1049128
0.1
1329408
1049128
0.1
1291968
1049128
0.1
1778688
1049128
0.1
1366848
1049128
0.1
1310688
1049128
0.1
1366848
1049128
0.1
1497888
1049128
0.1
1348128
1049128
0.1
1385568
1049128
0.1
1329408
1049128
0.1
1385568
1049128
0.1
1310688
1049128
0.1
1329408
1049128
0.1
1441728
1049128
0.1
1329408
1049128
0.1
1348128
1049128
0.1
1404288
1049128
0.1
1441728
1049128
0.1
1329408
1049128
0.1
1310688
1049128
0.1
1385568
1049128
0.1
1310688
1049128
0.1
1348128
1049128
0.1
1404288
1049128
0.1
1310688
1049128
0.1
1348128
1049128
0.1
1366848
1049128
0.1
1329408
1049128
0.1
1423008
1049128
0.1
1273248
1049128
0.1
1366848
1049128
0.1
1460448
1049128
0.1
1348128
1049128
0.1
1291968
1049128
0.1
1366848
1049128
0.1
1348128
1049128
0.1
1329408
1049128
0.1
1516608
1049128
0.1
1348128
1049128
0.1
1348128
1049128
0.1
1329408
1049128
0.1
1385568
1049128
0.1
1273248
1049128
0.1
1329408
1049128
0.1
1348128
1049128
0.1
3758376
1049128
0.1
1348128
1049128
0.1
1310688
1049128
0.1
1310688
1049128
0.1
1291968
1049128
0.1
1348128
1049128
0.1
1310688
1049128
0.1
1385568
1049128
0.1
1329408
1049128
0.1
1366848
1049128
0.1
1329408
1049128
0.1
3380448
1049128
0.1
1254528
1049128
0.1
1366848
1049128
0.1
1329408
1049128
0.1
1385568
1049128
0.1
1273248
1049128
0.1
1273248
1049128
0.1
1235808
1049128
0.1
1348128
1049128
0.1
1254528
1049128
0.1
1254528
1049128
0.1
1273248
1049128
0.1
1291968
1049128
0.1
1254528
1049128
0.1
1329408
1049128
0.1
1235808
1049128
0.1
1348128
1049128
0.1
1254528
1049128
0.1
1291968
1049128
0.1
1348128
1049128
0.1
1310688
1049128
0.1
1310688
1049128
0.1
1273248
1049128
0.1
1348128
1049128
0.1
1273248
1049128
0.1
1348128
1049128
0.1
1254528
1049128
0.1
1273248
1049128
0.1
1273248
1049128
0.1
1291968
1049128
0.1
1273248
1049128
0.1
1310688
1049128
0.1
1310688
1049128
0.1
1235808
1049128
0.1
1273248
1049128
0.1
1310688
1049128
0.1
1273248
1049128
0.1
1310688
1049128
0.1
1310688
1049128
0.1
1273248
1049128
0.1
1535328
1049128
0.1
1291968
1049128
0.1
1273248
1049128
0.1
1385568
1049128
0.1
1348128
1049128
0.1
1366848
1049128
0.1
1348128
1049128
0.1
1348128
1049128
0.1
1235808
1049128
0.1
1254528
1049128
0.1
1310688
1049128
0.1
1273248
1049128
0.1
1348128
1049128
0.1
1273248
1049128
0.1
1254528
1049128
0.1
1348128
1049128
0.1
1329408
1049128
0.1
1291968
1049128
0.1
1273248
1049128
0.1
1254528
1049128
0.1
1273248
1049128
0.1
3833064
1049128
0.1
1273248
1049128
0.1
1329408
1049128
0.1
1441728
1049128
0.1
1273248
1049128
0.1
1254528
1049128
0.1
1254528
1049128
0.1
1291968
1049128
0.1
1310688
1049128
0.1
1291968
1049128
0.1
1273248
1049128
0.1
1329408
1049128
0.1
1348128
1049128
0.1
1254528
1049128
0.1
1273248
1049128
0.1
1273248
1049128
0.1
1235808
1049128
0.1
1366848
1049128
0.1
1254528
1049128
0.1
1310688
1049128
0.1
1291968
1049128
0.1
1254528
1049128
0.1
1348128
1049128
0.1
1366848
1049128
0.1
1366848
1049128
0.1
1348128
1049128
0.1
1273248
1049128
0.1
1348128
1049128
0.1
1348128
1049128
0.1
1385568
1049128
0.1
1254528
1049128
0.1
1291968
1049128
0.1
1329408
1049128
0.1
1291968
1049128
0.1
1273248
1049128
0.1
1273248
1049128
0.1
1291968
1049128
0.1
1423008
1049128
0.1
1273248
1049128
0.1
1385568
1049128
0.1
1310688
1049128
0.1
1291968
1049128
0.1
1254528
1049128
0.1
1273248
1049128
0.1
1329408
1049128
0.1
1366848
1049128
0.1
1291968
1049128
0.1
1291968
1049128
0.1
1273248
1049128
0.1
1329408
1049128
0.1
1291968
1049128
0.1
1524048
1049128
0.1
1385568
1049128
0.1
1516608
1049128
0.1
1366848
1049128
0.1
1348128
1049128
0.1
1460448
1049128
0.1
1460448
1049128
0.1
1647648
1049128
0.1
1423008
1049128
0.1
1591488
1049128
0.1
1460448
1049128
0.1
1310688
1049128
0.1
1310688
1049128
0.1
1423008
1049128
0.1
1366848
1049128
0.1
1366848
1049128
0.1
1516608
1049128
0.1
1310688
1049128
0.1
1385568
1049128
0.1
1348128
1049128
0.1
1254528
1049128
0.1
4139712
1049128
0.1
1348128
1049128
0.1
1291968
1049128
0.1
1348128
1049128
0.1
1310688
1049128
0.1
1310688
1049128
0.1
1348128
1049128
0.1
1273248
1049128
0.1
1404288
1049128
0.1
1254528
1049128
0.1
1329408
1049128
0.1
1385568
1049128
0.1
1254528
1049128
0.1
2490048
1049128
0.1
1348128
1049128
0.1
1348128
1049128
0.1
1310688
1049128
0.1
1366848
1049128
0.1
1554048
1049128
0.1
1348128
1049128
0.1
1273248
1049128
0.1
1273248
1049128
0.1
1329408
1049128
0.1
1254528
1049128
0.1
1366848
1049128
0.1
4054944
1049072
0.1
3917936
1049128
0.1
3495304
1049032
0.1
4024928
1049040
0.1
1366848
1049128
0.1
1310688
1049128
0.1
1291968
1049128
0.1
1310688
1049128
0.1
1329408
1049128
0.1
1423008
1049128
0.1
1310688
1049128
0.1
1441728
1049128
0.1
1572768
1049128
0.1
1291968
1049128
0.1
1385568
1049128
0.1
1329408
1049128
0.1
1273248
1049128
0.1
1479168
1049128
0.1
1348128
1049128
0.1
1404288
1049128
0.1
1329408
1049128
0.1
1329408
1049128
0.1
3951312
1049056
0.1
1291968
1049128
0.1
1310688
1049128
0.1
1310688
1049128
0.1
1759968
1049128
0.1
1329408
1049128
0.1
1273248
1049128
0.1
1329408
1049128
0.1
1329408
1049128
0.1
1273248
1049128
0.1
1329408
1049128
0.1
1310688
1049128
0.1
1366848
1049128
0.1
1348128
1049128
0.1
1404288
1049128
0.1
1310688
1049128
0.1
1310688
1049128
0.1
1965888
1049128
0.1
1254528
1049128
0.1
1423008
1049128
0.1
1348128
1049128
0.1
1404288
1049128
0.1
1329408
1049128
0.1
1535328
1049128
0.1
1329408
1049128
0.1
1348128
1049128
0.1
1291968
1049128
0.1
1385568
1049128
0.1
4240704
1049128
0.1
1254528
1049128
0.1
1291968
1049128
0.1
1273248
1049128
0.1
1273248
1049128
0.1
1254528
1049128
0.1
1273248
1049128
0.1
1348128
1049128
0.1
1310688
1049128
0.1
1254528
1049128
0.1
1254528
1049128
0.1
1329408
1049128
0.1
1254528
1049128
0.1
1254528
1049128
0.1
1310688
1049128
0.1
1291968
1049128
0.1
1273248
1049128
0.1
1273248
1049128
0.1
1291968
1049128
0.1
1235808
1049128
0.1
1366848
1049128
0.1
1254528
1049128
0.1
1329408
1049128
0.1
1235808
1049128
0.1
1310688
1049128
0.1
1254528
1049128
0.1
1273248
1049128
0.1
1348128
1049128
0.1
4529800
1049128
0.1
1254528
1049128
0.1
1404288
1049128
0.1
1273248
1049128
0.1
1329408
1049128
0.1
1254528
1049128
0.1
1366848
1049128
0.1
1273248
1049128
0.1
1366848
1049128
0.1
1254528
1049128
0.1
1329408
1049128
0.1
1291968
1049128
0.1
1366848
1049128
0.1
1310688
1049128
0.1
1353296
1049128
0.1
1404288
1049128
0.1
1291968
1049128
0.1
1254528
1049128
0.1
1291968
1049128
0.1
1273248
1049128
0.1
1254528
1049128
0.1
1291968
1049128
0.1
1310688
1049128
0.1
1254528
1049128
0.1
1348128
1049128
0.1
1385568
1049128
0.1
1310688
1049128
0.1
1366848
1049128
0.1
1348128
1049128
0.1
1348128
1049128
0.1
1385568
1049128
0.1
1273248
1049128
0.1
1329408
1049128
0.1
1235808
1049128
0.1
1366848
1049128
0.1
1310688
1049128
0.1
1348128
1049128
