aes128-cbc+hmac-sha1
1000
08/28/18
0.1
2172848
1048912
0.1
2299796
1048912
0.1
2164404
1048912
0.1
2115544
1048912
0.1
2199908
1048912
0.1
2149812
1048912
0.1
2078724
1048912
0.1
2357748
1048912
0.1
2133692
1048912
0.1
2058944
1048912
0.1
2075484
1048912
0.1
2145276
1048912
0.1
2011400
1048912
0.1
2127000
1048912
0.1
2147876
1048912
0.1
2229812
1048912
0.1
2176168
1048912
0.1
2091524
1048912
0.1
2100100
1048912
0.1
2115248
1048912
0.1
2293072
1048912
0.1
2065944
1048912
0.1
2138712
1048912
0.1
2073844
1048912
0.1
2163808
1048912
0.1
2189200
1048912
0.1
2178640
1048912
0.1
2161992
1048912
0.1
2274700
1048912
0.1
1969644
1048912
0.1
2187100
1048912
0.1
2264884
1048912
0.1
2018884
1048912
0.1
2115056
1048912
0.1
2055564
1048912
0.1
2309000
1048912
0.1
2108596
1048912
0.1
2229356
1048912
0.1
2194900
1048912
0.1
2036488
1048912
0.1
2006076
1048912
0.1
2145336
1048912
0.1
2115056
1048912
0.1
2232156
1048912
0.1
1987028
1048912
0.1
2270388
1048912
0.1
2142864
1048912
0.1
2184372
1048912
0.1
2108596
1048912
0.1
2037468
1048912
0.1
2220480
1048912
0.1
2198948
1048912
0.1
2197796
1048912
0.1
2284480
1048912
0.1
2347904
1048912
0.1
2200980
1048912
0.1
2034568
1048912
0.1
2100872
1048912
0.1
2079636
1048912
0.1
2221144
1048912
0.1
2153668
1048912
0.1
2148364
1048912
0.1
2157164
1048912
0.1
2244612
1048912
0.1
2162244
1048912
0.1
2263624
1048912
0.1
2077404
1048912
0.1
2101060
1048912
0.1
2049420
1048912
0.1
2151256
1048912
0.1
1989924
1048912
0.1
2147512
1048912
0.1
2145940
1048912
0.1
2063900
1048912
0.1
2098640
1048912
0.1
2154024
1048912
0.1
2350508
1048912
0.1
2271160
1048912
0.1
2270360
1048912
0.1
2137132
1048912
0.1
1955876
1048912
0.1
2126936
1048912
0.1
2094116
1048912
0.1
2236408
1048912
0.1
2141416
1048912
0.1
2023468
1048912
0.1
2207604
1048912
0.1
2112940
1048912
0.1
2138036
1048912
0.1
2113488
1048912
0.1
2097596
1048912
0.1
2240752
1048912
0.1
2299320
1048912
0.1
2267588
1048912
0.1
2144852
1048912
0.1
2125004
1048912
0.1
2126936
1048912
0.1
2130136
1048912
0.1
2148364
1048912
0.1
2116504
1048912
0.1
2180704
1048912
0.1
2105036
1048912
0.1
2313316
1048912
0.1
2109864
1048912
0.1
2118440
1048912
0.1
2117464
1048912
0.1
2082112
1048912
0.1
2151256
1048912
0.1
2158308
1048912
0.1
2168508
1048912
0.1
2073068
1048912
0.1
2185340
1048912
0.1
2143888
1048912
0.1
2155600
1048912
0.1
2112940
1048912
0.1
2031908
1048912
0.1
2411540
1048912
0.1
2253300
1048912
0.1
2196632
1048912
0.1
2097076
1048912
0.1
2145760
1048912
0.1
2277620
1048912
0.1
2123076
1048912
0.1
2153664
1048912
0.1
2141416
1048912
0.1
2254748
1048912
0.1
2106664
1048912
0.1
2066796
1048912
0.1
1867544
1048912
0.1
2035288
1048912
0.1
2098280
1048912
0.1
2102320
1048912
0.1
2073844
1048912
0.1
2166228
1048912
0.1
2232064
1048912
0.1
2121144
1048912
0.1
2147208
1048912
0.1
2325892
1048912
0.1
2126936
1048912
0.1
2456112
1048912
0.1
2132728
1048912
0.1
2073844
1048912
0.1
2311896
1048912
0.1
2132792
1048912
0.1
2257568
1048912
0.1
2154752
1048912
0.1
2029984
1048912
0.1
2131584
1048912
0.1
2263844
1048912
0.1
2182988
1048912
0.1
2154028
1048912
0.1
2317300
1048912
0.1
2284480
1048912
0.1
4449164
1048912
0.1
2517600
1048912
0.1
2083560
1048912
0.1
2129536
1048912
0.1
2253468
1048912
0.1
2103964
1048912
0.1
2306792
1048912
0.1
2018640
1048912
0.1
2262472
1048912
0.1
2151552
1048912
0.1
2118440
1048912
0.1
2124040
1048912
0.1
1971340
1048912
0.1
2156380
1048912
0.1
2133692
1048912
0.1
2119888
1048912
0.1
2240752
1048912
0.1
2028776
1048912
0.1
2004644
1048912
0.1
2106664
1048912
0.1
2190648
1048912
0.1
2197292
1048912
0.1
2181064
1048912
0.1
2247992
1048912
0.1
2128092
1048912
0.1
2008748
1048912
0.1
2206764
1048912
0.1
2141416
1048912
0.1
2141120
1048912
0.1
2278592
1048912
0.1
2126936
1048912
0.1
2142864
1048912
0.1
2065156
1048912
0.1
2082724
1048912
0.1
2191808
1048912
0.1
2219320
1048912
0.1
2199244
1048912
0.1
2140160
1048912
0.1
2282936
1048912
0.1
2257644
1048912
0.1
2237948
1048912
0.1
2313924
1048912
0.1
2130796
1048912
0.1
2223376
1048912
0.1
2242488
1048912
0.1
2250592
1048912
0.1
2165252
1048912
0.1
2172852
1048912
0.1
2145580
1048912
0.1
2242200
1048912
0.1
2209380
1048912
0.1
2097976
1048912
0.1
2029440
1048912
0.1
2316516
1048912
0.1
2155128
1048912
0.1
2203384
1048912
0.1
2119696
1048912
0.1
2102804
1048912
0.1
2171532
1048912
0.1
2286764
1048912
0.1
2186500
1048912
0.1
2257324
1048912
0.1
2270104
1048912
0.1
2198568
1048912
0.1
2135816
1048912
0.1
2052668
1048912
0.1
2216136
1048912
0.1
2106664
1048912
0.1
2241524
1048912
0.1
2092860
1048912
0.1
2245096
1048912
0.1
2333132
1048912
0.1
2124524
1048912
0.1
2078492
1048912
0.1
2089352
1048912
0.1
2153484
1048912
0.1
2115544
1048912
0.1
2230904
1048912
0.1
2243836
1048912
0.1
2030216
1048912
0.1
2157828
1048912
0.1
2320096
1048912
0.1
2210988
1048912
0.1
2281100
1048912
0.1
2245256
1048912
0.1
2212188
1048912
0.1
2159948
1048912
0.1
2233512
1048912
0.1
2080420
1048912
0.1
1959936
1048912
0.1
2152708
1048912
0.1
2151612
1048912
0.1
2065156
1048912
0.1
2074876
1048912
0.1
2232692
1048912
0.1
2116384
1048912
0.1
2135316
1048912
0.1
2118440
1048912
0.1
2175684
1048912
0.1
2203260
1048912
0.1
2126936
1048912
0.1
2112160
1048912
0.1
2221448
1048912
0.1
2061356
1048912
0.1
2102868
1048912
0.1
2140996
1048912
0.1
2251660
1048912
0.1
2139484
1048912
0.1
2170076
1048912
0.1
1987028
1048912
0.1
2226272
1048912
0.1
2091704
1048912
0.1
2106664
1048912
0.1
2091220
1048912
0.1
2021296
1048912
0.1
2106664
1048912
0.1
2070948
1048912
0.1
2293768
1048912
0.1
2095384
1048912
0.1
2180576
1048912
0.1
2132728
1048912
0.1
2194992
1048912
0.1
2072880
1048912
0.1
2088324
1048912
0.1
2174428
1048912
0.1
2261024
1048912
0.1
2166336
1048912
0.1
2153536
1048912
0.1
2186304
1048912
0.1
2147876
1048912
0.1
2285928
1048912
0.1
2284480
1048912
0.1
2112456
1048912
0.1
2087068
1048912
0.1
2299824
1048912
0.1
2165252
1048912
0.1
2060224
1048912
0.1
2109864
1048912
0.1
2117104
1048912
0.1
2158024
1048912
0.1
2292684
1048912
0.1
2162652
1048912
0.1
2252728
1048912
0.1
2098460
1048912
0.1
2024192
1048912
0.1
1974964
1048912
0.1
2099728
1048912
0.1
2115544
1048912
0.1
2306580
1048912
0.1
2037464
1048912
0.1
2073844
1048912
0.1
1942616
1048912
0.1
2227404
1048912
0.1
2235444
1048912
0.1
2228204
1048912
0.1
2133692
1048912
0.1
2108288
1048912
0.1
2109560
1048912
0.1
1986544
1048912
0.1
2082724
1048912
0.1
2196440
1048912
0.1
2171532
1048912
0.1
2262760
1048912
0.1
2190648
1048912
0.1
2070528
1048912
0.1
2286288
1048912
0.1
2211780
1048912
0.1
2135688
1048912
0.1
2126936
1048912
0.1
2115056
1048912
0.1
2135928
1048912
0.1
2137376
1048912
0.1
2111200
1048912
0.1
2100872
1048912
0.1
2084524
1048912
0.1
2289500
1048912
0.1
2168148
1048912
0.1
2245020
1048912
0.1
2156860
1048912
0.1
2089964
1048912
0.1
2148364
1048912
0.1
2101548
1048912
0.1
2285640
1048912
0.1
2120000
1048912
0.1
2258128
1048912
0.1
1932616
1048912
0.1
2140632
1048912
0.1
2106664
1048912
0.1
2052664
1048912
0.1
2163816
1048912
0.1
2185520
1048912
0.1
2145760
1048912
0.1
2251048
1048912
0.1
2116800
1048912
0.1
2233212
1048912
0.1
2100100
1048912
0.1
2150296
1048912
0.1
2284480
1048912
0.1
2301856
1048912
0.1
2088512
1048912
0.1
2137264
1048912
0.1
2254748
1048912
0.1
2261024
1048912
0.1
2162652
1048912
0.1
2274056
1048912
0.1
2122296
1048912
0.1
2256196
1048912
0.1
2218356
1048912
0.1
2078188
1048912
0.1
2246544
1048912
0.1
2141608
1048912
0.1
2284384
1048912
0.1
2133120
1048912
0.1
2111976
1048912
0.1
2178580
1048912
0.1
2068052
1048912
0.1
2317300
1048912
0.1
2225112
1048912
0.1
2210044
1048912
0.1
2276952
1048912
0.1
2077276
1048912
0.1
2193544
1048912
0.1
2180028
1048912
0.1
2165740
1048912
0.1
2354820
1048912
0.1
2261024
1048912
0.1
2133404
1048912
0.1
2023228
1048912
0.1
2103288
1048912
0.1
2106664
1048912
0.1
2246544
1048912
0.1
2301084
1048912
0.1
2126936
1048912
0.1
2259724
1048912
0.1
2183408
1048912
0.1
2084524
1048912
0.1
2196440
1048912
0.1
2148844
1048912
0.1
2286044
1048912
0.1
2226364
1048912
0.1
2157164
1048912
0.1
2135328
1048912
0.1
2236596
1048912
0.1
2088516
1048912
0.1
2174552
1048912
0.1
2199908
1048912
0.1
2144312
1048912
0.1
2173272
1048912
0.1
2203104
1048912
0.1
2297412
1048912
0.1
2294616
1048912
0.1
2163136
1048912
0.1
2226424
1048912
0.1
1908092
1048912
0.1
2225488
1048912
0.1
2170428
1048912
0.1
2263920
1048912
0.1
2106856
1048912
0.1
2212276
1048912
0.1
2321348
1048912
0.1
2068052
1048912
0.1
2234756
1048912
0.1
2133516
1048912
0.1
2229564
1048912
0.1
2148364
1048912
0.1
2125680
1048912
0.1
2148836
1048912
0.1
2159096
1048912
0.1
2277916
1048912
0.1
2114388
1048912
0.1
2270844
1048912
0.1
2119760
1048912
0.1
2106664
1048912
0.1
2289984
1048912
0.1
2238520
1048912
0.1
2063900
1048912
0.1
2325692
1048912
0.1
2132304
1048912
0.1
2289500
1048912
0.1
2145468
1048912
0.1
2166996
1048912
0.1
2163620
1048912
0.1
2076080
1048912
0.1
2162172
1048912
0.1
2246468
1048912
0.1
2065156
1048912
0.1
2142084
1048912
0.1
2080900
1048912
0.1
2133692
1048912
0.1
2139484
1048912
0.1
1927420
1048912
0.1
2115544
1048912
0.1
2134176
1048912
0.1
2141952
1048912
0.1
2133032
1048912
0.1
2142572
1048912
0.1
2259576
1048912
0.1
2197796
1048912
0.1
2281584
1048912
0.1
2291432
1048912
0.1
2028540
1048912
0.1
2162368
1048912
0.1
2148364
1048912
0.1
2247028
1048912
0.1
2139484
1048912
0.1
2241640
1048912
0.1
2292872
1048912
0.1
2142864
1048912
0.1
2106664
1048912
0.1
2138344
1048912
0.1
2153668
1048912
0.1
2110236
1048912
0.1
2251660
1048912
0.1
2228008
1048912
0.1
2199336
1048912
0.1
2175988
1048912
0.1
2282932
1048912
0.1
2014296
1048912
0.1
2124344
1048912
0.1
2073844
1048912
0.1
2139484
1048912
0.1
2110348
1048912
0.1
2126640
1048912
0.1
2101176
1048912
0.1
2185820
1048912
0.1
2120848
1048912
0.1
2249728
1048912
0.1
2043488
1048912
0.1
2170440
1048912
0.1
2138824
1048912
0.1
2076932
1048912
0.1
2178772
1048912
0.1
2159756
1048912
0.1
2135816
1048912
0.1
2031192
1048912
0.1
2084524
1048912
0.1
2223376
1048912
0.1
2050004
1048912
0.1
2317200
1048912
0.1
2151552
1048912
0.1
2106664
1048912
0.1
2073844
1048912
0.1
2126516
1048912
0.1
2250404
1048912
0.1
2306200
1048912
0.1
2153000
1048912
0.1
2338924
1048912
0.1
2125680
1048912
0.1
1935860
1048912
0.1
2299636
1048912
0.1
2237948
1048912
0.1
2309772
1048912
0.1
2212276
1048912
0.1
2099424
1048912
0.1
2260524
1048912
0.1
2092972
1048912
0.1
2076932
1048912
0.1
2106664
1048912
0.1
2166516
1048912
0.1
2147876
1048912
0.1
2288696
1048912
0.1
2044952
1048912
0.1
2133892
1048912
0.1
2207932
1048912
0.1
2222324
1048912
0.1
2245256
1048912
0.1
2162360
1048912
0.1
2129900
1048912
0.1
2142568
1048912
0.1
2260828
1048912
0.1
2277356
1048912
0.1
2267300
1048912
0.1
2200692
1048912
0.1
2211312
1048912
0.1
2243648
1048912
0.1
2258288
1048912
0.1
2064864
1048912
0.1
2201812
1048912
0.1
2259016
1048912
0.1
2156564
1048912
0.1
2269228
1048912
0.1
2108300
1048912
0.1
2106664
1048912
0.1
2133692
1048912
0.1
2257644
1048912
0.1
2139484
1048912
0.1
2195180
1048912
0.1
2097976
1048912
0.1
2106664
1048912
0.1
2239492
1048912
0.1
2134176
1048912
0.1
1980512
1048912
0.1
2307360
1048912
0.1
2110044
1048912
0.1
2063900
1048912
0.1
2073844
1048912
0.1
2217584
1048912
0.1
2149444
1048912
0.1
2142864
1048912
0.1
2170860
1048912
0.1
2099004
1048912
0.1
2068052
1048912
0.1
2050744
1048912
0.1
2147876
1048912
0.1
2196636
1048912
0.1
2029744
1048912
0.1
2259092
1048912
0.1
2043016
1048912
0.1
2108304
1048912
0.1
2147872
1048912
0.1
2254428
1048912
0.1
2217024
1048912
0.1
2106244
1048912
0.1
2373644
1048912
0.1
2102996
1048912
0.1
2147876
1048912
0.1
2149812
1048912
0.1
1949800
1048912
0.1
2252524
1048912
0.1
2115836
1048912
0.1
2263596
1048912
0.1
2261312
1048912
0.1
2214688
1048912
0.1
2304752
1048912
0.1
2098460
1048912
0.1
2270380
1048912
0.1
2154024
1048912
0.1
2311508
1048912
0.1
2128920
1048912
0.1
2064728
1048912
0.1
2061352
1048912
0.1
1923780
1048912
0.1
2062080
1048912
0.1
2221056
1048912
0.1
2238340
1048912
0.1
1854772
1048912
0.1
2081276
1048912
0.1
2153964
1048912
0.1
2171044
1048912
0.1
2141416
1048912
0.1
2018396
1048912
0.1
2153484
1048912
0.1
2045080
1048912
0.1
2073180
1048912
0.1
2150772
1048912
0.1
2259864
1048912
0.1
2232064
1048912
0.1
2217252
1048912
0.1
2212436
1048912
0.1
2162652
1048912
0.1
2283032
1048912
0.1
2067388
1048912
0.1
2251048
1048912
0.1
2153788
1048912
0.1
2149620
1048912
0.1
2141796
1048912
0.1
2110224
1048912
0.1
2145580
1048912
0.1
2116032
1048912
0.1
2178580
1048912
0.1
2320196
1048912
0.1
2285156
1048912
0.1
2298832
1048912
0.1
2238144
1048912
0.1
2151132
1048912
0.1
2140452
1048912
0.1
2145760
1048912
0.1
2112940
1048912
0.1
2052180
1048912
0.1
2250572
1048912
0.1
2062076
1048912
0.1
2162652
1048912
0.1
2188416
1048912
0.1
2320584
1048912
0.1
2079636
1048912
0.1
2252728
1048912
0.1
2153668
1048912
0.1
2232224
1048912
0.1
2115836
1048912
0.1
2169468
1048912
0.1
2160632
1048912
0.1
2164100
1048912
0.1
2068924
1048912
0.1
2142572
1048912
0.1
2160128
1048912
0.1
2187660
1048912
0.1
2178580
1048912
0.1
2135328
1048912
0.1
2140636
1048912
0.1
2245384
1048912
0.1
2151256
1048912
0.1
2089772
1048912
0.1
2168824
1048912
0.1
2150104
1048912
0.1
2186212
1048912
0.1
2268552
1048912
0.1
2070768
1048912
0.1
2000188
1048912
0.1
2337284
1048912
0.1
2180708
1048912
0.1
2175684
1048912
0.1
2259864
1048912
0.1
2199336
1048912
0.1
2141416
1048912
0.1
2295580
1048912
0.1
2149324
1048912
0.1
2227812
1048912
0.1
2052668
1048912
0.1
2278688
1048912
0.1
2327340
1048912
0.1
2150892
1048912
0.1
2135624
1048912
0.1
2259764
1048912
0.1
2177616
1048912
0.1
2147876
1048912
0.1
2286996
1048912
0.1
2275020
1048912
0.1
2100872
1048912
0.1
2095384
1048912
0.1
2148364
1048912
0.1
2213884
1048912
0.1
2211716
1048912
0.1
2051832
1048912
0.1
2036260
1048912
0.1
2179732
1048912
0.1
2155604
1048912
0.1
2273572
1048912
0.1
2094660
1048912
0.1
2136108
1048912
0.1
2333892
1048912
0.1
2097976
1048912
0.1
2084036
1048912
0.1
2331684
1048912
0.1
2215332
1048912
0.1
2279524
1048912
0.1
2161508
1048912
0.1
2151856
1048912
0.1
2196440
1048912
0.1
2033604
1048912
0.1
2155604
1048912
0.1
2167576
1048912
0.1
2274732
1048912
0.1
2052668
1048912
0.1
2111200
1048912
0.1
2077284
1048912
0.1
2126936
1048912
0.1
2214116
1048912
0.1
2296424
1048912
0.1
2238988
1048912
0.1
2314792
1048912
0.1
2096104
1048912
0.1
2170680
1048912
0.1
2204644
1048912
0.1
2112456
1048912
0.1
2209668
1048912
0.1
2147400
1048912
0.1
2165864
1048912
0.1
2183712
1048912
0.1
2155604
1048912
0.1
2284480
1048912
0.1
2125004
1048912
0.1
2220572
1048912
0.1
2216228
1048912
0.1
2111008
1048912
0.1
2111008
1048912
0.1
2251660
1048912
0.1
2285928
1048912
0.1
2203500
1048912
0.1
2197236
1048912
0.1
2010436
1048912
0.1
2263912
1048912
0.1
2142684
1048912
0.1
2203868
1048912
0.1
2095384
1048912
0.1
2092184
1048912
0.1
2279076
1048912
0.1
2231504
1048912
0.1
2268652
1048912
0.1
2236596
1048912
0.1
2116140
1048912
0.1
2150408
1048912
0.1
2245256
1048912
0.1
2094420
1048912
0.1
2149324
1048912
0.1
2146424
1048912
0.1
2073904
1048912
0.1
2318748
1048912
0.1
2052668
1048912
0.1
2178772
1048912
0.1
2105700
1048912
0.1
2025152
1048912
0.1
2224824
1048912
0.1
2148364
1048912
0.1
2208988
1048912
0.1
2234664
1048912
0.1
2232352
1048912
0.1
2066188
1048912
0.1
2135816
1048912
0.1
2097680
1048912
0.1
2172504
1048912
0.1
2243648
1048912
0.1
2234664
1048912
0.1
2070164
1048912
0.1
2244796
1048912
0.1
2139484
1048912
0.1
2302724
1048912
0.1
2111072
1048912
0.1
2123380
1048912
0.1
2313344
1048912
0.1
2312956
1048912
0.1
2168444
1048912
0.1
1974720
1048912
0.1
2214780
1048912
0.1
2242192
1048912
0.1
2073844
1048912
0.1
2126936
1048912
0.1
2193544
1048912
0.1
2043500
1048912
0.1
2227812
1048912
0.1
2078188
1048912
0.1
2266332
1048912
0.1
2190556
1048912
0.1
2306072
1048912
0.1
2061356
1048912
0.1
2203384
1048912
0.1
2308004
1048912
0.1
2039880
1048912
0.1
2104252
1048912
0.1
2112456
1048912
0.1
2155604
1048912
0.1
2064192
1048912
0.1
2259016
1048912
0.1
2049712
1048912
0.1
2181960
1048912
0.1
2227160
1048912
0.1
2129536
1048912
0.1
2150104
1048912
0.1
2280136
1048912
0.1
2139484
1048912
0.1
2118440
1048912
0.1
2095564
1048912
0.1
2006820
1048912
0.1
2002948
1048912
0.1
2106244
1048912
0.1
2143044
1048912
0.1
2183408
1048912
0.1
2027024
1048912
0.1
2017676
1048912
0.1
2228008
1048912
0.1
2085732
1048912
0.1
2175684
1048912
0.1
2147208
1048912
0.1
2163620
1048912
0.1
1979528
1048912
0.1
2162716
1048912
0.1
1990400
1048912
0.1
2059908
1048912
0.1
1980756
1048912
0.1
2162652
1048912
0.1
2160724
1048912
0.1
2164288
1048912
0.1
2128384
1048912
0.1
2064496
1048912
0.1
2130796
1048912
0.1
2255900
1048912
0.1
2073844
1048912
0.1
2173272
1048912
0.1
2111008
1048912
0.1
2140272
1048912
0.1
2253784
1048912
0.1
2119888
1048912
0.1
2232344
1048912
0.1
2125680
1048912
0.1
2237180
1048912
0.1
2175988
1048912
0.1
2251176
1048912
0.1
2199396
1048912
0.1
2038432
1048912
0.1
2213332
1048912
0.1
2115352
1048912
0.1
2099004
1048912
0.1
2190648
1048912
0.1
2283868
1048912
0.1
2325024
1048912
0.1
2083980
1048912
0.1
2144980
1048912
0.1
2296740
1048912
0.1
2278688
1048912
0.1
2264884
1048912
0.1
2145276
1048912
0.1
2177616
1048912
0.1
2264884
1048912
0.1
2278688
1048912
0.1
2132728
1048912
0.1
2313344
1048912
0.1
1841772
1048912
0.1
2240752
1048912
0.1
2144504
1048912
0.1
2117284
1048912
0.1
2318620
1048912
0.1
2149812
1048912
0.1
2295460
1048912
0.1
2180512
1048912
0.1
2237664
1048912
0.1
2151552
1048912
0.1
2168148
1048912
0.1
2202140
1048912
0.1
2122656
1048912
0.1
2091764
1048912
0.1
2162172
1048912
0.1
2019124
1048912
0.1
2104556
1048912
0.1
2132432
1048912
0.1
2284480
1048912
0.1
2134176
1048912
0.1
2232064
1048912
0.1
2132920
1048912
0.1
2105700
1048912
0.1
2059904
1048912
0.1
2317300
1048912
0.1
2040120
1048912
0.1
2275020
1048912
0.1
2040360
1048912
0.1
2159756
1048912
0.1
2121928
1048912
0.1
2100872
1048912
0.1
2049512
1048912
0.1
2115544
1048912
0.1
2049424
1048912
0.1
2237948
1048912
0.1
2078188
1048912
0.1
2175872
1048912
0.1
2236408
1048912
0.1
2135328
1048912
0.1
2275988
1048912
0.1
2099616
1048912
0.1
2146064
1048912
0.1
2150104
1048912
0.1
2240940
1048912
0.1
2073844
1048912
0.1
2132728
1048912
0.1
2312956
1048912
0.1
2296424
1048912
0.1
2062564
1048912
0.1
2110348
1048912
0.1
2292684
1048912
0.1
2206288
1048912
0.1
2106968
1048912
0.1
2001748
1048912
0.1
2452084
1048912
0.1
2145460
1048912
0.1
2323576
1048912
0.1
2166568
1048912
0.1
2261312
1048912
0.1
2148364
1048912
0.1
2300524
1048912
0.1
2022744
1048912
0.1
2142864
1048912
0.1
2138520
1048912
0.1
2241996
1048912
0.1
2232352
1048912
0.1
2263920
1048912
0.1
2071140
1048912
0.1
2197948
1048912
0.1
2290176
1048912
0.1
2284480
1048912
0.1
2116504
1048912
0.1
2113132
1048912
0.1
2265560
1048912
0.1
2316936
1048912
0.1
2020808
1048912
0.1
2265368
1048912
0.1
2168148
1048912
0.1
2147876
1048912
0.1
2225112
1048912
0.1
2149812
1048912
0.1
2111312
1048912
0.1
2366628
1048912
0.1
2227812
1048912
0.1
1977616
1048912
0.1
2097556
1048912
0.1
2097976
1048912
0.1
2106856
1048912
0.1
2219708
1048912
0.1
2141416
1048912
0.1
2139188
1048912
0.1
2233512
1048912
0.1
2052668
1048912
0.1
2135324
1048912
0.1
2284480
1048912
0.1
2262276
1048912
0.1
2206644
1048912
0.1
2013332
1048912
0.1
2203588
1048912
0.1
2147876
1048912
0.1
2110712
1048912
0.1
2079828
1048912
0.1
2333588
1048912
0.1
2239396
1048912
0.1
2082532
1048912
0.1
2035232
1048912
0.1
2043984
1048912
0.1
2072944
1048912
0.1
2081276
1048912
0.1
2132920
1048912
0.1
2115544
1048912
0.1
2118440
1048912
0.1
2057496
1048912
0.1
2188304
1048912
0.1
2297416
1048912
0.1
2064484
1048912
0.1
2105700
1048912
0.1
2128576
1048912
0.1
2259092
1048912
0.1
2156088
1048912
0.1
2192292
1048912
0.1
2073844
1048912
0.1
2312956
1048912
0.1
2065156
1048912
0.1
2277916
1048912
0.1
2051704
1048912
0.1
2189752
1048912
0.1
2143168
1048912
0.1
2109264
1048912
0.1
2029984
1048912
0.1
2241236
1048912
0.1
2314276
1048912
0.1
2214780
1048912
0.1
2135200
1048912
0.1
2063288
1048912
0.1
2038184
1048912
0.1
2065944
1048912
0.1
2180216
1048912
0.1
1977132
1048912
0.1
2202140
1048912
0.1
2225596
1048912
0.1
2266016
1048912
0.1
2135816
1048912
0.1
2175876
1048912
0.1
2275664
1048912
0.1
2219124
1048912
0.1
2001508
1048912
0.1
2100872
1048912
0.1
2080188
1048912
0.1
2142572
1048912
0.1
2179548
1048912
0.1
2317300
1048912
