aes128-ctr+hmac-sha1
1000
08/28/18
0.1
2269388
1048912
0.1
2232064
1048912
0.1
2112456
1048912
0.1
2056288
1048912
0.1
2051220
1048912
0.1
2297900
1048912
0.1
2101924
1048912
0.1
2129892
1048912
0.1
2178580
1048912
0.1
2057500
1048912
0.1
2076440
1048912
0.1
2142572
1048912
0.1
1952760
1048912
0.1
2042052
1048912
0.1
2106728
1048912
0.1
2167660
1048912
0.1
2151612
1048912
0.1
1975436
1048912
0.1
2149620
1048912
0.1
2159756
1048912
0.1
2315756
1048912
0.1
2156860
1048912
0.1
2259500
1048912
0.1
2054116
1048912
0.1
2268668
1048912
0.1
2115056
1048912
0.1
2146784
1048912
0.1
2282904
1048912
0.1
2112164
1048912
0.1
2013576
1048912
0.1
2094420
1048912
0.1
2142864
1048912
0.1
2268668
1048912
0.1
2066016
1048912
0.1
2064092
1048912
0.1
2060628
1048912
0.1
2278884
1048912
0.1
2271448
1048912
0.1
2200784
1048912
0.1
2108300
1048912
0.1
2126936
1048912
0.1
2043976
1048912
0.1
2281584
1048912
0.1
2243816
1048912
0.1
2114932
1048912
0.1
2139484
1048912
0.1
2121336
1048912
0.1
2097976
1048912
0.1
2106664
1048912
0.1
2154752
1048912
0.1
1995716
1048912
0.1
2106368
1048912
0.3
3149008
1048912
0.1
1980756
1048912
0.1
2142380
1048912
0.1
2281456
1048912
0.1
2103348
1048912
0.1
2076804
1048912
0.1
2145464
1048912
0.1
2073844
1048912
0.1
2134480
1048912
0.1
2103832
1048912
0.1
2206644
1048912
0.1
2178580
1048912
0.1
2268668
1048912
0.1
2166212
1048912
0.1
2217392
1048912
0.1
2153964
1048912
0.1
2126936
1048912
0.1
2115056
1048912
0.1
2173576
1048912
0.1
2236332
1048912
0.1
2278076
1048912
0.1
2078732
1048912
0.1
2161752
1048912
0.1
2223376
1048912
0.1
2139484
1048912
0.1
2259864
1048912
0.1
2291592
1048912
0.1
2153484
1048912
0.1
2111552
1048912
0.1
2280008
1048912
0.1
2251048
1048912
0.1
2113724
1048912
0.1
2264884
1048912
0.1
2139484
1048912
0.1
2108900
1048912
0.1
2264208
1048912
0.1
2093936
1048912
0.1
2186304
1048912
0.1
2118440
1048912
0.1
2090804
1048912
0.1
2312352
1048912
0.1
2210008
1048912
0.1
2076076
1048912
0.1
2146300
1048912
0.1
2225488
1048912
0.1
2280812
1048912
0.1
2150772
1048912
0.1
2139484
1048912
0.1
2230616
1048912
0.1
2168020
1048912
0.1
2198192
1048912
0.1
2164404
1048912
0.1
2544756
1048912
0.1
2148360
1048912
0.1
2135688
1048912
0.1
2092184
1048912
0.1
2025156
1048912
0.1
2186304
1048912
0.1
2122412
1048912
0.1
2090800
1048912
0.1
2155000
1048912
0.1
2190648
1048912
0.1
2076560
1048912
0.1
2129832
1048912
0.1
2105988
1048912
0.1
2221724
1048912
0.1
2315724
1048912
0.1
2246832
1048912
0.1
2317300
1048912
0.1
2091768
1048912
0.1
2258772
1048912
0.1
2199876
1048912
0.1
2245580
1048912
0.1
2304140
1048912
0.1
2106856
1048912
0.1
2154028
1048912
0.1
2139484
1048912
0.1
2114208
1048912
0.1
2076556
1048912
0.1
2259736
1048912
0.1
2261988
1048912
0.1
2070656
1048912
0.1
2085004
1048912
0.1
2265528
1048912
0.1
2253224
1048912
0.1
2263436
1048912
0.1
2268668
1048912
0.1
2105284
1048912
0.1
2146788
1048912
0.1
2251176
1048912
0.1
2087420
1048912
0.1
2155604
1048912
0.1
2130136
1048912
0.1
2124828
1048912
0.1
2092248
1048912
0.1
2055212
1048912
0.1
2113480
1048912
0.1
2344716
1048912
0.1
2311508
1048912
0.1
2139196
1048912
0.1
2139484
1048912
0.1
2277600
1048912
0.1
2114928
1048912
0.1
2204948
1048912
0.1
2148172
1048912
0.1
2189740
1048912
0.1
2281488
1048912
0.1
2149812
1048912
0.1
2313316
1048912
0.1
2134480
1048912
0.1
2165124
1048912
0.1
2243648
1048912
0.1
2079636
1048912
0.1
2259576
1048912
0.1
2040360
1048912
0.1
2168636
1048912
0.1
2154752
1048912
0.1
2219124
1048912
0.1
2212436
1048912
0.1
2220480
1048912
0.1
2245256
1048912
0.1
2162368
1048912
0.1
2343364
1048912
0.1
2252336
1048912
0.1
2012608
1048912
0.1
2045912
1048912
0.1
2151128
1048912
0.1
2056952
1048912
0.1
2076060
1048912
0.1
2088512
1048912
0.1
2141416
1048912
0.1
2182748
1048912
0.1
2146300
1048912
0.1
2335032
1048912
0.1
2031672
1048912
0.1
2026128
1048912
0.1
2285800
1048912
0.1
2154156
1048912
0.1
2256968
1048912
0.1
2184560
1048912
0.1
2027812
1048912
0.1
1973992
1048912
0.1
2253944
1048912
0.1
2124344
1048912
0.1
2149680
1048912
0.1
2112156
1048912
0.1
2116864
1048912
0.1
2285928
1048912
0.1
2102864
1048912
0.1
2142380
1048912
0.1
2040360
1048912
0.1
2147876
1048912
0.1
2260700
1048912
0.1
2124040
1048912
0.1
2252040
1048912
0.1
1994204
1048912
0.1
2065156
1048912
0.1
2352412
1048912
0.1
2083016
1048912
0.1
2001512
1048912
0.1
2250084
1048912
0.1
2098044
1048912
0.1
2208988
1048912
0.1
2091764
1048912
0.1
2073424
1048912
0.1
2067632
1048912
0.1
2105520
1048912
0.1
2124040
1048912
0.1
2123612
1048912
0.1
2189020
1048912
0.1
1936824
1048912
0.1
2237180
1048912
0.1
2064736
1048912
0.1
2121932
1048912
0.1
2131584
1048912
0.1
2040604
1048912
0.1
2108416
1048912
0.1
2152516
1048912
0.1
2105880
1048912
0.1
2283136
1048912
0.1
2080660
1048912
0.1
2123380
1048912
0.1
2143168
1048912
0.1
1832312
1048912
0.1
2096720
1048912
0.1
2139676
1048912
0.1
2139484
1048912
0.1
2183712
1048912
0.1
2100872
1048912
0.1
2162356
1048912
0.1
2219608
1048912
0.1
2254748
1048912
0.1
2286288
1048912
0.1
2219124
1048912
0.1
2253784
1048912
0.1
2283388
1048912
0.1
2062564
1048912
0.1
2019848
1048912
0.1
2124040
1048912
0.1
2171644
1048912
0.1
2280812
1048912
0.1
2285800
1048912
0.1
2102384
1048912
0.1
2334576
1048912
0.1
2062076
1048912
0.1
2186124
1048912
0.1
2078672
1048912
0.1
2062564
1048912
0.1
2114096
1048912
0.1
2257812
1048912
0.1
2213036
1048912
0.1
2284480
1048912
0.1
2282548
1048912
0.1
2117104
1048912
0.1
2017924
1048912
0.1
2024192
1048912
0.1
2152216
1048912
0.1
2225104
1048912
0.1
2193544
1048912
0.1
2250404
1048912
0.1
2234156
1048912
0.1
2153192
1048912
0.1
2065156
1048912
0.1
2335032
1048912
0.1
2177920
1048912
0.1
2205196
1048912
0.1
2148360
1048912
0.1
2067388
1048912
0.1
2107336
1048912
0.1
2329368
1048912
0.1
2251776
1048912
0.1
2145276
1048912
0.1
1988476
1048912
0.1
2277916
1048912
0.1
2095868
1048912
0.1
2262276
1048912
0.1
2065156
1048912
0.1
2212188
1048912
0.1
1955896
1048912
0.1
2226272
1048912
0.1
2138036
1048912
0.1
2222324
1048912
0.1
2074388
1048912
0.1
2219032
1048912
0.1
2321760
1048912
0.1
2197120
1048912
0.1
2108288
1048912
0.1
2306104
1048912
0.1
1916972
1048912
0.1
2290176
1048912
0.1
2102388
1048912
0.1
2275020
1048912
0.1
2119696
1048912
0.1
1938260
1048912
0.1
2249108
1048912
0.1
2142568
1048912
0.1
2052668
1048912
0.1
2097316
1048912
0.1
2292872
1048912
0.1
2279288
1048912
0.1
2259252
1048912
0.1
2174428
1048912
0.1
2095868
1048912
0.1
2104252
1048912
0.1
2174772
1048912
0.1
2094116
1048912
0.1
2093452
1048912
0.1
2135816
1048912
0.1
2195660
1048912
0.1
2273012
1048912
0.1
2100872
1048912
0.1
2269872
1048912
0.1
2273256
1048912
0.1
2309940
1048912
0.1
2130496
1048912
0.1
2115544
1048912
0.1
2168148
1048912
0.1
2337452
1048912
0.1
2303660
1048912
0.1
2259968
1048912
0.1
2017192
1048912
0.1
2318620
1048912
0.1
2016692
1048912
0.1
2077044
1048912
0.1
2034568
1048912
0.1
2280496
1048912
0.1
2279076
1048912
0.1
2287968
1048912
0.1
2068596
1048912
0.1
2132432
1048912
0.1
2145340
1048912
0.1
2067372
1048912
0.1
2291720
1048912
0.1
2064468
1048912
0.1
2129172
1048912
0.1
2298088
1048912
0.1
2057012
1048912
0.1
2106664
1048912
0.1
2256196
1048912
0.1
2051220
1048912
0.1
2278076
1048912
0.1
2224020
1048912
0.1
2226916
1048912
0.1
2064192
1048912
0.1
2259092
1048912
0.1
2106004
1048912
0.1
2245256
1048912
0.1
2148848
1048912
0.1
2206284
1048912
0.1
2135200
1048912
0.1
2105280
1048912
0.1
2279552
1048912
0.1
2179260
1048912
0.1
2134240
1048912
0.1
2250212
1048912
0.1
2147876
1048912
0.1
2138520
1048912
0.1
2031916
1048912
0.1
2246256
1048912
0.1
2101900
1048912
0.1
2118440
1048912
0.1
1987028
1048912
0.1
2117476
1048912
0.1
2172492
1048912
0.1
2282420
1048912
0.1
2072700
1048912
0.1
2000300
1048912
0.1
2078008
1048912
0.1
2190356
1048912
0.1
2112164
1048912
0.1
2057000
1048912
0.1
2111320
1048912
0.1
2149812
1048912
0.1
2254072
1048912
0.1
2177132
1048912
0.1
2001748
1048912
0.1
2074872
1048912
0.1
2011884
1048912
0.1
2179732
1048912
0.1
2267460
1048912
0.1
2247992
1048912
0.1
2114928
1048912
0.1
2071976
1048912
0.1
2186500
1048912
0.1
2109748
1048912
0.1
2124344
1048912
0.1
2282904
1048912
0.1
2212436
1048912
0.1
2112940
1048912
0.1
2111796
1048912
0.1
2252740
1048912
0.1
2223468
1048912
0.1
2244780
1048912
0.1
2108300
1048912
0.1
2128204
1048912
0.1
2121144
1048912
0.1
2027572
1048912
0.1
2098764
1048912
0.1
2236560
1048912
0.1
2152580
1048912
0.1
2018884
1048912
0.1
2088628
1048912
0.1
2115056
1048912
0.1
2071976
1048912
0.1
2136648
1048912
0.1
2193120
1048912
0.1
2240548
1048912
0.1
2261312
1048912
0.1
2106664
1048912
0.1
2229812
1048912
0.1
2037228
1048912
0.1
2143660
1048912
0.1
2282184
1048912
0.1
2250592
1048912
0.1
2263436
1048912
0.1
2082236
1048912
0.1
2205036
1048912
0.1
2308516
1048912
0.1
2254188
1048912
0.1
2175744
1048912
0.1
2247696
1048912
0.1
2139484
1048912
0.1
2143828
1048912
0.1
2255232
1048912
0.1
2198084
1048912
0.1
2117824
1048912
0.1
2254748
1048912
0.1
2162968
1048912
0.1
2232156
1048912
0.1
2038912
1048912
0.1
2082724
1048912
0.1
2034568
1048912
0.1
2162356
1048912
0.1
2175204
1048912
0.1
2245256
1048912
0.1
2250980
1048912
0.1
2215172
1048912
0.1
2115056
1048912
0.1
2106004
1048912
0.1
2077044
1048912
0.1
2157228
1048912
0.1
2181052
1048912
0.1
2130136
1048912
0.1
2145276
1048912
0.1
2277348
1048912
0.1
2114208
1048912
0.1
2273276
1048912
0.1
2079636
1048912
0.1
2110044
1048912
0.1
2147876
1048912
0.1
2212072
1048912
0.1
2284480
1048912
0.1
2058944
1048912
0.1
2153668
1048912
0.1
2115056
1048912
0.1
2300120
1048912
0.1
2266036
1048912
0.1
2019848
1048912
0.1
2248084
1048912
0.1
2145468
1048912
0.1
2275988
1048912
0.1
2136892
1048912
0.1
2255908
1048912
0.1
2151260
1048912
0.1
2233700
1048912
0.1
2153668
1048912
0.1
2141236
1048912
0.1
2125680
1048912
0.1
2116504
1048912
0.1
2201448
1048912
0.1
2174236
1048912
0.1
2141416
1048912
0.1
2280136
1048912
0.1
2031432
1048912
0.1
2278688
1048912
0.1
2258416
1048912
0.1
2052428
1048912
0.1
2077284
1048912
0.1
2186972
1048912
0.1
2219984
1048912
0.1
2245256
1048912
0.1
2041080
1048912
0.1
2142684
1048912
0.1
2271160
1048912
0.1
2336716
1048912
0.1
2305596
1048912
0.1
2153964
1048912
0.1
2197888
1048912
0.1
2315852
1048912
0.1
2265528
1048912
0.1
2064492
1048912
0.1
2117952
1048912
0.1
2158500
1048912
0.1
2115056
1048912
0.1
2268264
1048912
0.1
2329244
1048912
0.1
2156568
1048912
0.1
2184764
1048912
0.1
2056536
1048912
0.1
2079208
1048912
0.1
2112456
1048912
0.1
2132920
1048912
0.1
2179116
1048912
0.1
2339408
1048912
0.1
2343264
1048912
0.1
2240432
1048912
0.1
2051216
1048912
0.1
2204360
1048912
0.1
2226272
1048912
0.1
2179368
1048912
0.1
2186968
1048912
0.1
2193916
1048912
0.1
2115056
1048912
0.1
2220668
1048912
0.1
2249628
1048912
0.1
2043984
1048912
0.1
2064252
1048912
0.1
2146724
1048912
0.1
2052668
1048912
0.1
2163316
1048912
0.1
2188428
1048912
0.1
2159096
1048912
0.1
2140632
1048912
0.1
2195188
1048912
0.1
2293524
1048912
0.1
2098280
1048912
0.1
2182924
1048912
0.1
2053148
1048912
0.1
1988476
1048912
0.1
2281100
1048912
0.1
2098280
1048912
0.1
2338172
1048912
0.1
2143168
1048912
0.1
2048808
1048912
0.1
2184076
1048912
0.1
2186304
1048912
0.1
2109560
1048912
0.1
2112032
1048912
0.1
2073844
1048912
0.1
2015504
1048912
0.1
2121448
1048912
0.1
2125556
1048912
0.1
2121448
1048912
0.1
2222816
1048912
0.1
2181868
1048912
0.1
2188716
1048912
0.1
2115056
1048912
0.1
2150300
1048912
0.1
2115056
1048912
0.1
2174236
1048912
0.1
2221124
1048912
0.1
2142444
1048912
0.1
2130136
1048912
0.1
2079216
1048912
0.1
2264080
1048912
0.1
2245256
1048912
0.1
2312352
1048912
0.1
2217260
1048912
0.1
1971324
1048912
0.1
2215364
1048912
0.1
2223376
1048912
0.1
2110044
1048912
0.1
2323576
1048912
0.1
2070168
1048912
0.1
2241396
1048912
0.1
2106664
1048912
0.1
2202232
1048912
0.1
2184676
1048912
0.1
2074872
1048912
0.1
2174428
1048912
0.1
2268912
1048912
0.1
2118552
1048912
0.1
2264112
1048912
0.1
2023708
1048912
0.1
2179456
1048912
0.1
2165548
1048912
0.1
2270564
1048912
0.1
2156564
1048912
0.1
2165608
1048912
0.1
2196020
1048912
0.1
2065156
1048912
0.1
2337444
1048912
0.1
2073548
1048912
0.1
2177808
1048912
0.1
2110588
1048912
0.1
2146300
1048912
0.1
2152820
1048912
0.1
2010188
1048912
0.1
2207932
1048912
0.1
2146548
1048912
0.1
2106664
1048912
0.1
2114096
1048912
0.1
2245256
1048912
0.1
2045424
1048912
0.1
2142440
1048912
0.1
2112160
1048912
0.1
2057012
1048912
0.1
2316336
1048912
0.1
2136288
1048912
0.1
1912908
1048912
0.1
2362060
1048912
0.1
2041092
1048912
0.1
2196616
1048912
0.1
2139484
1048912
0.1
2157828
1048912
0.1
2255232
1048912
0.1
2093452
1048912
0.1
2236408
1048912
0.1
1989440
1048912
0.1
2198912
1048912
0.1
2190648
1048912
0.1
2119888
1048912
0.1
2136892
1048912
0.1
2090800
1048912
0.1
2219032
1048912
0.1
2036016
1048912
0.1
2217024
1048912
0.1
2121448
1048912
0.1
2076076
1048912
0.1
2317480
1048912
0.1
2168748
1048912
0.1
2130796
1048912
0.1
2104556
1048912
0.1
2170084
1048912
0.1
2180220
1048912
0.1
2372440
1048912
0.1
2089352
1048912
0.1
2309204
1048912
0.1
2288696
1048912
0.1
2144132
1048912
0.1
2148364
1048912
0.1
1841772
1048912
0.1
2222080
1048912
0.1
2177616
1048912
0.1
2293272
1048912
0.1
2173092
1048912
0.1
2065156
1048912
0.1
2153304
1048912
0.1
2226676
1048912
0.1
2094308
1048912
0.1
2282452
1048912
0.1
2143168
1048912
0.1
2277596
1048912
0.1
1954200
1048912
0.1
2326344
1048912
0.1
2079456
1048912
0.1
2185628
1048912
0.1
2208092
1048912
0.1
2263436
1048912
0.1
2037464
1048912
0.1
2188776
1048912
0.1
2255896
1048912
0.1
2101176
1048912
0.1
2051704
1048912
0.1
2230136
1048912
0.1
2023648
1048912
0.1
2072396
1048912
0.1
2232224
1048912
0.1
2106240
1048912
0.1
2241872
1048912
0.1
2075836
1048912
0.1
2061284
1048912
0.1
2124344
1048912
0.1
2317300
1048912
0.1
2269228
1048912
0.1
2222816
1048912
0.1
2269228
1048912
0.1
2132304
1048912
0.1
2189020
1048912
0.1
2134228
1048912
0.1
2317300
1048912
0.1
2268264
1048912
0.1
2106004
1048912
0.1
2315756
1048912
0.1
2106664
1048912
0.1
2170080
1048912
0.1
2106664
1048912
0.1
2111008
1048912
0.1
2149808
1048912
0.1
2252820
1048912
0.1
2237652
1048912
0.1
2135140
1048912
0.1
2062572
1048912
0.1
2132432
1048912
0.1
2344932
1048912
0.1
2146064
1048912
0.1
2158308
1048912
0.1
2292556
1048912
0.1
2079636
1048912
0.1
2074508
1048912
0.1
2147876
1048912
0.1
2025640
1048912
0.1
2133756
1048912
0.1
2132304
1048912
0.1
2193452
1048912
0.1
1863196
1048912
0.1
2111008
1048912
0.1
2241428
1048912
0.1
2192632
1048912
0.1
2142572
1048912
0.1
2187268
1048912
0.1
2106664
1048912
0.1
2240752
1048912
0.1
2229168
1048912
0.1
2150768
1048912
0.1
2122412
1048912
0.1
2283996
1048912
0.1
2150104
1048912
0.1
2043976
1048912
0.1
2106484
1048912
0.1
2101900
1048912
0.1
2309932
1048912
0.1
2190232
1048912
0.1
2363032
1048912
0.1
2301244
1048912
0.1
1968680
1048912
0.1
2158500
1048912
0.1
2138520
1048912
0.1
2280524
1048912
0.1
2132728
1048912
0.1
2198912
1048912
0.1
2168268
1048912
0.1
2285928
1048912
0.1
2137072
1048912
0.1
2263604
1048912
0.1
2148364
1048912
0.1
2318620
1048912
0.1
2196272
1048912
0.1
2164636
1048912
0.1
2287976
1048912
0.1
2245256
1048912
0.1
2173092
1048912
0.1
2244772
1048912
0.1
2282448
1048912
0.1
2371720
1048912
0.1
2235052
1048912
0.1
2244536
1048912
0.1
2159332
1048912
0.1
2150408
1048912
0.1
2106664
1048912
0.1
2253588
1048912
0.1
2357240
1048912
0.1
2283632
1048912
0.1
2117588
1048912
0.1
2294036
1048912
0.1
2102508
1048912
0.1
2099484
1048912
0.1
2125680
1048912
0.1
2136172
1048912
0.1
2228492
1048912
0.1
2247696
1048912
0.1
2135332
1048912
0.1
1986544
1048912
0.1
2124040
1048912
0.1
2175024
1048912
0.1
2106244
1048912
0.1
2126936
1048912
0.1
2288824
1048912
0.1
2192156
1048912
0.1
2068356
1048912
0.1
2151256
1048912
0.1
2259736
1048912
0.1
2260348
1048912
0.1
2096592
1048912
0.1
2092248
1048912
0.1
2021296
1048912
0.1
2115056
1048912
0.1
2330424
1048912
0.1
2064976
1048912
0.1
2248396
1048912
0.1
2147876
1048912
0.1
2117588
1048912
0.1
2284480
1048912
0.1
2119696
1048912
0.1
2257452
1048912
0.1
2278076
1048912
0.1
2085008
1048912
0.1
2100932
1048912
0.1
2116864
1048912
0.1
2041024
1048912
0.1
2256680
1048912
0.1
2295292
1048912
0.1
2026364
1048912
0.1
2091884
1048912
0.1
2116376
1048912
0.1
2213528
1048912
0.1
2019124
1048912
0.1
2262760
1048912
0.1
2378224
1048912
0.1
2112456
1048912
0.1
2065944
1048912
0.1
2323448
1048912
0.1
2085620
1048912
0.1
2337928
1048912
0.1
2142572
1048912
0.1
2220884
1048912
0.1
2190556
1048912
0.1
2122176
1048912
0.1
2175684
1048912
0.1
2159160
1048912
0.1
2206644
1048912
0.1
2135196
1048912
0.1
2079216
1048912
0.1
2059908
1048912
0.1
2180028
1048912
0.1
2245256
1048912
0.1
2149804
1048912
0.1
2324412
1048912
0.1
2277840
1048912
0.1
2259008
1048912
0.1
2106664
1048912
0.1
2145336
1048912
0.1
2194992
1048912
0.1
2162652
1048912
0.1
2256680
1048912
0.1
2174540
1048912
0.1
2126760
1048912
0.1
1875760
1048912
0.1
2073844
1048912
0.1
2078380
1048912
0.1
2279524
1048912
0.1
2168148
1048912
0.1
2086392
1048912
0.1
2147208
1048912
0.1
2146440
1048912
0.1
2212436
1048912
0.1
2336484
1048912
0.1
2111312
1048912
0.1
2024916
1048912
0.1
2084284
1048912
0.1
2116320
1048912
0.1
2075596
1048912
0.1
2192164
1048912
0.1
2085492
1048912
0.1
2314888
1048912
0.1
2113488
1048912
0.1
2187100
1048912
0.1
2212080
1048912
0.1
2113612
1048912
0.1
2218704
1048912
0.1
2041568
1048912
0.1
2123748
1048912
0.1
2057012
1048912
0.1
2133692
1048912
0.1
2041216
1048912
0.1
2078732
1048912
0.1
2233996
1048912
0.1
2101660
1048912
0.1
2018884
1048912
0.1
2143056
1048912
0.1
2139968
1048912
0.1
2097976
1048912
0.1
2273732
1048912
0.1
2159104
1048912
0.1
2146724
1048912
0.1
2012132
1048912
0.1
2115056
1048912
0.1
2274344
1048912
0.1
2153484
1048912
0.1
2130136
1048912
0.1
2285800
1048912
0.1
2138224
1048912
0.1
2199628
1048912
0.1
2106856
1048912
0.1
2321516
1048912
0.1
2103108
1048912
0.1
2076320
1048912
0.1
2223376
1048912
0.1
2099908
1048912
0.1
2029920
1048912
0.1
2158984
1048912
0.1
2097076
1048912
0.1
2185728
1048912
0.1
2116992
1048912
0.1
2251048
1048912
0.1
2134556
1048912
0.1
2145340
1048912
0.1
2078188
1048912
0.1
2248280
1048912
0.1
2115544
1048912
0.1
1925752
1048912
0.1
2156200
1048912
0.1
2199336
1048912
0.1
2052912
1048912
0.1
2181544
1048912
0.1
2256196
1048912
0.1
2261904
1048912
0.1
2070048
1048912
0.1
2284352
1048912
0.1
2179732
1048912
0.1
2126936
1048912
0.1
2287376
1048912
0.1
2100872
1048912
0.1
2222816
1048912
0.1
2219032
1048912
0.1
2016708
1048912
0.1
2072108
1048912
0.1
2129540
1048912
0.1
2115544
1048912
0.1
2167676
1048912
0.1
2106728
1048912
0.1
2053392
1048912
0.1
2183228
1048912
0.1
2141796
1048912
0.1
2267104
1048912
0.1
2115056
1048912
0.1
2213884
1048912
0.1
2091524
1048912
0.1
2178580
1048912
0.1
2097976
1048912
0.1
2124344
1048912
0.1
2291108
1048912
0.1
2291592
1048912
0.1
2056040
1048912
0.1
2156860
1048912
0.1
2178772
1048912
0.1
2198684
1048912
0.1
2299796
1048912
0.1
2330688
1048912
0.1
2142440
1048912
0.1
2217736
1048912
0.1
2314508
1048912
0.1
2071252
1048912
0.1
2262940
1048912
0.1
2145108
1048912
0.1
2251776
1048912
0.1
2222700
1048912
0.1
2159756
1048912
0.1
2063900
1048912
0.1
2165252
1048912
0.1
2220956
1048912
0.1
2168148
1048912
0.1
2084524
1048912
0.1
2222816
1048912
0.1
2105700
1048912
0.1
2326344
1048912
0.1
2065696
1048912
0.1
2252740
1048912
0.1
2245256
1048912
0.1
2077044
1048912
0.1
2284480
1048912
0.1
2256680
1048912
0.1
2273572
1048912
0.1
2195788
1048912
0.1
2099124
1048912
0.1
2057736
1048912
0.1
2099972
1048912
0.1
2140632
1048912
0.1
2161508
1048912
0.1
2192400
1048912
0.1
2101900
1048912
0.1
2320196
1048912
0.1
2081388
1048912
0.1
2115056
1048912
0.1
2220480
1048912
0.1
2211492
1048912
0.1
2115056
1048912
0.1
2266976
1048912
0.1
2106664
1048912
0.1
2299536
1048912
0.1
2061356
1048912
0.1
2248636
1048912
0.1
2334548
1048912
0.1
2142084
1048912
0.1
2278076
1048912
0.1
2251660
1048912
0.1
2232156
1048912
0.1
2109864
1048912
0.1
2109264
1048912
0.1
2165252
1048912
0.1
2086876
1048912
0.1
2305132
1048912
0.1
2275020
1048912
0.1
2347708
1048912
0.1
2045188
1048912
0.1
2267492
1048912
0.1
2119036
1048912
0.1
2064496
1048912
0.1
2132792
1048912
0.1
2245256
1048912
0.1
2013332
1048912
0.1
2054600
1048912
0.1
2105520
1048912
0.1
1941180
1048912
0.1
2201940
1048912
0.1
2002232
1048912
0.1
2174540
1048912
0.1
2253464
1048912
