im-aes128-gcm-255
1000
08/28/18
0.1
2077152
1048912
0.1
2172864
1048912
0.1
2054672
1048912
0.1
2100464
1048912
0.1
2058896
1048912
0.1
2027392
1048912
0.1
2074592
1048912
0.1
2278944
1048912
0.1
2222096
1048912
0.1
2136960
1048912
0.1
2296320
1048912
0.1
2067584
1048912
0.1
2308488
1048912
0.1
2297768
1048912
0.1
2346456
1048912
0.1
2332016
1048912
0.1
2343560
1048912
0.1
2124600
1048912
0.1
2137632
1048912
0.1
2026240
1048912
0.1
2256472
1048912
0.1
2288664
1048912
0.1
2080192
1048912
0.1
2115992
1048912
0.1
2326728
1048912
0.1
1962824
1048912
0.1
2016736
1048912
0.1
2042064
1048912
0.1
2273128
1048912
0.1
2098680
1048912
0.1
2012240
1048912
0.1
2243856
1048912
0.1
2083048
1048912
0.1
2078744
1048912
0.1
2138112
1048912
0.1
2072808
1048912
0.1
2075112
1048912
0.1
2062480
1048912
0.1
2057992
1048912
0.1
2178512
1048912
0.1
2031592
1048912
0.1
2055536
1048912
0.1
2195336
1048912
0.1
2093080
1048912
0.1
2279888
1048912
0.1
2308600
1048912
0.1
2147744
1048912
0.1
2014656
1048912
0.1
2030224
1048912
0.1
2322360
1048912
0.1
2056688
1048912
0.1
2278944
1048912
0.1
2301360
1048912
0.1
2057992
1048912
0.1
2022904
1048912
0.1
2061032
1048912
0.1
2113096
1048912
0.1
2178696
1048912
0.1
2088880
1048912
0.1
2256864
1048912
0.1
2100760
1048912
0.1
2036272
1048912
0.1
2144640
1048912
0.1
2337560
1048912
0.1
2110200
1048912
0.1
2332520
1048912
0.1
2283984
1048912
0.1
2123296
1048912
0.1
2005672
1048912
0.1
2348424
1048912
0.1
2164216
1048912
0.1
2062336
1048912
0.1
2028696
1048912
0.1
2067352
1048912
0.1
2158928
1048912
0.1
2207784
1048912
0.1
2248896
1048912
0.1
2188080
1048912
0.1
2230616
1048912
0.1
2091776
1048912
0.1
2090328
1048912
0.1
2135072
1048912
0.1
2179768
1048912
0.1
2090184
1048912
0.1
2277872
1048912
0.1
2320056
1048912
0.1
2015664
1048912
0.1
2240752
1048912
0.1
2057992
1048912
0.1
2313280
1048912
0.1
2277160
1048912
0.1
2177624
1048912
0.1
2274576
1048912
0.1
2028776
1048912
0.1
2150744
1048912
0.1
2303200
1048912
0.1
2147536
1048912
0.1
2097568
1048912
0.1
2272440
1048912
0.1
2368512
1048912
0.1
2117840
1048912
0.1
2080192
1048912
0.1
2223560
1048912
0.1
2109152
1048912
0.1
2056688
1048912
0.1
2023048
1048912
0.1
2097424
1048912
0.1
2096120
1048912
0.1
2293424
1048912
0.1
2280392
1048912
0.1
2290528
1048912
0.1
2078952
1048912
0.1
2113496
1048912
0.1
2117840
1048912
0.1
2021600
1048912
0.1
2268264
1048912
0.1
2295816
1048912
0.1
2288720
1048912
0.1
2094336
1048912
0.1
2204760
1048912
0.1
2059184
1048912
0.1
2290528
1048912
0.1
2213112
1048912
0.1
2427352
1048912
0.1
2121680
1048912
0.1
2310800
1048912
0.1
2270616
1048912
0.1
2063240
1048912
0.1
2058072
1048912
0.1
2093080
1048912
0.1
2038456
1048912
0.1
2040760
1048912
0.1
2055072
1048912
0.1
2474992
1048912
0.1
2094528
1048912
0.1
2094672
1048912
0.1
2091776
1048912
0.1
2243856
1048912
0.1
2094672
1048912
0.1
2486808
1048912
0.1
2216680
1048912
0.1
2167072
1048912
0.1
2069912
1048912
0.1
2097568
1048912
0.1
2047080
1048912
0.1
2486808
1048912
0.1
2345008
1048912
0.1
2248896
1048912
0.1
2434904
1048912
0.1
2129280
1048912
0.1
2057992
1048912
0.1
2267024
1048912
0.1
2310800
1048912
0.1
2085984
1048912
0.1
2264464
1048912
0.1
2210472
1048912
0.1
2293424
1048912
0.1
2486720
1048912
0.1
2028672
1048912
0.1
2063784
1048912
0.1
2065272
1048912
0.1
2063528
1048912
0.1
2101768
1048912
0.1
2228240
1048912
0.1
2319512
1048912
0.1
2113352
1048912
0.1
2304840
1048912
0.1
2055536
1048912
0.1
2184304
1048912
0.1
2014888
1048912
0.1
2199240
1048912
0.1
2060888
1048912
0.1
2430248
1048912
0.1
2269712
1048912
0.1
2336864
1048912
0.1
2449072
1048912
0.1
2307904
1048912
0.1
2446176
1048912
0.1
2107688
1048912
0.1
2275688
1048912
0.1
2163672
1048912
0.1
2055536
1048912
0.1
2022904
1048912
0.1
2295816
1048912
0.1
2332456
1048912
0.1
2062672
1048912
0.1
2324776
1048912
0.1
2278944
1048912
0.1
2284736
1048912
0.1
2322968
1048912
0.1
2305008
1048912
0.1
2336840
1048912
0.1
2133432
1048912
0.1
2457280
1048912
0.1
2078008
1048912
0.1
2069152
1048912
0.1
2165920
1048912
0.1
1996840
1048912
0.1
2251096
1048912
0.1
2027392
1048912
0.1
2306456
1048912
0.1
2098848
1048912
0.1
2186400
1048912
0.1
2246672
1048912
0.1
2285808
1048912
0.1
2174728
1048912
0.1
2065312
1048912
0.1
2185896
1048912
0.1
2213408
1048912
0.1
2097568
1048912
0.1
2110200
1048912
0.1
2220664
1048912
0.1
2219032
1048912
0.1
2232064
1048912
0.1
2169464
1048912
0.1
2218696
1048912
0.1
2126824
1048912
0.1
2055536
1048912
0.1
2094528
1048912
0.1
2206920
1048912
0.1
2047664
1048912
0.1
2115992
1048912
0.1
2231856
1048912
0.1
2098872
1048912
0.1
2067456
1048912
0.1
2323808
1048912
0.1
2098344
1048912
0.1
2183000
1048912
0.1
2085648
1048912
0.1
2330320
1048912
0.1
2307400
1048912
0.1
2093080
1048912
0.1
2348448
1048912
0.1
2065376
1048912
0.1
2023808
1048912
0.1
2042416
1048912
0.1
2117272
1048912
0.1
2336112
1048912
0.1
2314640
1048912
0.1
2224488
1048912
0.1
2188456
1048912
0.1
2247064
1048912
0.1
2312248
1048912
0.1
2055536
1048912
0.1
2249648
1048912
0.1
2107536
1048912
0.1
2066680
1048912
0.1
2147744
1048912
0.1
2100376
1048912
0.1
2301360
1048912
0.1
2216720
1048912
0.1
2181408
1048912
0.1
2221720
1048912
0.1
2121640
1048912
0.1
2093080
1048912
0.1
2291616
1048912
0.1
2076144
1048912
0.1
2101512
1048912
0.1
2040848
1048912
0.1
2059776
1048912
0.1
2346456
1048912
0.1
2094672
1048912
0.1
2222096
1048912
0.1
2044624
1048912
0.1
2204024
1048912
0.1
2123632
1048912
0.1
2341904
1048912
0.1
2237728
1048912
0.1
2224488
1048912
0.1
2056688
1048912
0.1
2289080
1048912
0.1
2336112
1048912
0.1
2267024
1048912
0.1
1964128
1048912
0.1
2227304
1048912
0.1
2060888
1048912
0.1
2196048
1048912
0.1
2093080
1048912
0.1
2146320
1048912
0.1
2141008
1048912
0.1
2027248
1048912
0.1
2153640
1048912
0.1
2059440
1048912
0.1
2248896
1048912
0.1
2068904
1048912
0.1
2489136
1048912
0.1
2098872
1048912
0.1
2055536
1048912
0.1
2094672
1048912
0.1
2285768
1048912
0.1
2052200
1048912
0.1
2314784
1048912
0.1
2105856
1048912
0.1
2268472
1048912
0.1
2295232
1048912
0.1
2330320
1048912
0.1
2088880
1048912
0.1
2071168
1048912
0.1
2127576
1048912
0.1
2283984
1048912
0.1
2149216
1048912
0.1
2071800
1048912
0.1
1974032
1048912
0.1
2074000
1048912
0.1
2059208
1048912
0.1
2051312
1048912
0.1
2050896
1048912
0.1
2094864
1048912
0.1
2117360
1048912
0.1
2168936
1048912
0.1
2125080
1048912
0.1
2043656
1048912
0.1
2335416
1048912
0.1
2085648
1048912
0.1
2338288
1048912
0.1
2097568
1048912
0.1
2268304
1048912
0.1
2097424
1048912
0.1
2056288
1048912
0.1
2332520
1048912
0.1
2038912
1048912
0.1
2101768
1048912
0.1
2093080
1048912
0.1
2101912
1048912
0.1
2098872
1048912
0.1
2148984
1048912
0.1
2065376
1048912
0.1
2283984
1048912
0.1
2317200
1048912
0.1
2063784
1048912
0.1
2228832
1048912
0.1
2097568
1048912
0.1
2333424
1048912
0.1
2298376
1048912
0.1
2301232
1048912
0.1
2310800
1048912
0.1
2128168
1048912
0.1
2050896
1048912
0.1
2094336
1048912
0.1
2093080
1048912
0.1
2130472
1048912
0.1
2282408
1048912
0.1
2226816
1048912
0.1
2467096
1048912
0.1
2102520
1048912
0.1
2235168
1048912
0.1
2259616
1048912
0.1
2294872
1048912
0.1
2169824
1048912
0.1
2178864
1048912
0.1
2206672
1048912
0.1
2304504
1048912
0.1
2057024
1048912
0.1
2055536
1048912
0.1
2069320
1048912
0.1
2057992
1048912
0.1
2181408
1048912
0.1
2357112
1048912
0.1
2109344
1048912
0.1
2221064
1048912
0.1
2070352
1048912
0.1
2171080
1048912
0.1
2022904
1048912
0.1
2414408
1048912
0.1
2100760
1048912
0.1
2117568
1048912
0.1
2055536
1048912
0.1
2278944
1048912
0.1
2240936
1048912
0.1
2106448
1048912
0.1
1985360
1048912
0.1
2394024
1048912
0.1
2275504
1048912
0.1
2203312
1048912
0.1
2145184
1048912
0.1
2254600
1048912
0.1
2454952
1048912
0.1
2022904
1048912
0.1
2097568
1048912
0.1
2295568
1048912
0.1
2093080
1048912
0.1
2160880
1048912
0.1
2246544
1048912
0.1
2209816
1048912
0.1
2289776
1048912
0.1
2213448
1048912
0.1
2216680
1048912
0.1
2071504
1048912
0.1
2063112
1048912
0.1
2297768
1048912
0.1
2022904
1048912
0.1
2058896
1048912
0.1
2121784
1048912
0.1
2120736
1048912
0.1
2338288
1048912
0.1
2414408
1048912
0.1
2106256
1048912
0.1
2119816
1048912
0.1
3341080
1048912
0.1
2026280
1048912
0.1
2341904
1048912
0.1
2328176
1048912
0.1
2220664
1048912
0.1
2107304
1048912
0.1
2332520
1048912
0.1
2095976
1048912
0.1
2104304
1048912
0.1
2066760
1048912
0.1
2039168
1048912
0.1
2091064
1048912
0.1
2096648
1048912
0.1
2223560
1048912
0.1
1997912
1048912
0.1
2031592
1048912
0.1
2027248
1048912
0.1
2073248
1048912
0.1
2094672
1048912
0.1
2058896
1048912
0.1
2289776
1048912
0.1
2094672
1048912
0.1
2293424
1048912
0.1
2120336
1048912
0.1
2348032
1048912
0.1
2050896
1048912
0.1
2261544
1048912
0.1
2094672
1048912
0.1
2057024
1048912
0.1
2103888
1048912
0.1
2204736
1048912
0.1
2088880
1048912
0.1
2139600
1048912
0.1
2050896
1048912
0.1
2323328
1048912
0.1
2098872
1048912
0.1
2083088
1048912
0.1
2300248
1048912
0.1
2057992
1048912
0.1
2278944
1048912
0.1
2184824
1048912
0.1
2457280
1048912
0.1
2088736
1048912
0.1
2305368
1048912
0.1
2214872
1048912
0.1
2263920
1048912
0.1
2074592
1048912
0.1
2212712
1048912
0.1
2234032
1048912
0.1
2094672
1048912
0.1
2088376
1048912
0.1
2325280
1048912
0.1
2218104
1048912
0.1
2023808
1048912
0.1
2097568
1048912
0.1
2144640
1048912
0.1
2325976
1048912
0.1
2106256
1048912
0.1
2062480
1048912
0.1
2271160
1048912
0.1
2343600
1048912
0.1
2130472
1048912
0.1
2105000
1048912
0.1
2193888
1048912
0.1
2165664
1048912
0.1
2171456
1048912
0.1
2306432
1048912
0.1
2055576
1048912
0.1
2055536
1048912
0.1
2325976
1048912
0.1
2061032
1048912
0.1
2340704
1048912
0.1
2268264
1048912
0.1
2086528
1048912
0.1
2023344
1048912
0.1
2057992
1048912
0.1
2311744
1048912
0.1
2204736
1048912
0.1
2053792
1048912
0.1
2066720
1048912
0.1
2063864
1048912
0.1
2016568
1048912
0.1
2305008
1048912
0.1
2020448
1048912
0.1
2068904
1048912
0.1
2095976
1048912
0.1
2451968
1048912
0.1
2095976
1048912
0.1
2299216
1048912
0.1
2209816
1048912
0.1
2213720
1048912
0.1
2292920
1048912
0.1
2105856
1048912
0.1
2312248
1048912
0.1
2087848
1048912
0.1
2136096
1048912
0.1
2330528
1048912
0.1
2101408
1048912
0.1
2398584
1048912
0.1
2057992
1048912
0.1
2100464
1048912
0.1
2101768
1048912
0.1
2373376
1048912
0.1
2283984
1048912
0.1
2103360
1048912
0.1
2197520
1048912
0.1
2248896
1048912
0.1
2234664
1048912
0.1
2072472
1048912
0.1
2304504
1048912
0.1
2110600
1048912
0.1
2249960
1048912
0.1
2182856
1048912
0.1
2452936
1048912
0.1
2069720
1048912
0.1
2196976
1048912
0.1
2338312
1048912
0.1
2283984
1048912
0.1
2088880
1048912
0.1
2295232
1048912
0.1
2065568
1048912
0.1
2101512
1048912
0.1
2330528
1048912
0.1
2114944
1048912
0.1
2339216
1048912
0.1
2074592
1048912
0.1
2174312
1048912
0.1
2304256
1048912
0.1
2053792
1048912
0.1
2079856
1048912
0.1
2337560
1048912
0.1
2296320
1048912
0.1
2096120
1048912
0.1
2296320
1048912
0.1
2088480
1048912
0.1
2283984
1048912
0.1
2234080
1048912
0.1
2109008
1048912
0.1
2169944
1048912
0.1
2072264
1048912
0.1
2238400
1048912
0.1
2316592
1048912
0.1
2149216
1048912
0.1
2022904
1048912
0.1
2093080
1048912
0.1
2110096
1048912
0.1
2266272
1048912
0.1
2079040
1048912
0.1
2299216
1048912
0.1
2264128
1048912
0.1
2319488
1048912
0.1
2332520
1048912
0.1
2179032
1048912
0.1
2245616
1048912
0.1
2304672
1048912
0.1
2325280
1048912
0.1
2120736
1048912
0.1
2307152
1048912
0.1
2091632
1048912
0.1
2263040
1048912
0.1
2071360
1048912
0.1
2181408
1048912
0.1
2310464
1048912
0.1
2306456
1048912
0.1
2355480
1048912
0.1
2090288
1048912
0.1
2265368
1048912
0.1
2202896
1048912
0.1
2224488
1048912
0.1
2237976
1048912
0.1
2020448
1048912
0.1
2274264
1048912
0.1
2278944
1048912
0.1
2042208
1048912
0.1
2118888
1048912
0.1
2008568
1048912
0.1
2057992
1048912
0.1
2326728
1048912
0.1
2042064
1048912
0.1
2315144
1048912
0.1
2254328
1048912
0.1
2313280
1048912
0.1
2301944
1048912
0.1
2260144
1048912
0.1
2506720
1048912
0.1
2276048
1048912
0.1
2170008
1048912
0.1
2022904
1048912
0.1
2214560
1048912
0.1
2093080
1048912
0.1
2231856
1048912
0.1
2055576
1048912
0.1
2169968
1048912
0.1
2331072
1048912
0.1
2341208
1048912
0.1
2121784
1048912
0.1
2326224
1048912
0.1
2372856
1048912
0.1
2053792
1048912
0.1
2243856
1048912
0.1
2201448
1048912
0.1
2093080
1048912
0.1
2248176
1048912
0.1
1998984
1048912
0.1
2303224
1048912
0.1
2097568
1048912
0.1
2048000
1048912
0.1
2023808
1048912
0.1
2194080
1048912
0.1
2322384
1048912
0.1
2106256
1048912
0.1
1989408
1048912
0.1
2227384
1048912
0.1
1990712
1048912
0.1
2214560
1048912
0.1
2066720
1048912
0.1
2089824
1048912
0.1
2340664
1048912
0.1
2320392
1048912
0.1
2060888
1048912
0.1
2259576
1048912
0.1
2061328
1048912
0.1
2097568
1048912
0.1
2093880
1048912
0.1
2331072
1048912
0.1
2377536
1048912
0.1
2113096
1048912
0.1
2091776
1048912
0.1
2104120
1048912
0.1
2043656
1048912
0.1
2209440
1048912
0.1
2117840
1048912
0.1
2309736
1048912
0.1
2070936
1048912
0.1
2297408
1048912
0.1
2108584
1048912
0.1
2088880
1048912
0.1
2278944
1048912
0.1
2238064
1048912
0.1
2177208
1048912
0.1
2280056
1048912
0.1
2480128
1048912
0.1
2274264
1048912
0.1
1987968
1048912
0.1
2087032
1048912
0.1
2155488
1048912
0.1
2264128
1048912
0.1
2084392
1048912
0.1
2094528
1048912
0.1
1941984
1048912
0.1
2225008
1048912
0.1
2088376
1048912
0.1
2298464
1048912
0.1
2248896
1048912
0.1
2022904
1048912
0.1
2261024
1048912
0.1
2312944
1048912
0.1
2275688
1048912
0.1
2300304
1048912
0.1
2280416
1048912
0.1
2104352
1048912
0.1
2284320
1048912
0.1
2258648
1048912
0.1
2093080
1048912
0.1
2242720
1048912
0.1
2326704
1048912
0.1
2303200
1048912
0.1
2265576
1048912
0.1
2044208
1048912
0.1
2316592
1048912
0.1
2249648
1048912
0.1
2103552
1048912
0.1
2283984
1048912
0.1
2025944
1048912
0.1
2114544
1048912
0.1
2188080
1048912
0.1
2336320
1048912
0.1
2160248
1048912
0.1
1994048
1048912
0.1
2071360
1048912
0.1
2065568
1048912
0.1
2249960
1048912
0.1
2302112
1048912
0.1
2225008
1048912
0.1
2063784
1048912
0.1
2057992
1048912
0.1
2124680
1048912
0.1
2098872
1048912
0.1
2121784
1048912
0.1
2088544
1048912
0.1
2059440
1048912
0.1
2098176
1048912
0.1
2329416
1048912
0.1
2296320
1048912
0.1
2107704
1048912
0.1
2090328
1048912
0.1
2100464
1048912
0.1
2096120
1048912
0.1
2066680
1048912
0.1
2207992
1048912
0.1
2124176
1048912
0.1
2282200
1048912
0.1
2283984
1048912
0.1
2056688
1048912
0.1
2022904
1048912
0.1
2219216
1048912
0.1
2258128
1048912
0.1
2311744
1048912
0.1
1986848
1048912
0.1
2238400
1048912
0.1
2083088
1048912
0.1
2447376
1048912
0.1
2106256
1048912
0.1
2067120
1048912
0.1
2061032
1048912
0.1
2105336
1048912
0.1
2013104
1048912
0.1
2345136
1048912
0.1
2278944
1048912
0.1
2313280
1048912
0.1
2095976
1048912
0.1
2022904
1048912
0.1
2318040
1048912
0.1
2072616
1048912
0.1
2025944
1048912
0.1
2094672
1048912
0.1
2098872
1048912
0.1
2076960
1048912
0.1
2110200
1048912
0.1
2290888
1048912
0.1
2245096
1048912
0.1
2155824
1048912
0.1
2211976
1048912
0.1
2059776
1048912
0.1
2262680
1048912
0.1
2097568
1048912
0.1
2098872
1048912
0.1
2164704
1048912
0.1
2021456
1048912
0.1
2314640
1048912
0.1
2193448
1048912
0.1
2274576
1048912
0.1
2087288
1048912
0.1
2330528
1048912
0.1
2234624
1048912
0.1
2098872
1048912
0.1
2070016
1048912
0.1
2083800
1048912
0.1
2055536
1048912
0.1
2100464
1048912
0.1
2069720
1048912
0.1
2030104
1048912
0.1
2249440
1048912
0.1
2443928
1048912
0.1
2093080
1048912
0.1
2057992
1048912
0.1
2321504
1048912
0.1
2301824
1048912
0.1
2023808
1048912
0.1
2502168
1048912
0.1
2021200
1048912
0.1
1997912
1048912
0.1
2101912
1048912
0.1
2293424
1048912
0.1
2268264
1048912
0.1
2172864
1048912
0.1
2332520
1048912
0.1
2285680
1048912
0.1
2466640
1048912
0.1
2181408
1048912
0.1
2133328
1048912
0.1
2063864
1048912
0.1
2284736
1048912
0.1
2342656
1048912
0.1
2162016
1048912
0.1
2029136
1048912
0.1
2093080
1048912
0.1
2322304
1048912
0.1
2053104
1048912
0.1
2111568
1048912
0.1
2298464
1048912
0.1
2269712
1048912
0.1
2081640
1048912
0.1
2091776
1048912
0.1
2088880
1048912
0.1
2225936
1048912
0.1
2222448
1048912
0.1
2085984
1048912
0.1
2155680
1048912
0.1
2119120
1048912
0.1
2275712
1048912
0.1
2303056
1048912
0.1
2079712
1048912
0.1
2128752
1048912
0.1
2059440
1048912
0.1
2246000
1048912
0.1
2069320
1048912
0.1
2011464
1048912
0.1
2175256
1048912
0.1
2010568
1048912
0.1
2025800
1048912
0.1
2201824
1048912
0.1
2268112
1048912
0.1
2022904
1048912
0.1
2053792
1048912
0.1
2284376
1048912
0.1
2243856
1048912
0.1
2314784
1048912
0.1
1953888
1048912
0.1
2129424
1048912
0.1
2058136
1048912
0.1
2020448
1048912
0.1
2319488
1048912
0.1
2083048
1048912
0.1
2215232
1048912
0.1
2075368
1048912
0.1
2261024
1048912
0.1
2337560
1048912
0.1
2186968
1048912
0.1
2031552
1048912
0.1
2117440
1048912
0.1
2055536
1048912
0.1
2024352
1048912
0.1
2097568
1048912
0.1
2318040
1048912
0.1
1961376
1048912
0.1
2128920
1048912
0.1
2049304
1048912
0.1
2087288
1048912
0.1
2068104
1048912
0.1
2306456
1048912
0.1
2239848
1048912
0.1
2344080
1048912
0.1
2455176
1048912
0.1
2314784
1048912
0.1
2234960
1048912
0.1
2320184
1048912
0.1
2046408
1048912
0.1
2278944
1048912
0.1
2055096
1048912
0.1
2265368
1048912
0.1
2040592
1048912
0.1
2077824
1048912
0.1
2088544
1048912
0.1
2022904
1048912
0.1
2261232
1048912
0.1
2223376
1048912
0.1
2291224
1048912
0.1
2108752
1048912
0.1
2060928
1048912
0.1
2226144
1048912
0.1
2157352
1048912
0.1
2140608
1048912
0.1
1995136
1048912
0.1
2021600
1048912
0.1
2296320
1048912
0.1
2056688
1048912
0.1
2091776
1048912
0.1
2063784
1048912
0.1
2093080
1048912
0.1
2265576
1048912
0.1
2287632
1048912
0.1
2296320
1048912
0.1
2302112
1048912
0.1
2364168
1048912
0.1
2078408
1048912
0.1
2065568
1048912
0.1
2130056
1048912
0.1
2288744
1048912
0.1
2181408
1048912
0.1
1998984
1048912
0.1
2197520
1048912
0.1
2311496
1048912
0.1
2296320
1048912
0.1
2036248
1048912
0.1
2287632
1048912
0.1
2249440
1048912
0.1
2103216
1048912
0.1
2306816
1048912
0.1
2056544
1048912
0.1
2170912
1048912
0.1
2100128
1048912
0.1
2227736
1048912
0.1
2098872
1048912
0.1
2301752
1048912
0.1
2093080
1048912
0.1
2042208
1048912
0.1
2127472
1048912
0.1
2071360
1048912
0.1
2305952
1048912
0.1
2343936
1048912
0.1
2067016
1048912
0.1
2230656
1048912
0.1
2304256
1048912
0.1
2071360
1048912
0.1
1963896
1048912
0.1
2023808
1048912
0.1
2202224
1048912
0.1
2155680
1048912
0.1
2092408
1048912
0.1
2365616
1048912
0.1
2266272
1048912
0.1
2207992
1048912
0.1
2236280
1048912
0.1
2339760
1048912
0.1
2025024
1048912
0.1
2052200
1048912
0.1
2204736
1048912
0.1
2136664
1048912
0.1
2044184
1048912
0.1
2355144
1048912
0.1
2055536
1048912
0.1
2317288
1048912
0.1
2316176
1048912
0.1
2094672
1048912
0.1
2347000
1048912
0.1
2012768
1048912
0.1
2290168
1048912
0.1
2310048
1048912
0.1
2283984
1048912
0.1
2302112
1048912
0.1
2301360
1048912
0.1
2045104
1048912
0.1
2319488
1048912
0.1
2086280
1048912
0.1
2308992
1048912
0.1
2097568
1048912
0.1
2177624
1048912
0.1
2274600
1048912
0.1
2054656
1048912
0.1
2110200
1048912
0.1
2295232
1048912
0.1
2328008
1048912
0.1
2212336
1048912
0.1
2097568
1048912
0.1
2296320
1048912
0.1
2063784
1048912
0.1
2161320
1048912
0.1
2225032
1048912
0.1
2056688
1048912
0.1
2235504
1048912
0.1
2206920
1048912
0.1
2081496
1048912
0.1
2225200
1048912
0.1
2262512
1048912
0.1
2319488
1048912
0.1
2030224
1048912
0.1
2033000
1048912
0.1
2201864
1048912
0.1
2152592
1048912
0.1
2153576
1048912
0.1
2100464
1048912
0.1
2055072
1048912
0.1
2264128
1048912
0.1
2109008
1048912
0.1
2057992
1048912
0.1
2059104
1048912
0.1
2091776
1048912
0.1
2104304
1048912
0.1
2457280
1048912
0.1
2232648
1048912
0.1
2212336
1048912
0.1
2161280
1048912
0.1
2091776
1048912
0.1
2278944
1048912
0.1
2195888
1048912
0.1
2017888
1048912
0.1
2256472
1048912
0.1
2446176
1048912
0.1
2091776
1048912
0.1
2093856
1048912
0.1
2121784
1048912
0.1
2139056
1048912
0.1
2093080
1048912
0.1
2063824
1048912
0.1
2272816
1048912
0.1
2046792
1048912
0.1
2057024
1048912
0.1
2302112
1048912
0.1
2237856
1048912
0.1
2094672
1048912
0.1
2310800
1048912
0.1
2233696
1048912
0.1
2108672
1048912
0.1
2248896
1048912
0.1
2131480
1048912
0.1
2060928
1048912
0.1
2057992
1048912
0.1
2330656
1048912
0.1
2295232
1048912
0.1
2048528
1048912
0.1
2243856
1048912
0.1
2105336
1048912
0.1
2123632
1048912
0.1
2066680
1048912
0.1
2223560
1048912
0.1
2094192
1048912
0.1
2298464
1048912
0.1
2125080
1048912
0.1
2004104
1048912
0.1
2022904
1048912
0.1
2203648
1048912
