im-chacha-poly-4095
1000
08/28/18
0.0
3222120
1049000
0.0
2964696
1048968
0.0
3252392
1048992
0.0
2975408
1048984
0.0
3093864
1048968
0.0
2592432
1048928
0.0
2987864
1048992
0.0
2985928
1048952
0.0
2979968
1048992
0.0
3138824
1048984
0.0
2707536
1048928
0.0
3341904
1048984
0.0
2904112
1048984
0.0
2800584
1048936
0.0
2943776
1048984
0.0
2685152
1048952
0.0
3215016
1048984
0.0
3246264
1048984
0.0
3923568
1048984
0.0
2431728
1048928
0.0
2577424
1048960
0.0
2670056
1048928
0.0
3803768
1049048
0.0
2491800
1048928
0.0
2691184
1048968
0.0
2759120
1048944
0.0
2860080
1048984
0.0
2845504
1049128
0.0
2781088
1048984
0.0
2905936
1048984
0.0
2598784
1049128
0.0
2793232
1048968
0.0
3088576
1048968
0.0
3122960
1048984
0.0
2477688
1048928
0.0
4650216
1049128
0.0
3138032
1048968
0.0
4377624
1049128
0.0
3294160
1049000
0.0
2506784
1048944
0.0
3232168
1049128
0.0
3073576
1048968
0.0
3204784
1048984
0.0
2947696
1048960
0.0
2871608
1048968
0.0
2799904
1048952
0.0
3412088
1049128
0.0
2352064
1049128
0.0
2961912
1048968
0.0
2743776
1048920
0.0
3964200
1049112
0.0
2781088
1048984
0.0
2393184
1049128
0.0
3806584
1049088
0.0
3060016
1048984
0.0
3838856
1049128
0.0
3253288
1048984
0.0
2756472
1048968
0.0
3195208
1048968
0.0
3409592
1048984
0.0
3268552
1049008
0.0
3039928
1048984
0.0
3103264
1048984
0.0
2550624
1048928
0.0
3298304
1048984
0.0
2636600
1048944
0.0
3779000
1049016
0.0
3225112
1048984
0.0
3117568
1049008
0.0
2735560
1048928
0.0
4149544
1049064
0.0
3682232
1049000
0.0
2935864
1048952
0.0
3174328
1048984
0.0
3175552
1048984
0.0
3276456
1048984
0.0
3076352
1048968
0.0
2834600
1048968
0.0
2762824
1048968
0.0
2580880
1048944
0.0
2649712
1048944
0.0
3069136
1048960
0.0
4129168
1049080
0.0
2657888
1048960
0.0
2983792
1048960
0.0
2902360
1048968
0.0
2840392
1048968
0.0
2787696
1048952
0.0
2982408
1048976
0.0
2752560
1048968
0.0
3103920
1048968
0.0
3024512
1048968
0.0
2344736
1048928
0.0
3004648
1048968
0.0
3176848
1048984
0.0
3330872
1049000
0.0
3714696
1049016
0.0
2876816
1048968
0.0
3202080
1048984
0.0
3223064
1048984
0.0
3027352
1048984
0.0
2909688
1048952
0.0
2715040
1048968
0.0
2470584
1048944
0.0
3994544
1049128
0.0
2681376
1048936
0.0
3152976
1048992
0.0
2555624
1048944
0.0
3255008
1048992
0.0
2992600
1048968
0.0
2692832
1048960
0.0
2591176
1048928
0.0
2710920
1048984
0.0
2570320
1048928
0.0
4085680
1049128
0.0
2927488
1048984
0.0
2471088
1048928
0.0
3570600
1049016
0.0
3133344
1049128
0.0
2684688
1048944
0.1
3347152
1048912
0.0
3935872
1049128
0.0
3124712
1048984
0.0
3272960
1049000
0.0
2577504
1048928
0.0
3673648
1049016
0.0
2915840
1048984
0.0
2767808
1048984
0.0
3094200
1048984
0.0
2658784
1048968
0.0
2958240
1048960
0.0
2831800
1048936
0.0
3364328
1048992
0.0
2787304
1048928
0.0
4515576
1049096
0.0
3723008
1049056
0.0
3921272
1049008
0.0
2545264
1048944
0.0
2767736
1048984
0.0
2743768
1048944
0.0
3386608
1048984
0.0
2796424
1048968
0.0
2581016
1048952
0.0
2447648
1048928
0.0
3580112
1049000
0.0
3252784
1049008
0.0
2992848
1048992
0.0
3145832
1048984
0.0
2941976
1048968
0.0
3129456
1048984
0.0
3166656
1048984
0.0
3076792
1048984
0.0
2885712
1048960
0.0
3017808
1048968
0.0
3039928
1048984
0.0
2790336
1048984
0.0
2899240
1048968
0.0
2374376
1048944
0.0
2866064
1049128
0.0
3066056
1048984
0.0
3202624
1048984
0.0
2963056
1048968
0.0
3231544
1049008
0.0
3666672
1048984
0.0
4350216
1049128
0.0
3290296
1048984
0.0
3042920
1048976
0.0
2842304
1048968
0.0
2472056
1048920
0.0
2838720
1048952
0.0
2850544
1048960
0.0
2861928
1048944
0.0
3005584
1048960
0.0
4168128
1049056
0.0
3050248
1049008
0.0
3381792
1049128
0.0
2845504
1049128
0.0
3274504
1048984
0.0
3117568
1049008
0.0
3260984
1048984
0.0
2518392
1048944
0.0
2806408
1048952
0.0
2859680
1048968
0.0
3436536
1049016
0.0
2780680
1048968
0.0
2895600
1048960
0.0
2835864
1048960
0.0
2634488
1048928
0.0
2955744
1048984
0.0
2876248
1048968
0.0
2916480
1048968
0.0
3202184
1048984
0.0
3974312
1049128
0.0
2490144
1048952
0.0
3076792
1048984
0.0
3120632
1048984
0.0
2806448
1048920
0.0
3229784
1048984
0.0
3060872
1048984
0.0
2698960
1049128
0.0
2143840
1049128
0.0
2450336
1048920
0.0
3277784
1048968
0.0
2872152
1048968
0.0
3117912
1048984
0.0
3026544
1048984
0.0
4056600
1049112
0.0
3443432
1049000
0.0
2801696
1048944
0.0
3056904
1048968
0.0
3329072
1048984
0.0
2722032
1048968
0.0
2587816
1048952
0.0
3045968
1049128
0.0
3163464
1048984
0.0
3345744
1049128
0.0
3171472
1048968
0.0
2786488
1048936
0.0
3058200
1048984
0.0
3458392
1048992
0.0
3264960
1048984
0.0
3683536
1048992
0.0
3618072
1049024
0.0
2918472
1048960
0.0
3009984
1049128
0.0
1838064
1049128
0.0
3022832
1048976
0.0
2867960
1048984
0.0
2909016
1048968
0.0
3283752
1048984
0.0
2775584
1048952
0.0
3504128
1048984
0.0
2709520
1049128
0.0
2845936
1048960
0.0
2753256
1048928
0.0
3700208
1048992
0.0
3341384
1048984
0.0
3161248
1048984
0.0
2850464
1048968
0.0
3187632
1048984
0.0
3232216
1048984
0.0
3578064
1049008
0.0
3238320
1048984
0.0
2742936
1048968
0.0
3176672
1048992
0.0
2760264
1048952
0.0
3457392
1049000
0.0
3478064
1048984
0.0
3043104
1048984
0.0
2867344
1048984
0.0
2723304
1048968
0.0
2740056
1048960
0.0
3408480
1048992
0.0
3089512
1048968
0.0
2969848
1048968
0.0
2979560
1048976
0.0
3309768
1048984
0.0
2665040
1048968
0.0
3162016
1048984
0.0
3662176
1048984
0.0
2807552
1048968
0.0
3051472
1048952
0.0
3078968
1048984
0.0
2561408
1048928
0.0
3094200
1048984
0.0
3051336
1048968
0.0
3208040
1048952
0.0
3388240
1049128
0.0
2813344
1049128
0.0
3123128
1048984
0.0
2102432
1049128
0.0
2920256
1048968
0.0
2985016
1048968
0.0
2597624
1048952
0.0
2656848
1048928
0.0
3535424
1048984
0.0
2934512
1048968
0.0
2555840
1048928
0.0
3217248
1048984
0.0
2779232
1048968
0.0
2980608
1048984
0.0
3581552
1049128
0.0
3997544
1049048
0.0
2563696
1048944
0.0
3024920
1048968
0.0
2820408
1048936
0.0
3828720
1049000
0.0
3299392
1048984
0.0
3130512
1048984
0.0
2636872
1048928
0.0
3807296
1049040
0.0
2907528
1048968
0.0
3095616
1048960
0.0
2804384
1049128
0.0
2763328
1048928
0.0
2599864
1048928
0.0
3739488
1049032
0.0
2753392
1049128
0.0
2963016
1048968
0.0
3224024
1048976
0.0
3437040
1049128
0.0
2927736
1048968
0.0
2871608
1048968
0.0
3012416
1048968
0.0
2823312
1048968
0.0
3093040
1048984
0.0
3005496
1048968
0.0
3222656
1048984
0.0
2863264
1048944
0.0
2311088
1048936
0.0
4039552
1049096
0.0
3364768
1048984
0.0
2772864
1048960
0.0
2387792
1048928
0.0
3194536
1049008
0.0
3167088
1048976
0.0
2509656
1048952
0.0
3057192
1048984
0.0
2557664
1049128
0.0
2546832
1048928
0.0
2832496
1048976
0.0
2964608
1048984
0.0
3197176
1048952
0.0
3174464
1049128
0.0
3940568
1049064
0.0
4095384
1049128
0.0
2671816
1048968
0.0
3174472
1048984
0.0
3002104
1048968
0.0
2910384
1048976
0.0
3758048
1049008
0.0
3491360
1048984
0.0
3014664
1048960
0.0
2768416
1048960
0.0
2811448
1048960
0.0
2863944
1048960
0.0
3026320
1048968
0.0
2496512
1048928
0.0
3117336
1048984
0.0
2451784
1048920
0.0
4028640
1049128
0.0
3668736
1049024
0.0
2830880
1048968
0.0
3092224
1049128
0.0
1879184
1049128
0.0
3943392
1049040
0.0
2002544
1049128
0.0
2761080
1048960
0.0
2705032
1048968
0.0
2837784
1048968
0.0
2841200
1048984
0.0
3080360
1048984
0.0
4489744
1049128
0.0
3254016
1048968
0.0
3299392
1048984
0.0
2598784
1049128
0.0
2986472
1049008
0.0
3342360
1048992
0.0
3448416
1048968
0.0
4410840
1049032
0.0
2896552
1048984
0.0
2732272
1048968
0.0
3054408
1048968
0.0
2443192
1048928
0.0
3024856
1048968
0.0
2791760
1048968
0.0
2877032
1048984
0.0
4074768
1049024
0.0
2680704
1048920
0.0
3814744
1049000
0.0
3852536
1049000
0.0
3258048
1048960
0.0
3254648
1049000
0.0
2269704
1048944
0.0
3057192
1048984
0.0
2876248
1048968
0.0
4079896
1049064
0.0
2719632
1048928
0.0
3796392
1049024
0.0
2845016
1048968
0.0
3256320
1049128
0.0
3036648
1048968
0.0
3342920
1048984
0.0
3249320
1048984
0.0
3222880
1048984
0.0
2439392
1048920
0.0
3244968
1049000
0.0
2581040
1048928
0.0
2535984
1048928
0.0
4463600
1049128
0.0
3044856
1048968
0.0
3455776
1048984
0.0
3117568
1049008
0.0
2704816
1048920
0.0
3497728
1048984
0.0
2592848
1048928
0.0
3636200
1048992
0.0
2807032
1048952
0.0
2738768
1049128
0.0
3024000
1048968
0.0
4310704
1049128
0.0
3025448
1048984
0.0
3024984
1048968
0.0
2729768
1048928
0.0
3446672
1049016
0.0
3047696
1048960
0.0
3196712
1048984
0.0
2660464
1049128
0.0
4279096
1049112
0.0
2700392
1048944
0.0
3390776
1048968
0.0
3613888
1049000
0.0
2825088
1048968
0.0
2750912
1048968
0.0
2999592
1048960
0.0
2891472
1048968
0.0
2725688
1048976
0.0
2870016
1048960
0.0
3153384
1048984
0.0
3728264
1049128
0.0
3397784
1048984
0.0
3359720
1048984
0.0
2963408
1048984
0.0
2880752
1048944
0.0
2658880
1048952
0.0
2601536
1048928
0.0
3701976
1049128
0.0
3220744
1048968
0.0
3418640
1048984
0.0
2778480
1048952
0.0
2411880
1048920
0.0
3324208
1049000
0.0
3153872
1048984
0.0
3314888
1048984
0.0
3272848
1048984
0.0
3517080
1049000
0.0
3026120
1048984
0.0
2518040
1048928
0.0
2577560
1048928
0.0
2981104
1048952
0.0
2759760
1048952
0.0
3067528
1048984
0.0
3240248
1048984
0.0
3218376
1048968
0.1
2706056
1048968
0.0
2536680
1048920
0.0
2661848
1048960
0.0
2889368
1048984
0.0
3411744
1049128
0.0
2606496
1048944
0.0
2479296
1048920
0.0
3615960
1049000
0.0
2902960
1048960
0.0
2770560
1048936
0.0
3100048
1048984
0.0
3048824
1048960
0.0
2895984
1048968
0.0
2526360
1048944
0.0
3125000
1048968
0.0
3325456
1048984
0.0
3631752
1049008
0.0
2808080
1048928
0.0
2597776
1048928
0.0
3887008
1049040
0.0
2813840
1048952
0.0
3120960
1048984
0.0
2938616
1048984
0.0
3069232
1049128
0.0
2722144
1049128
0.0
2648264
1048944
0.0
2443296
1048952
0.0
2953272
1048968
0.0
3362704
1049128
0.0
2519120
1048944
0.0
2986072
1049128
0.0
3346120
1048992
0.0
3057192
1048984
0.0
3499136
1048984
0.0
2810024
1048944
0.0
2642080
1048928
0.0
2906480
1048968
0.0
2813520
1048968
0.0
3006320
1048984
0.0
2924800
1048960
0.0
2787456
1048968
0.0
2975408
1048984
0.0
3214032
1048968
0.0
2840056
1048984
0.0
2816240
1048968
0.0
3161416
1048984
0.0
2772080
1048984
0.0
2774752
1048960
0.0
2627480
1048984
0.0
3254024
1048984
0.0
2921888
1048984
0.0
2935424
1048976
0.0
2574832
1048928
0.0
2932888
1048968
0.0
3321016
1048984
0.0
2587696
1048928
0.0
3925216
1049128
0.0
2876816
1048968
0.0
2895504
1048984
0.0
2959064
1048968
0.0
2835736
1048960
0.0
3032832
1048968
0.0
2706584
1048968
0.0
2850216
1048976
0.0
3366152
1048984
0.0
3010968
1048968
0.0
2902704
1048944
0.0
3236800
1048968
0.0
3302560
1048976
0.0
3104544
1049008
0.0
2420664
1048928
0.0
4791512
1049112
0.0
2328808
1048928
0.0
4133000
1049128
0.0
3249424
1049000
0.0
3519920
1048984
0.0
2698304
1048968
0.0
3225536
1049128
0.0
2952512
1048944
0.0
2940040
1048960
0.0
3299288
1048984
0.0
2454104
1048920
0.0
2290352
1048928
0.0
2908168
1048976
0.0
3038064
1048984
0.0
3071376
1048984
0.0
3137896
1049000
0.0
3060872
1048984
0.0
4149064
1049056
0.0
3024504
1048984
0.0
2642296
1048968
0.0
3054408
1048984
0.0
2568904
1048960
0.0
3426024
1049008
0.0
3158272
1048960
0.0
4424392
1049128
0.0
2883632
1048960
0.0
2954032
1048984
0.0
2816240
1048968
0.0
2681024
1049128
0.0
3431264
1048984
0.0
2550688
1048928
0.0
2632280
1048960
0.0
3220240
1049008
0.0
2690960
1048960
0.0
2642888
1048928
0.0
3506864
1049032
0.0
2945456
1048968
0.0
3447728
1048984
0.0
2930856
1048968
0.0
2785952
1048952
0.0
2910360
1048968
0.0
3029144
1048984
0.0
2674848
1048944
0.0
2608136
1048928
0.0
3152176
1048984
0.0
2414056
1048944
0.0
3111976
1048984
0.0
3102736
1048984
0.0
2832568
1048984
0.0
3354376
1048984
0.0
3020136
1048984
0.0
3099576
1048968
0.0
2581752
1048928
0.0
4382000
1049128
0.0
3008408
1048960
0.0
3484160
1048984
0.0
2917928
1048976
0.0
2830600
1048944
0.0
2493352
1048936
0.0
3945840
1049056
0.0
2713592
1048968
0.0
2877864
1048968
0.0
3410560
1049128
0.0
3332520
1048976
0.0
2867912
1048952
0.0
2590512
1048976
0.0
4157656
1049040
0.0
3424432
1048984
0.0
3647024
1049024
0.0
2845664
1048968
0.0
2563080
1048928
0.0
3625632
1049016
0.0
3492448
1048992
0.0
2742632
1048960
0.0
3125360
1048968
0.0
3108664
1048968
0.0
2767536
1048952
0.0
2855816
1048968
0.0
2970312
1048976
0.0
2588680
1048952
0.0
2809616
1048960
0.0
2804088
1048968
0.0
3029184
1048984
0.0
2901288
1048968
0.0
2878336
1048968
0.0
3986064
1049128
0.0
3409440
1049016
0.0
2625288
1048928
0.0
3298912
1048992
0.0
3148976
1048984
0.0
3143240
1048960
0.0
2656200
1048944
0.0
2855288
1048952
0.0
2596456
1048952
0.0
2961776
1048960
0.0
2867304
1048960
0.0
4200072
1049080
0.0
3108536
1048976
0.0
2782704
1048952
0.0
3664720
1049128
0.0
2584808
1048936
0.0
3871160
1049008
0.0
3008968
1048984
0.0
3222800
1048984
0.0
3018144
1048984
0.0
3280720
1048984
0.1
2508480
1048952
0.0
3359728
1048984
0.0
3243136
1049000
0.0
3397856
1048984
0.0
2890408
1048968
0.0
2774136
1048952
0.0
2866064
1049128
0.0
3055744
1048968
0.0
2869824
1048984
0.0
3155712
1048984
0.0
3144128
1048968
0.0
2716568
1048960
0.0
3299376
1048984
0.0
3445168
1048984
0.0
3467272
1048984
0.0
2968864
1049128
0.0
3232736
1048968
0.0
4077320
1049016
0.0
2604952
1048960
0.0
2685856
1048920
0.0
2766336
1048984
0.0
3477472
1049008
0.0
2986576
1048984
0.0
2514152
1048928
0.0
4435224
1049128
0.0
3085128
1048984
0.0
2479768
1048936
0.0
4309504
1049104
0.0
2388640
1048936
0.0
2328000
1048928
0.0
3835008
1049032
0.0
2805112
1048984
0.0
3497864
1049128
0.0
3157528
1049008
0.0
2834600
1048968
0.0
2956584
1048968
0.0
3418640
1048984
0.0
2460728
1048936
0.0
3923720
1049032
0.0
2558136
1048928
0.0
2790672
1048952
0.0
3404624
1049128
0.0
3846904
1049000
0.0
3604960
1049008
0.0
2833016
1048952
0.0
3049424
1048968
0.0
3619264
1049128
0.0
3046480
1048968
0.0
2901672
1048968
0.0
3160400
1048984
0.0
3795416
1049056
0.0
3059976
1048968
0.0
3563392
1048976
0.0
3086080
1048968
0.0
2448888
1048920
0.0
2840712
1048952
0.0
3132456
1048984
0.0
4027672
1049128
0.0
3221424
1048984
0.0
3042176
1048984
0.0
3210312
1048984
0.0
2490264
1048928
0.0
2778352
1048928
0.0
3310120
1048968
0.0
2939816
1048984
0.0
3122936
1048968
0.0
3166232
1048960
0.0
3324960
1049000
0.0
3086512
1049128
0.0
3145448
1048968
0.0
2630496
1048928
0.0
3368184
1048992
0.0
2912480
1048960
0.0
2645568
1048960
0.0
3381120
1048984
0.0
3134368
1048984
0.0
2951504
1048976
0.0
2393184
1049128
0.0
3188752
1048984
0.0
2713096
1048952
0.0
2423528
1048920
0.0
2479856
1048944
0.0
2838080
1048952
0.0
2770776
1048984
0.0
3010968
1048968
0.0
2869576
1048984
0.0
2816296
1048952
0.0
3355496
1049128
0.0
2445968
1048944
0.0
3275808
1048984
0.0
3135872
1048984
0.0
2906936
1048968
0.0
3254064
1048984
0.0
3069440
1048984
0.0
3144064
1049000
0.0
2518232
1048928
0.0
3369504
1049000
0.0
2901368
1048968
0.0
2997248
1048968
0.0
2395536
1048944
0.0
2851056
1048952
0.0
2559320
1048928
0.0
2722528
1048928
0.0
2887864
1048984
0.0
2946808
1048968
0.0
3146704
1048984
0.0
2591064
1048920
0.0
4065360
1049048
0.0
3536544
1049000
0.0
2745816
1048976
0.0
2999968
1048984
0.0
3322560
1048984
0.0
2992120
1048968
0.0
2915344
1048968
0.0
2856200
1048968
0.0
2514944
1048928
0.0
3263840
1049016
0.0
2495984
1049128
0.0
2903520
1048968
0.0
2857488
1048984
0.0
2405912
1048944
0.0
3125256
1048960
0.0
3009296
1048968
0.0
3289032
1048984
0.0
3165416
1048984
0.0
3214592
1048984
0.0
2575608
1048960
0.0
2355680
1048928
0.0
3731496
1049040
0.0
2845504
1049128
0.0
3251752
1048984
0.0
2393184
1049128
0.0
2888976
1048968
0.0
2578144
1048928
0.0
4637664
1049128
0.0
3866152
1049128
0.0
2995472
1048984
0.0
3144336
1048960
0.0
2582192
1048944
0.0
2678624
1048960
0.0
2748144
1048960
0.0
3400112
1048984
0.0
2598784
1049128
0.0
2530848
1048952
0.0
3006160
1048968
0.0
2914344
1048968
0.0
2627464
1048936
0.0
3100200
1048952
0.0
3690664
1049128
0.0
2816984
1048944
0.0
3577488
1048992
0.0
2781200
1049128
0.0
2767920
1048936
0.0
4186912
1049104
0.0
2405416
1048952
0.0
3285680
1048984
0.0
4064992
1049128
0.0
2887736
1048960
0.0
3219240
1048968
0.0
4013544
1049128
0.0
3350304
1049000
0.0
2475424
1049128
0.0
3097360
1048984
0.0
2345720
1048936
0.0
2552080
1048928
0.0
2875080
1048968
0.0
2650624
1048936
0.0
2810120
1048960
0.0
2643056
1048920
0.0
2432536
1048928
0.0
3921736
1049024
0.0
3067048
1048960
0.0
3026088
1048968
0.0
2665472
1048936
0.0
2796696
1048984
0.0
2912976
1048968
0.0
3349592
1048984
0.0
3384504
1048984
0.0
3389192
1049024
0.0
2474288
1048944
0.0
2599928
1048952
0.0
3063576
1048952
0.0
2467712
1048920
0.0
2814688
1048976
0.0
2655720
1048984
0.0
3212464
1048968
0.0
2803480
1048936
0.0
3253336
1048992
0.0
2915344
1048968
0.0
3546120
1049064
0.0
3148776
1048992
0.0
2812360
1048968
0.0
2431344
1048920
0.0
3160512
1049008
0.0
2904032
1048960
0.0
2982760
1048968
0.0
3079984
1048968
0.0
3111144
1048984
0.0
2546328
1048936
0.0
3069304
1048928
0.0
3076168
1049008
0.0
3119592
1049000
0.0
3109288
1048992
0.0
3097360
1048984
0.0
2569456
1048928
0.0
3515456
1049016
0.0
2966416
1048960
0.0
2980560
1048968
0.0
2936952
1048968
0.0
3109960
1048968
0.0
3521632
1049016
0.0
2975408
1048984
0.0
3163528
1048976
0.0
3133344
1049128
0.0
3091568
1048984
0.0
2767536
1048952
0.0
4108192
1049032
0.0
2520648
1048920
0.0
2514696
1048928
0.0
2851968
1048976
0.0
3768880
1049008
0.0
2429256
1048920
0.0
4334360
1049024
0.0
2920496
1048968
0.0
3378432
1049008
0.0
3153384
1048984
0.0
2084784
1049128
0.0
3153376
1048968
0.0
2628184
1048928
0.0
2730304
1048944
0.0
4096168
1049040
0.0
3382640
1049016
0.0
2899104
1048976
0.0
2400944
1048928
0.0
2990392
1048984
0.0
3167920
1048968
0.0
2758256
1048952
0.0
3013584
1048968
0.0
3100160
1048968
0.0
3010968
1048968
0.0
2475760
1048920
0.0
3184152
1048984
0.0
2783824
1049128
0.0
2851104
1048968
0.0
3084480
1048984
0.0
3267680
1048984
0.0
2625864
1048952
0.0
3008184
1048968
0.0
2693568
1048928
0.0
2543000
1048952
0.0
2913720
1048968
0.0
2719144
1048952
0.0
3352288
1049128
0.0
2566560
1048928
0.0
3772632
1049000
0.0
2722144
1049128
0.0
2517504
1048944
0.0
3012976
1048976
0.0
3229352
1048984
0.0
2632072
1048968
0.0
2881888
1048952
0.0
2991408
1048960
0.0
3304520
1048984
0.0
2864024
1048968
0.0
3088080
1048976
0.0
2453232
1048920
0.0
2528208
1048928
0.0
3147456
1048984
0.0
3171664
1048984
0.0
3160976
1048968
0.0
2745560
1048936
0.0
2729080
1048928
0.0
4211640
1049120
0.0
3106448
1048960
0.0
2946704
1049128
0.0
1817504
1049128
0.0
3036656
1048984
0.0
3040440
1048960
0.0
3005080
1048944
0.0
2934200
1048984
0.0
2620944
1048928
0.0
3185312
1048984
0.0
3660424
1049128
0.0
4015576
1049008
0.0
2956416
1048968
0.0
3023832
1048968
0.0
3297824
1049128
0.0
3157008
1048984
0.0
2492336
1048928
0.0
3492416
1048984
0.0
2964352
1048968
0.0
2845504
1049128
0.0
1999920
1049128
0.0
2650440
1048944
0.0
4436504
1049120
0.0
3504368
1048984
0.0
3427088
1048992
0.0
3205160
1048984
0.0
3121104
1048984
0.0
3115392
1048984
0.0
3078744
1049128
0.0
3091368
1048984
0.0
3486736
1049128
0.0
3296064
1048992
0.0
2972904
1048968
0.0
2842880
1049128
0.0
2865344
1048992
0.0
2634320
1048952
0.0
2324032
1048928
0.0
2546832
1048928
0.0
3121336
1048984
0.0
3153904
1049128
0.0
1858624
1049128
0.0
3222400
1048984
0.0
3337648
1048992
0.0
2844256
1048960
0.0
3096176
1048968
0.0
2497960
1048928
0.0
3835760
1049128
0.0
2510448
1048944
0.0
2596112
1048952
0.0
2907184
1049128
0.0
2427976
1048920
0.0
3903048
1049024
0.0
2849704
1048936
0.0
3212672
1048984
0.0
2760936
1048928
0.0
3561936
1048992
0.0
3051288
1048968
0.0
3823312
1049128
0.0
3428144
1049000
0.0
2552120
1048936
0.0
4288872
1049104
0.0
3293480
1049024
0.0
3802656
1049008
0.0
3055088
1048968
0.0
2598120
1048952
0.0
2516104
1048928
0.0
4205696
1049080
0.0
2387904
1048920
0.0
4005984
1049016
0.0
3229352
1048984
0.0
2674784
1048928
0.0
3487232
1048984
0.0
2855424
1048928
0.0
3588512
1049008
0.0
3276456
1048984
0.0
3874352
1049024
0.0
3079232
1048984
0.0
2519120
1048952
0.0
2936440
1048984
0.0
3239360
1048984
0.0
3114736
1048984
0.0
2845504
1049128
0.0
3353952
1048992
0.0
3139208
1049008
0.0
2497696
1048928
0.0
4273976
1049112
0.0
3556680
1048992
0.0
2870736
1048968
0.0
2591232
1048960
0.0
2770384
1048936
0.0
3106704
1048976
0.0
3202480
1048984
0.0
2822768
1048968
0.0
2778712
1048952
0.0
2966824
1048944
0.0
4538088
1049128
0.0
2927744
1049128
0.0
2530848
1048920
0.0
3359016
1049024
0.0
2883656
1048968
0.0
2848024
1048960
0.0
3702224
1049016
0.0
3113720
1048968
0.0
2726872
1048928
0.0
4382472
1049120
0.0
2699736
1048928
0.0
3805768
1049040
