im-aes128-gcm-4095
1000
08/28/18
0.0
2321984
1048904
0.0
2395792
1048904
0.0
2244264
1048904
0.0
2430400
1048904
0.0
2191672
1048904
0.0
2475160
1048904
0.0
2571472
1048904
0.0
2228336
1048904
0.0
2320328
1048904
0.0
2245944
1048904
0.0
2391120
1048904
0.0
2840560
1048904
0.0
3001248
1048904
0.0
2423840
1048904
0.0
2769064
1048904
0.0
2291368
1048904
0.0
2655624
1048904
0.0
2270560
1048904
0.0
2207600
1048904
0.0
2496376
1048904
0.0
2226888
1048904
0.0
2188776
1048904
0.0
2457504
1048904
0.0
2544800
1048904
0.0
2684768
1048904
0.0
2591776
1048904
0.0
2397808
1048904
0.0
2375216
1048904
0.0
2237120
1048904
0.0
2406912
1048904
0.0
2979048
1048904
0.0
2396328
1048904
0.0
2557176
1048904
0.0
2415456
1048904
0.0
2326896
1048904
0.0
2432048
1048904
0.0
2410976
1048904
0.0
2360728
1048904
0.0
2205504
1048904
0.0
2197464
1048904
0.0
2410240
1048904
0.0
2350944
1048904
0.0
2232776
1048904
0.0
2315416
1048904
0.0
2466264
1048904
0.0
2825560
1048904
0.0
2854824
1048904
0.0
2393160
1048904
0.0
2920440
1048904
0.0
2305344
1048904
0.0
2226984
1048904
0.0
2380248
1048904
0.0
2337240
1048904
0.0
2496496
1048904
0.0
2328912
1048904
0.0
2200112
1048904
0.0
2312584
1048904
0.0
2413736
1048904
0.0
2936096
1048904
0.0
2300064
1048904
0.0
2371184
1048904
0.0
2252952
1048904
0.0
2440080
1048904
0.0
2223528
1048904
0.0
2400008
1048904
0.0
2340368
1048904
0.0
2478368
1048904
0.0
2545872
1048904
0.0
2547856
1048904
0.0
2319168
1048904
0.0
2602968
1048904
0.0
2224976
1048904
0.0
2603816
1048904
0.0
2421416
1048904
0.0
2341616
1048904
0.0
2341608
1048904
0.0
2354976
1048904
0.0
2612080
1048904
0.0
2387640
1048904
0.0
2204992
1048904
0.0
2315520
1048904
0.0
2403536
1048904
0.0
2319184
1048904
0.0
2375016
1048904
0.0
3183416
1048904
0.0
2758656
1048904
0.0
2267728
1048904
0.0
2502800
1048904
0.0
3040056
1048904
0.0
2320328
1048904
0.0
2333360
1048904
0.0
2367808
1048904
0.0
2329280
1048904
0.0
2596520
1048904
0.0
2307360
1048904
0.0
2375208
1048904
0.0
2415320
1048904
0.0
2655008
1048904
0.0
2321000
1048904
0.0
2350592
1048904
0.0
2583520
1048904
0.0
2383232
1048904
0.0
2205264
1048904
0.0
2556520
1048904
0.0
2203896
1048904
0.0
2264056
1048904
0.0
2299760
1048904
0.0
2798320
1048904
0.0
2484160
1048904
0.0
2439088
1048904
0.0
2352080
1048904
0.0
2330024
1048904
0.0
2397240
1048904
0.0
2162712
1048904
0.0
2540104
1048904
0.0
2478824
1048904
0.0
2603896
1048904
0.0
2285776
1048904
0.0
2312864
1048904
0.0
2238568
1048904
0.0
2308144
1048904
0.0
2305640
1048904
0.0
2440912
1048904
0.0
2285960
1048904
0.0
2617648
1048904
0.0
2164160
1048904
0.0
2559048
1048904
0.0
2359976
1048904
0.0
2531360
1048904
0.0
2327464
1048904
0.0
2392896
1048904
0.0
2460992
1048904
0.0
2587624
1048904
0.0
2406528
1048904
0.0
2315520
1048904
0.0
2426896
1048904
0.0
2212096
1048904
0.0
2507280
1048904
0.0
2213392
1048904
0.0
2507784
1048904
0.0
2382192
1048904
0.0
2517216
1048904
0.0
2898624
1048904
0.0
2215904
1048904
0.0
2372288
1048904
0.0
2223528
1048904
0.0
2207600
1048904
0.0
2422328
1048904
0.0
2443616
1048904
0.0
2526304
1048904
0.0
2503232
1048904
0.0
2314544
1048904
0.0
2488920
1048904
0.0
2340808
1048904
0.0
2560720
1048904
0.0
2300440
1048904
0.0
2093584
1048904
0.0
2332920
1048904
0.0
2572040
1048904
0.0
2375424
1048904
0.0
2348048
1048904
0.0
2500840
1048904
0.0
2203256
1048904
0.0
2222248
1048904
0.0
2994176
1048904
0.0
2183680
1048904
0.0
2424104
1048904
0.0
2950256
1048904
0.0
2309792
1048904
0.0
2602736
1048904
0.0
2621224
1048904
0.0
2439560
1048904
0.0
2385048
1048904
0.0
2340152
1048904
0.0
2598504
1048904
0.0
2306520
1048904
0.0
2492848
1048904
0.0
2404352
1048904
0.0
2122168
1048904
0.0
2295616
1048904
0.0
2238008
1048904
0.0
2867784
1048904
0.0
2456232
1048904
0.0
2326384
1048904
0.0
2127960
1048904
0.0
2637840
1048904
0.0
2478984
1048904
0.0
3064680
1048904
0.0
2436192
1048904
0.0
2343832
1048904
0.0
2340808
1048904
0.0
2214840
1048904
0.0
2608488
1048904
0.0
2277832
1048904
0.0
2253048
1048904
0.0
2902776
1048904
0.0
2229472
1048904
0.0
2534248
1048904
0.0
2275368
1048904
0.0
2280976
1048904
0.0
2369920
1048904
0.0
2301000
1048904
0.0
2236712
1048904
0.0
2261640
1048904
0.0
2422840
1048904
0.0
2393104
1048904
0.0
2402928
1048904
0.0
2462536
1048904
0.0
2412592
1048904
0.0
2121096
1048904
0.0
2495360
1048904
0.0
2369952
1048904
0.0
2308240
1048904
0.0
2319288
1048904
0.0
2344840
1048904
0.0
2576368
1048904
0.0
2388080
1048904
0.0
2356568
1048904
0.0
2244120
1048904
0.0
2349328
1048904
0.0
2568472
1048904
0.0
2470784
1048904
0.0
2272072
1048904
0.0
2339008
1048904
0.0
2235280
1048904
0.0
2450160
1048904
0.0
2359696
1048904
0.0
2197464
1048904
0.0
2504008
1048904
0.0
2782224
1048904
0.0
3040472
1048904
0.0
2424376
1048904
0.0
2303336
1048904
0.0
2443944
1048904
0.0
2306560
1048904
0.0
2586112
1048904
0.0
2336112
1048904
0.0
2327744
1048904
0.0
2256080
1048904
0.0
2338784
1048904
0.0
2503048
1048904
0.0
2108064
1048904
0.0
2399360
1048904
0.0
2319648
1048904
0.0
2259896
1048904
0.0
2222080
1048904
0.0
2825152
1048904
0.0
2366880
1048904
0.0
2190784
1048904
0.0
2301000
1048904
0.0
2354952
1048904
0.0
2539136
1048904
0.0
2337912
1048904
0.0
2450976
1048904
0.0
2338200
1048904
0.0
2582208
1048904
0.0
2334096
1048904
0.0
2173856
1048904
0.0
2395328
1048904
0.0
2415384
1048904
0.0
2768928
1048904
0.0
2253824
1048904
0.0
2200016
1048904
0.0
2238176
1048904
0.0
2436336
1048904
0.0
2390808
1048904
0.0
2226984
1048904
0.0
2411984
1048904
0.0
2493616
1048904
0.0
2984608
1048904
0.0
3128144
1048904
0.0
2832216
1048904
0.0
2445760
1048904
0.0
2206648
1048904
0.0
2458416
1048904
0.0
2779192
1048904
0.0
2406944
1048904
0.0
2246600
1048904
0.0
2296864
1048904
0.0
2248840
1048904
0.0
2375208
1048904
0.0
2764648
1048904
0.0
2407544
1048904
0.0
2303488
1048904
0.0
2494784
1048904
0.0
2604040
1048904
0.0
2193120
1048904
0.0
2885480
1048904
0.0
2356568
1048904
0.0
2405488
1048904
0.0
2500208
1048904
0.0
2320200
1048904
0.0
2423176
1048904
0.0
2410096
1048904
0.0
2332752
1048904
0.0
2746568
1048904
0.0
2216288
1048904
0.0
2842360
1048904
0.0
2428920
1048904
0.0
2280800
1048904
0.0
2223528
1048904
0.0
2266216
1048904
0.0
2229880
1048904
0.0
2411008
1048904
0.0
2451968
1048904
0.0
2688192
1048904
0.0
2385920
1048904
0.0
2879264
1048904
0.0
2189976
1048904
0.0
2333744
1048904
0.0
2284000
1048904
0.0
2369392
1048904
0.0
2718032
1048904
0.0
2226984
1048904
0.0
2223528
1048904
0.0
2335656
1048904
0.0
2328920
1048904
0.0
2240904
1048904
0.0
2264200
1048904
0.0
2799520
1048904
0.0
2411256
1048904
0.0
2525432
1048904
0.0
2483312
1048904
0.0
2325720
1048904
0.0
2332920
1048904
0.0
2263992
1048904
0.0
2506816
1048904
0.1
3572256
1048904
0.0
2835264
1048904
0.0
2214992
1048904
0.0
2442632
1048904
0.0
2475080
1048904
0.0
2340376
1048904
0.0
2886808
1048904
0.0
2254496
1048904
0.0
2342600
1048904
0.0
2418176
1048904
0.0
2402760
1048904
0.0
2251040
1048904
0.0
2328888
1048904
0.0
2277872
1048904
0.0
2339720
1048904
0.0
2383912
1048904
0.0
2331544
1048904
0.0
2246696
1048904
0.0
2230768
1048904
0.0
2256176
1048904
0.0
2333256
1048904
0.0
2243488
1048904
0.0
2163784
1048904
0.0
2512504
1048904
0.0
2339416
1048904
0.0
2973448
1048904
0.0
2869968
1048904
0.0
2331480
1048904
0.0
2329016
1048904
0.0
2366872
1048904
0.0
2257488
1048904
0.0
2285544
1048904
0.0
2740896
1048904
0.0
3154376
1048904
0.0
2364304
1048904
0.0
2304536
1048904
0.0
2571960
1048904
0.0
2983664
1048904
0.0
2589880
1048904
0.0
2226424
1048904
0.0
2260024
1048904
0.0
2401072
1048904
0.0
2214840
1048904
0.0
2354168
1048904
0.0
2369928
1048904
0.0
2335016
1048904
0.0
2441832
1048904
0.0
2460688
1048904
0.0
2409536
1048904
0.0
2449024
1048904
0.0
2278848
1048904
0.0
2358616
1048904
0.0
2316368
1048904
0.0
2315480
1048904
0.0
2226424
1048904
0.0
2580360
1048904
0.0
2322448
1048904
0.0
2332896
1048904
0.0
2193120
1048904
0.0
2467896
1048904
0.0
2413704
1048904
0.0
2411592
1048904
0.0
2492088
1048904
0.0
2265176
1048904
0.0
2553472
1048904
0.0
2324936
1048904
0.0
2405464
1048904
0.0
2425080
1048904
0.0
2332896
1048904
0.0
2219744
1048904
0.0
2234224
1048904
0.0
2404688
1048904
0.0
2426096
1048904
0.0
2349144
1048904
0.0
2783976
1048904
0.0
2372336
1048904
0.0
2339048
1048904
0.0
2302448
1048904
0.0
2404344
1048904
0.0
2104432
1048904
0.0
2392584
1048904
0.0
2356624
1048904
0.0
2805728
1048904
0.0
2187328
1048904
0.0
2436024
1048904
0.0
2454848
1048904
0.0
2159800
1048904
0.0
2534224
1048904
0.0
2216752
1048904
0.0
2395584
1048904
0.0
2362872
1048904
0.0
2283384
1048904
0.0
2361880
1048904
0.0
2232680
1048904
0.0
2142328
1048904
0.0
2399952
1048904
0.0
2219648
1048904
0.0
2729096
1048904
0.0
2235880
1048904
0.0
2537152
1048904
0.0
2436648
1048904
0.0
2398560
1048904
0.0
2415552
1048904
0.0
2307360
1048904
0.0
2142176
1048904
0.0
2297800
1048904
0.0
2367368
1048904
0.0
2315744
1048904
0.0
2241368
1048904
0.0
2492184
1048904
0.0
2295240
1048904
0.0
2299376
1048904
0.0
2531040
1048904
0.0
2153760
1048904
0.0
2545216
1048904
0.0
2645848
1048904
0.0
2422728
1048904
0.0
2425560
1048904
0.0
2314072
1048904
0.0
2515224
1048904
0.0
2306136
1048904
0.0
2351920
1048904
0.0
2541552
1048904
0.0
2338720
1048904
0.0
2369072
1048904
0.0
2361928
1048904
0.0
2235264
1048904
0.0
2181160
1048904
0.0
2411080
1048904
0.0
2306832
1048904
0.0
2309128
1048904
0.0
2318304
1048904
0.0
2426672
1048904
0.0
2292216
1048904
0.0
2271480
1048904
0.0
2291240
1048904
0.0
2343200
1048904
0.0
2323248
1048904
0.0
2705536
1048904
0.0
2215944
1048904
0.0
2195208
1048904
0.0
2309128
1048904
0.0
2611976
1048904
0.0
2352392
1048904
0.0
2328912
1048904
0.0
2430872
1048904
0.0
2360080
1048904
0.0
2240016
1048904
0.0
2541416
1048904
0.0
2322720
1048904
0.0
2226984
1048904
0.0
2223528
1048904
0.0
2233664
1048904
0.0
2300064
1048904
0.0
2264768
1048904
0.0
2330000
1048904
0.0
2232216
1048904
0.0
2641240
1048904
0.0
2922808
1048904
0.0
2333520
1048904
0.0
2232216
1048904
0.0
2698112
1048904
0.0
2479632
1048904
0.0
2287408
1048904
0.0
2321312
1048904
0.0
2226984
1048904
0.0
2396464
1048904
0.0
2361552
1048904
0.0
2226984
1048904
0.0
2345928
1048904
0.0
2447960
1048904
0.0
2469368
1048904
0.0
2406936
1048904
0.0
2797888
1048904
0.0
2396776
1048904
0.0
2436608
1048904
0.0
2181192
1048904
0.0
2307832
1048904
0.0
2369616
1048904
0.0
2320712
1048904
0.0
2357376
1048904
0.0
2235200
1048904
0.0
2188776
1048904
0.0
2773400
1048904
0.0
2295736
1048904
0.0
2400008
1048904
0.0
2383744
1048904
0.0
2238568
1048904
0.0
2195360
1048904
0.0
2278264
1048904
0.0
2394216
1048904
0.0
2235576
1048904
0.0
2209608
1048904
0.0
2326968
1048904
0.0
2232368
1048904
0.0
2818392
1048904
0.0
2463744
1048904
0.0
2392552
1048904
0.0
2671224
1048904
0.0
2440304
1048904
0.0
2232216
1048904
0.0
2293664
1048904
0.0
2226064
1048904
0.0
2218296
1048904
0.0
2178264
1048904
0.0
2489192
1048904
0.0
2286424
1048904
0.0
2244568
1048904
0.0
2383232
1048904
0.0
2292376
1048904
0.0
2463704
1048904
0.0
2422928
1048904
0.0
2394312
1048904
0.0
2251040
1048904
0.0
2590056
1048904
0.0
2911016
1048904
0.0
2267736
1048904
0.0
2424104
1048904
0.0
2444648
1048904
0.0
2854256
1048904
0.0
2459200
1048904
0.0
2214840
1048904
0.0
2238568
1048904
0.0
2181536
1048904
0.0
2645520
1048904
0.0
2779992
1048904
0.0
2385472
1048904
0.0
2214840
1048904
0.0
2309688
1048904
0.0
2246696
1048904
0.0
2518048
1048904
0.0
2226984
1048904
0.0
3233152
1048904
0.0
2197464
1048904
0.0
2239096
1048904
0.0
2307064
1048904
0.0
2727944
1048904
0.0
2706648
1048904
0.0
2576856
1048904
0.0
2332120
1048904
0.0
2754432
1048904
0.0
2402888
1048904
0.0
2343032
1048904
0.0
2946928
1048904
0.0
2319768
1048904
0.0
2390984
1048904
0.0
2243480
1048904
0.0
2691464
1048904
0.0
2547936
1048904
0.0
2276816
1048904
0.0
2469376
1048904
0.0
2226424
1048904
0.0
2758240
1048904
0.0
2343880
1048904
0.0
2307200
1048904
0.0
2525736
1048904
0.0
2988480
1048904
0.0
2396776
1048904
0.0
2292552
1048904
0.0
2222304
1048904
0.0
2341944
1048904
0.0
2267832
1048904
0.0
2308280
1048904
0.0
2266216
1048904
0.0
2326656
1048904
0.0
2374104
1048904
0.0
2232216
1048904
0.0
2376656
1048904
0.0
2269864
1048904
0.0
2289496
1048904
0.0
2408880
1048904
0.0
2419464
1048904
0.0
2306232
1048904
0.0
2259008
1048904
0.0
2227872
1048904
0.0
2331808
1048904
0.0
2171056
1048904
0.0
2387368
1048904
0.0
2235672
1048904
0.0
2321408
1048904
0.0
2290560
1048904
0.0
2498392
1048904
0.0
2287312
1048904
0.0
2321312
1048904
0.0
2446168
1048904
0.0
2472968
1048904
0.0
2444384
1048904
0.0
2464688
1048904
0.0
2325656
1048904
0.0
2340096
1048904
0.0
2332248
1048904
0.0
2306560
1048904
0.0
2300848
1048904
0.0
2299592
1048904
0.0
2334680
1048904
0.0
2388256
1048904
0.0
2522264
1048904
0.0
2226984
1048904
0.0
2161264
1048904
0.0
2148136
1048904
0.0
2197464
1048904
0.0
2250832
1048904
0.0
2298600
1048904
0.0
2265032
1048904
0.0
2219184
1048904
0.0
2400144
1048904
0.0
2328072
1048904
0.0
2061480
1048904
0.0
2565048
1048904
0.0
2288400
1048904
0.0
2437408
1048904
0.0
2232776
1048904
0.0
2260552
1048904
0.0
2355920
1048904
0.0
2614120
1048904
0.0
2332928
1048904
0.0
2485936
1048904
0.0
2383744
1048904
0.0
2380976
1048904
0.0
2366952
1048904
0.0
2299928
1048904
0.0
2396864
1048904
0.0
2242904
1048904
0.0
2815568
1048904
0.0
2429192
1048904
0.0
2340304
1048904
0.0
2311176
1048904
0.0
2260424
1048904
0.0
3042784
1048904
0.0
2259728
1048904
0.0
2215568
1048904
0.0
2307168
1048904
0.0
2486208
1048904
0.0
2261344
1048904
0.0
2300928
1048904
0.0
2345952
1048904
0.0
2278168
1048904
0.0
2656968
1048904
0.0
2605872
1048904
0.0
2173488
1048904
0.0
2367160
1048904
0.0
2238008
1048904
0.0
2465432
1048904
0.0
2654296
1048904
0.0
2344504
1048904
0.0
2347840
1048904
0.0
2664640
1048904
0.0
2375016
1048904
0.0
2380912
1048904
0.0
2451488
1048904
0.0
2313088
1048904
0.0
2308168
1048904
0.0
2324304
1048904
0.0
2425456
1048904
0.0
2332120
1048904
0.0
2275920
1048904
0.0
2334368
1048904
0.0
2371576
1048904
0.0
2402904
1048904
0.0
2365568
1048904
0.0
2409928
1048904
0.0
2943648
1048904
0.0
2262792
1048904
0.0
2313472
1048904
0.0
2436904
1048904
0.0
2627600
1048904
0.0
2370824
1048904
0.0
2272552
1048904
0.0
2400008
1048904
0.0
2570408
1048904
0.0
2503584
1048904
0.0
2209976
1048904
0.0
2313296
1048904
0.0
2344480
1048904
0.0
2431248
1048904
0.0
2319416
1048904
0.0
2320168
1048904
0.0
2424376
1048904
0.0
2308280
1048904
0.0
2274264
1048904
0.0
2267456
1048904
0.0
2278776
1048904
0.0
2398320
1048904
0.0
2424096
1048904
0.0
2359976
1048904
0.0
2346600
1048904
0.0
2495592
1048904
0.0
2335816
1048904
0.0
2942024
1048904
0.0
2391648
1048904
0.0
2306232
1048904
0.0
2308952
1048904
0.0
2324208
1048904
0.0
2264768
1048904
0.0
2433104
1048904
0.0
2459232
1048904
0.0
2400320
1048904
0.0
2421856
1048904
0.0
2454352
1048904
0.0
2232216
1048904
0.0
2452832
1048904
0.0
2239360
1048904
0.0
2334664
1048904
0.0
2470520
1048904
0.0
2318104
1048904
0.0
2548792
1048904
0.0
2219184
1048904
0.0
2648784
1048904
0.0
2416728
1048904
0.0
2255848
1048904
0.0
2505656
1048904
0.0
2106064
1048904
0.0
2241072
1048904
0.0
2313472
1048904
0.0
2262776
1048904
0.0
2457792
1048904
0.0
2303336
1048904
0.0
2297544
1048904
0.0
2274128
1048904
0.0
2217160
1048904
0.0
2404952
1048904
0.0
2606984
1048904
0.0
2368664
1048904
0.0
2625840
1048904
0.0
2329400
1048904
0.0
2340496
1048904
0.0
2214992
1048904
0.0
2269256
1048904
0.0
2277272
1048904
0.0
2240904
1048904
0.0
2153760
1048904
0.0
2550248
1048904
0.0
2465432
1048904
0.0
2884816
1048904
0.0
2214664
1048904
0.0
2169464
1048904
0.0
2244360
1048904
0.0
2244360
1048904
0.0
2523752
1048904
0.0
2401584
1048904
0.0
2529800
1048904
0.0
2232680
1048904
0.0
2266480
1048904
0.0
2294648
1048904
0.0
2239920
1048904
0.0
2408176
1048904
0.0
2170648
1048904
0.0
2321304
1048904
0.0
2175480
1048904
0.0
2343392
1048904
0.0
2318880
1048904
0.0
2440056
1048904
0.0
2779296
1048904
0.0
2297544
1048904
0.0
2230920
1048904
0.0
2636520
1048904
0.0
2271736
1048904
0.0
2218200
1048904
0.0
2503320
1048904
0.0
2256080
1048904
0.0
2421072
1048904
0.0
2709696
1048904
0.0
2307680
1048904
0.0
2380248
1048904
0.0
2284056
1048904
0.0
2492336
1048904
0.0
2329224
1048904
0.0
2413672
1048904
0.0
2407880
1048904
0.0
2376968
1048904
0.0
2205400
1048904
0.0
2336152
1048904
0.0
2694632
1048904
0.0
2290304
1048904
0.0
2293896
1048904
0.0
2282520
1048904
0.0
2329280
1048904
0.0
2195360
1048904
0.0
2357848
1048904
0.0
2267680
1048904
0.0
2627744
1048904
0.0
2662928
1048904
0.0
2480952
1048904
0.0
2408048
1048904
0.0
2259520
1048904
0.0
2424792
1048904
0.0
2395416
1048904
0.0
2682000
1048904
0.0
2413040
1048904
0.0
2202536
1048904
0.0
2328040
1048904
0.0
2394840
1048904
0.0
2695216
1048904
0.0
2554976
1048904
0.0
2548624
1048904
0.0
2366696
1048904
0.0
2481048
1048904
0.0
2551176
1048904
0.0
2399688
1048904
0.0
2409496
1048904
0.0
2337968
1048904
0.0
2627760
1048904
0.0
2308616
1048904
0.0
2383472
1048904
0.0
2424112
1048904
0.0
2294648
1048904
0.0
2854488
1048904
0.0
2325752
1048904
0.0
2544824
1048904
0.0
2356568
1048904
0.0
2235112
1048904
0.0
2192368
1048904
0.0
2538504
1048904
0.0
2337912
1048904
0.0
2522256
1048904
0.0
2387200
1048904
0.0
2349960
1048904
0.0
2390000
1048904
0.0
2796904
1048904
0.0
2185880
1048904
0.0
2573144
1048904
0.0
2944984
1048904
0.0
2382440
1048904
0.0
2275616
1048904
0.0
2581040
1048904
0.0
2394216
1048904
0.0
2440304
1048904
0.0
2423168
1048904
0.0
2222888
1048904
0.0
2515152
1048904
0.0
2332120
1048904
0.0
2235672
1048904
0.0
2381784
1048904
0.0
2285960
1048904
0.0
2233816
1048904
0.0
2490072
1048904
0.0
2338784
1048904
0.0
2411144
1048904
0.0
2229472
1048904
0.0
2436024
1048904
0.0
2538656
1048904
0.0
2397912
1048904
0.0
2331472
1048904
0.0
2387776
1048904
0.0
2340808
1048904
0.0
2308600
1048904
0.0
2309824
1048904
0.0
2324208
1048904
0.0
2186248
1048904
0.0
2329016
1048904
0.0
2615928
1048904
0.0
2240016
1048904
0.0
2369696
1048904
0.0
2232984
1048904
0.0
2362192
1048904
0.0
2254632
1048904
0.0
2835528
1048904
0.0
2175480
1048904
0.0
2237024
1048904
0.0
2308504
1048904
0.0
2586448
1048904
0.0
2359488
1048904
0.0
2512608
1048904
0.0
2633496
1048904
0.0
2258280
1048904
0.0
2447680
1048904
0.0
2395328
1048904
0.0
2213880
1048904
0.0
2423776
1048904
0.0
2176384
1048904
0.0
2427472
1048904
0.0
2969376
1048904
0.0
2329016
1048904
0.0
2288040
1048904
0.0
2435656
1048904
0.0
2253184
1048904
0.0
2562368
1048904
0.0
2551400
1048904
0.0
2317696
1048904
0.0
2653824
1048904
0.0
2870416
1048904
0.0
2291544
1048904
0.0
2318784
1048904
0.0
2214840
1048904
0.0
2355120
1048904
0.0
2279320
1048904
0.0
2487856
1048904
0.0
2232216
1048904
0.0
2328416
1048904
0.0
2359600
1048904
0.0
2572552
1048904
0.0
2429904
1048904
0.0
2608656
1048904
0.0
2321648
1048904
0.0
2381576
1048904
0.0
2389024
1048904
0.0
2493808
1048904
0.0
2188584
1048904
0.0
2317432
1048904
0.0
2297544
1048904
0.0
2080304
1048904
0.0
2354128
1048904
0.0
2947328
1048904
0.0
2485096
1048904
0.0
2333256
1048904
0.0
2385696
1048904
0.0
2383912
1048904
0.0
2427208
1048904
0.0
2503584
1048904
0.0
2579312
1048904
0.0
2127696
1048904
0.0
2337968
1048904
0.0
2792256
1048904
0.0
2334344
1048904
0.0
2501696
1048904
0.0
2226984
1048904
0.0
2322272
1048904
0.0
2429248
1048904
0.0
2893248
1048904
0.0
2555432
1048904
0.0
2318376
1048904
0.0
2958264
1048904
0.0
2289248
1048904
0.0
2194192
1048904
0.0
2288856
1048904
0.0
2228336
1048904
0.0
2220632
1048904
0.0
2316968
1048904
0.0
2293200
1048904
0.0
2383312
1048904
0.0
2383272
1048904
0.0
2421072
1048904
0.0
2238176
1048904
0.0
2498920
1048904
0.0
2403936
1048904
0.0
2174200
1048904
0.0
2368576
1048904
0.0
2331784
1048904
0.0
2379688
1048904
0.0
2497320
1048904
0.0
2323896
1048904
0.0
2346432
1048904
0.0
2238008
1048904
0.0
2228736
1048904
0.0
2312344
1048904
0.0
2294600
1048904
0.0
2233664
1048904
0.0
2871560
1048904
0.0
2315856
1048904
0.0
2374584
1048904
0.0
2483312
1048904
0.0
2364640
1048904
0.0
2285944
1048904
0.0
2950560
1048904
0.0
2641976
1048904
0.0
2309728
1048904
0.0
2382632
1048904
0.0
2398048
1048904
0.0
2397136
1048904
0.0
2589072
1048904
0.0
2704408
1048904
0.0
2378952
1048904
0.0
2317304
1048904
0.0
2761816
1048904
0.0
2573280
1048904
0.0
2334704
1048904
0.0
2214632
1048904
0.0
2152576
1048904
0.0
2187480
1048904
0.0
2688888
1048904
0.0
2300328
1048904
0.0
2552064
1048904
0.0
2324072
1048904
