im-aes128-gcm-8192
1000
08/28/18
0.0
3029174
1048904
0.0
2954130
1048904
0.0
3166188
1048904
0.0
3084831
1048904
0.0
2982144
1048904
0.0
2937581
1048904
0.0
2794267
1048904
0.0
3202680
1048904
0.0
2908961
1048904
0.0
2979270
1048904
0.0
2930875
1048904
0.0
2889510
1048904
0.0
2926646
1048904
0.0
2947942
1048904
0.0
3004668
1048904
0.0
2917310
1048904
0.0
2934162
1048904
0.0
2998286
1048904
0.0
2715041
1048904
0.0
2849946
1048904
0.0
2830826
1048904
0.0
3057297
1048904
0.0
2920584
1048904
0.0
3023353
1048904
0.0
3111676
1048904
0.0
2870984
1048904
0.0
2852743
1048904
0.0
2859642
1048904
0.0
2978372
1048904
0.0
2900307
1048904
0.0
2997879
1048904
0.0
3001376
1048904
0.0
3195143
1048904
0.0
2931638
1048904
0.0
3128535
1048904
0.0
3082893
1048904
0.0
2779827
1048904
0.0
2828579
1048904
0.0
3048895
1048904
0.0
2888784
1048904
0.0
2804471
1048904
0.0
2968974
1048904
0.0
3106815
1048904
0.0
2951698
1048904
0.0
2946484
1048904
0.0
2767984
1048904
0.0
2868325
1048904
0.0
3112607
1048904
0.0
3109506
1048904
0.0
2911600
1048904
0.0
3017644
1048904
0.0
2677652
1048904
0.0
2946941
1048904
0.0
2997284
1048904
0.0
2857842
1048904
0.0
3130792
1048904
0.0
2969834
1048904
0.0
3115805
1048904
0.0
2853190
1048904
0.0
2934300
1048904
0.0
2849760
1048904
0.0
3007144
1048904
0.0
2949253
1048904
0.0
2950718
1048904
0.0
2727489
1048904
0.0
2934701
1048904
0.0
2853690
1048904
0.0
3025270
1048904
0.0
3023353
1048904
0.0
2787728
1048904
0.0
2931685
1048904
0.0
3103919
1048904
0.0
2653641
1048904
0.0
2954048
1048904
0.0
2926212
1048904
0.0
2863364
1048904
0.0
3110779
1048904
0.0
2821549
1048904
0.0
3125639
1048904
0.0
2853519
1048904
0.0
2889616
1048904
0.0
3145524
1048904
0.0
3048525
1048904
0.0
2772762
1048904
0.0
2833425
1048904
0.0
3094492
1048904
0.0
2691079
1048904
0.0
3155116
1048904
0.0
2942993
1048904
0.0
2997147
1048904
0.0
2955617
1048904
0.0
3014748
1048904
0.0
2947497
1048904
0.0
3032124
1048904
0.0
2819374
1048904
0.0
3073665
1048904
0.0
3062478
1048904
0.0
2990034
1048904
0.0
2881186
1048904
0.0
2859785
1048904
0.0
2933061
1048904
0.0
3019466
1048904
0.0
2918267
1048904
0.0
3078372
1048904
0.0
3121448
1048904
0.0
3198039
1048904
0.0
3076924
1048904
0.0
2818345
1048904
0.0
2951527
1048904
0.0
3171975
1048904
0.0
2987512
1048904
0.0
2880184
1048904
0.0
3056135
1048904
0.0
2961629
1048904
0.0
3022044
1048904
0.0
2840940
1048904
0.0
3047447
1048904
0.0
2866585
1048904
0.0
3202537
1048904
0.0
2871160
1048904
0.0
2853322
1048904
0.0
3074325
1048904
0.0
2977573
1048904
0.0
3160021
1048904
0.0
3011269
1048904
0.0
3128535
1048904
0.0
2729229
1048904
0.0
2950860
1048904
0.0
2767384
1048904
0.0
3136182
1048904
0.0
2954781
1048904
0.0
2954329
1048904
0.0
2837113
1048904
0.0
2690997
1048904
0.0
2985734
1048904
0.0
3014874
1048904
0.0
3065098
1048904
0.0
2937978
1048904
0.0
2938484
1048904
0.0
2866211
1048904
0.0
3157319
1048904
0.0
3116951
1048904
0.0
2904993
1048904
0.0
2994438
1048904
0.0
3091965
1048904
0.0
2924378
1048904
0.0
2877536
1048904
0.0
2916301
1048904
0.0
2961894
1048904
0.0
3053948
1048904
0.0
3035076
1048904
0.0
2852694
1048904
0.0
3056652
1048904
0.0
2974403
1048904
0.0
2936958
1048904
0.0
2912953
1048904
0.0
3094895
1048904
0.0
3141748
1048904
0.0
2934723
1048904
0.0
2899752
1048904
0.0
3044816
1048904
0.0
3045629
1048904
0.0
2920448
1048904
0.0
3098649
1048904
0.0
2501514
1048904
0.0
3148217
1048904
0.0
2886664
1048904
0.0
3065093
1048904
0.0
2785360
1048904
0.0
2909149
1048904
0.0
3110944
1048904
0.0
2696602
1048904
0.0
2889323
1048904
0.0
3144600
1048904
0.0
2883884
1048904
0.0
2737318
1048904
0.0
3070416
1048904
0.0
2871657
1048904
0.0
3098693
1048904
0.0
2943005
1048904
0.0
3053790
1048904
0.0
2898358
1048904
0.0
2834134
1048904
0.0
3047804
1048904
0.0
2886802
1048904
0.0
2905863
1048904
0.0
2980469
1048904
0.0
3077672
1048904
0.0
2924280
1048904
0.0
2864966
1048904
0.0
3091960
1048904
0.0
2916126
1048904
0.0
2938004
1048904
0.0
3007685
1048904
0.0
3140680
1048904
0.0
2742818
1048904
0.0
2922881
1048904
0.0
3063000
1048904
0.0
3115519
1048904
0.0
2798431
1048904
0.0
3087060
1048904
0.0
3166700
1048904
0.0
3066541
1048904
0.0
3048520
1048904
0.0
2897836
1048904
0.0
3069167
1048904
0.0
2982144
1048904
0.0
3146065
1048904
0.0
3084164
1048904
0.0
3097366
1048904
0.0
2842129
1048904
0.0
3038969
1048904
0.0
2923194
1048904
0.0
2877701
1048904
0.0
2903974
1048904
0.0
2784006
1048904
0.0
3087991
1048904
0.0
3146979
1048904
0.0
3072580
1048904
0.0
3056657
1048904
0.0
2910972
1048904
0.0
3209318
1048904
0.0
2923150
1048904
0.0
2886461
1048904
0.0
3067994
1048904
0.0
3064618
1048904
0.0
3150832
1048904
0.0
2701084
1048904
0.0
3114606
1048904
0.0
2776429
1048904
0.0
2852226
1048904
0.0
2920039
1048904
0.0
3004249
1048904
0.0
3001507
1048904
0.0
2911302
1048904
0.0
3160913
1048904
0.0
3136853
1048904
0.0
3044181
1048904
0.0
2827798
1048904
0.0
3027692
1048904
0.0
2967521
1048904
0.0
2836838
1048904
0.0
3087060
1048904
0.0
3060749
1048904
0.0
2919820
1048904
0.0
2860579
1048904
0.0
2960589
1048904
0.0
2826977
1048904
0.0
2823668
1048904
0.0
2800538
1048904
0.0
3168148
1048904
0.0
3192247
1048904
0.0
3304198
1048904
0.0
2776788
1048904
0.0
2928343
1048904
0.0
3079996
1048904
0.0
2842388
1048904
0.0
2820399
1048904
0.0
2785018
1048904
0.0
3070637
1048904
0.0
2879920
1048904
0.0
2847436
1048904
0.0
2983756
1048904
0.0
3115133
1048904
0.0
2938649
1048904
0.0
3015977
1048904
0.0
2876600
1048904
0.0
2767747
1048904
0.0
2962086
1048904
0.0
2951092
1048904
0.0
3027868
1048904
0.0
3080568
1048904
0.0
3088128
1048904
0.0
2999377
1048904
0.0
2886538
1048904
0.0
2798392
1048904
0.0
3100081
1048904
0.0
2816819
1048904
0.0
2903386
1048904
0.0
2752089
1048904
0.0
2836877
1048904
0.0
3068826
1048904
0.0
3331221
1048904
0.0
2924280
1048904
0.0
2754319
1048904
0.0
2892335
1048904
0.0
2815619
1048904
0.0
2863661
1048904
0.0
2956102
1048904
0.0
3203836
1048904
0.0
2895704
1048904
0.0
2787964
1048904
0.0
2990044
1048904
0.0
2997526
1048904
0.0
2959895
1048904
0.0
2890860
1048904
0.0
3067989
1048904
0.0
3053497
1048904
0.0
2928161
1048904
0.0
2930765
1048904
0.0
2947039
1048904
0.0
3058552
1048904
0.0
2902779
1048904
0.0
3091443
1048904
0.0
2861822
1048904
0.0
2968038
1048904
0.0
2822611
1048904
0.0
2876010
1048904
0.0
2801580
1048904
0.0
2960237
1048904
0.0
2919077
1048904
0.0
2977657
1048904
0.0
2712052
1048904
0.0
3149132
1048904
0.0
3203241
1048904
0.0
3095495
1048904
0.0
2888009
1048904
0.0
2747806
1048904
0.0
2975015
1048904
0.0
2959670
1048904
0.0
3078923
1048904
0.0
3124713
1048904
0.0
2979391
1048904
0.0
2984291
1048904
0.0
2907757
1048904
0.0
2825810
1048904
0.0
3030693
1048904
0.0
2890953
1048904
0.0
3006622
1048904
0.0
2911049
1048904
0.0
3033870
1048904
0.0
2922638
1048904
0.0
3083520
1048904
0.0
2786946
1048904
0.0
3143196
1048904
0.0
2984252
1048904
0.0
2988354
1048904
0.0
2836893
1048904
0.0
2842497
1048904
0.0
2703996
1048904
0.0
3095748
1048904
0.0
2966425
1048904
0.0
3144463
1048904
0.0
3000467
1048904
0.0
3042068
1048904
0.0
2912431
1048904
0.0
2910592
1048904
0.0
2926080
1048904
0.0
2843726
1048904
0.0
2812503
1048904
0.0
2870190
1048904
0.0
2842542
1048904
0.0
3227857
1048904
0.0
3247424
1048904
0.0
2889428
1048904
0.0
2946076
1048904
0.0
2838825
1048904
0.0
2956443
1048904
0.0
2867905
1048904
0.0
3009012
1048904
0.0
3063650
1048904
0.0
2855590
1048904
0.0
3061927
1048904
0.0
3025992
1048904
0.0
3146433
1048904
0.0
3088805
1048904
0.0
2872493
1048904
0.0
2664323
1048904
0.0
3026019
1048904
0.0
3028413
1048904
0.0
3040917
1048904
0.0
3013499
1048904
0.0
2812965
1048904
0.0
2915294
1048904
0.0
3044716
1048904
0.0
3012975
1048904
0.0
3060996
1048904
0.0
2811049
1048904
0.0
3047161
1048904
0.0
2944401
1048904
0.0
2964680
1048904
0.0
3056321
1048904
0.0
2915338
1048904
0.0
2898116
1048904
0.0
2795303
1048904
0.0
3047166
1048904
0.0
2994146
1048904
0.0
3100894
1048904
0.0
2798227
1048904
0.0
2886780
1048904
0.0
2835984
1048904
0.0
2854274
1048904
0.0
3030632
1048904
0.0
2955673
1048904
0.0
3115503
1048904
0.0
2907575
1048904
0.0
3128501
1048904
0.0
2883901
1048904
0.0
2908053
1048904
0.0
2771204
1048904
0.0
2942294
1048904
0.0
2993585
1048904
0.0
3023524
1048904
0.0
2952380
1048904
0.0
2979248
1048904
0.0
3008268
1048904
0.0
2923778
1048904
0.0
2781775
1048904
0.0
3074678
1048904
0.0
2881402
1048904
0.0
3080751
1048904
0.0
2840665
1048904
0.0
2816869
1048904
0.0
2767747
1048904
0.0
2993397
1048904
0.0
2824785
1048904
0.0
3031304
1048904
0.0
3033628
1048904
0.0
3217165
1048904
0.0
2995033
1048904
0.0
2958998
1048904
0.0
2994576
1048904
0.0
3072249
1048904
0.0
2789797
1048904
0.0
2785052
1048904
0.0
3131948
1048904
0.0
2877960
1048904
0.0
3091404
1048904
0.0
3023547
1048904
0.0
3019891
1048904
0.0
2930160
1048904
0.0
3057996
1048904
0.0
3047717
1048904
0.0
3086543
1048904
0.0
2754693
1048904
0.0
2935918
1048904
0.0
2989246
1048904
0.0
3051411
1048904
0.0
2993089
1048904
0.0
3066463
1048904
0.0
2983944
1048904
0.0
2944777
1048904
0.0
3116982
1048904
0.0
3168004
1048904
0.0
3070846
1048904
0.0
2971518
1048904
0.0
2882563
1048904
0.0
2774960
1048904
0.0
2922286
1048904
0.0
3153305
1048904
0.0
2982838
1048904
0.0
2769267
1048904
0.0
3021900
1048904
0.0
2930710
1048904
0.0
2910152
1048904
0.0
2795733
1048904
0.0
2949826
1048904
0.0
3102256
1048904
0.0
2998876
1048904
0.0
2705423
1048904
0.0
2893926
1048904
0.0
2999162
1048904
0.0
3072217
1048904
0.0
2840356
1048904
0.0
2863051
1048904
0.0
2977046
1048904
0.0
2791444
1048904
0.0
3062488
1048904
0.0
2963738
1048904
0.1
3002740
1048904
0.0
3237718
1048904
0.0
2933639
1048904
0.0
3063606
1048904
0.0
3150276
1048904
0.0
2866844
1048904
0.0
2877718
1048904
0.0
3138488
1048904
0.0
3047161
1048904
0.0
2707911
1048904
0.0
3172838
1048904
0.0
2830710
1048904
0.0
2651831
1048904
0.0
3001111
1048904
0.0
2937983
1048904
0.0
3098127
1048904
0.0
3139193
1048904
0.0
3153117
1048904
0.0
2827913
1048904
0.0
2982507
1048904
0.0
2865314
1048904
0.0
3059047
1048904
0.0
3068968
1048904
0.0
3100241
1048904
0.0
3041021
1048904
0.0
2979429
1048904
0.0
2975818
1048904
0.0
2827296
1048904
0.0
2882232
1048904
0.0
2962620
1048904
0.0
2925898
1048904
0.0
2700374
1048904
0.0
2786114
1048904
0.0
2909584
1048904
0.0
3164735
1048904
0.0
2934691
1048904
0.0
2867245
1048904
0.0
3136326
1048904
0.0
3013377
1048904
0.0
3011852
1048904
0.0
3093017
1048904
0.0
2805175
1048904
0.0
2991636
1048904
0.0
2748433
1048904
0.0
2889472
1048904
0.0
2792468
1048904
0.0
2981109
1048904
0.0
3172129
1048904
0.0
2898486
1048904
0.0
2800946
1048904
0.0
2874760
1048904
0.0
3017644
1048904
0.0
3082430
1048904
0.0
2894698
1048904
0.0
3066793
1048904
0.0
3000219
1048904
0.0
2877375
1048904
0.0
2870808
1048904
0.0
3056564
1048904
0.0
2923524
1048904
0.0
3104733
1048904
0.0
3034431
1048904
0.0
3051411
1048904
0.0
2696553
1048904
0.0
3118370
1048904
0.0
2973042
1048904
0.0
2943416
1048904
0.0
2912138
1048904
0.0
3010140
1048904
0.0
2918740
1048904
0.0
2798844
1048904
0.0
3072580
1048904
0.0
2930738
1048904
0.0
3045217
1048904
0.0
3046180
1048904
0.0
2710223
1048904
0.0
2919308
1048904
0.0
2813059
1048904
0.0
3035086
1048904
0.0
2812790
1048904
0.0
2728232
1048904
0.0
3402776
1048904
0.0
3148950
1048904
0.0
2898930
1048904
0.0
3123910
1048904
0.0
2895837
1048904
0.0
2913868
1048904
0.0
3117468
1048904
0.0
3106435
1048904
0.0
3074028
1048904
0.0
2767823
1048904
0.0
3073230
1048904
0.0
2953515
1048904
0.0
2813615
1048904
0.0
2896491
1048904
0.0
2921173
1048904
0.0
3021119
1048904
0.0
2886168
1048904
0.0
3185529
1048904
0.0
2792600
1048904
0.0
3078135
1048904
0.0
2853851
1048904
0.0
3050309
1048904
0.0
2974315
1048904
0.0
2994212
1048904
0.0
2905131
1048904
0.0
3046818
1048904
0.0
2895226
1048904
0.0
3081829
1048904
0.0
3111038
1048904
0.0
2924730
1048904
0.0
2987864
1048904
0.0
2824472
1048904
0.0
2942432
1048904
0.0
3044809
1048904
0.0
2938858
1048904
0.0
2692727
1048904
0.0
2894956
1048904
0.0
2820832
1048904
0.0
3027175
1048904
0.0
2967036
1048904
0.0
2973456
1048904
0.0
2806238
1048904
0.0
2909569
1048904
0.0
2915393
1048904
0.0
3026999
1048904
0.0
3086559
1048904
0.0
2828536
1048904
0.0
2871848
1048904
0.0
2883229
1048904
0.0
2953067
1048904
0.0
2854495
1048904
0.0
2976374
1048904
0.0
2916686
1048904
0.0
2986261
1048904
0.0
2826602
1048904
0.0
2952998
1048904
0.0
2827687
1048904
0.0
2923690
1048904
0.0
2951224
1048904
0.0
2961629
1048904
0.0
2681214
1048904
0.0
3081565
1048904
0.0
3045629
1048904
0.0
3129096
1048904
0.0
3037867
1048904
0.0
2730336
1048904
0.0
3003374
1048904
0.0
3129580
1048904
0.0
2913444
1048904
0.0
2640599
1048904
0.0
2862258
1048904
0.0
3114060
1048904
0.0
2915552
1048904
0.0
2840075
1048904
0.0
3015596
1048904
0.0
2858580
1048904
0.0
3005372
1048904
0.0
2830836
1048904
0.0
2850002
1048904
0.0
2884429
1048904
0.0
2794048
1048904
0.0
2927588
1048904
0.0
3162581
1048904
0.0
2850508
1048904
0.0
3175278
1048904
0.0
2860210
1048904
0.0
3035582
1048904
0.0
2963236
1048904
0.0
3016785
1048904
0.0
2927027
1048904
0.0
3195660
1048904
0.0
2891641
1048904
0.0
2942861
1048904
0.0
3006171
1048904
0.0
2916450
1048904
0.0
2906248
1048904
0.0
3066200
1048904
0.0
3010619
1048904
0.0
2845598
1048904
0.0
2622722
1048904
0.0
2952430
1048904
0.0
3005636
1048904
0.0
3115133
1048904
0.0
2907013
1048904
0.0
2921069
1048904
0.0
3095169
1048904
0.0
2964228
1048904
0.0
2985998
1048904
0.0
2815531
1048904
0.0
2873367
1048904
0.0
3055380
1048904
0.0
3132696
1048904
0.0
2934139
1048904
0.0
2726047
1048904
0.0
2885028
1048904
0.0
3057544
1048904
0.0
2921272
1048904
0.0
2774849
1048904
0.0
3070890
1048904
0.0
2987661
1048904
0.0
3090892
1048904
0.0
2953602
1048904
0.0
2957672
1048904
0.0
2952154
1048904
0.0
2857154
1048904
0.0
2880030
1048904
0.0
2911209
1048904
0.0
2785509
1048904
0.0
2910438
1048904
0.0
2960787
1048904
0.0
2770065
1048904
0.0
2790325
1048904
0.0
2720828
1048904
0.0
3150126
1048904
0.0
2850972
1048904
0.0
3001628
1048904
0.0
2977953
1048904
0.0
2906595
1048904
0.0
3075261
1048904
0.0
2755882
1048904
0.0
3120122
1048904
0.0
3109430
1048904
0.0
2877645
1048904
0.0
3012238
1048904
0.0
2786473
1048904
0.0
2670027
1048904
0.0
2902736
1048904
0.0
3011853
1048904
0.0
2644189
1048904
0.0
2877398
1048904
0.0
3117143
1048904
0.0
2971469
1048904
0.0
2769025
1048904
0.0
2897422
1048904
0.0
3007596
1048904
0.0
2839513
1048904
0.0
2764350
1048904
0.0
3085612
1048904
0.0
3063176
1048904
0.0
2733413
1048904
0.0
2871496
1048904
0.0
2875791
1048904
0.0
3120651
1048904
0.0
2987654
1048904
0.0
2972152
1048904
0.0
2896355
1048904
0.0
2908329
1048904
0.0
2854852
1048904
0.0
2943065
1048904
0.0
2990044
1048904
0.0
2932790
1048904
0.0
3020794
1048904
0.0
2682673
1048904
0.0
3013773
1048904
0.0
3105081
1048904
0.0
3027450
1048904
0.0
3045999
1048904
0.0
2807080
1048904
0.0
3000825
1048904
0.0
2942993
1048904
0.0
3092983
1048904
0.0
3077871
1048904
0.0
3084037
1048904
0.0
3157500
1048904
0.0
3099360
1048904
0.0
3070329
1048904
0.0
2795496
1048904
0.0
3017556
1048904
0.0
3094856
1048904
0.0
3040900
1048904
0.0
2939557
1048904
0.0
3156008
1048904
0.0
2840422
1048904
0.0
3156047
1048904
0.0
3055849
1048904
0.0
2917061
1048904
0.0
2943902
1048904
0.0
2775747
1048904
0.0
2875097
1048904
0.0
2720700
1048904
0.0
2880586
1048904
0.0
2955050
1048904
0.0
2941924
1048904
0.0
3061001
1048904
0.0
2929823
1048904
0.0
2940537
1048904
0.0
2802146
1048904
0.0
2953369
1048904
0.0
3003693
1048904
0.0
2939689
1048904
0.0
2791982
1048904
0.0
2892600
1048904
0.0
2871557
1048904
0.0
2792026
1048904
0.0
2989246
1048904
0.0
3189597
1048904
0.0
2963177
1048904
0.0
2952166
1048904
0.0
2938841
1048904
0.0
3021013
1048904
0.0
2915316
1048904
0.0
3102844
1048904
0.0
3062113
1048904
0.0
2854489
1048904
0.0
2950706
1048904
0.0
2959581
1048904
0.0
2875581
1048904
0.0
3097235
1048904
0.0
2732786
1048904
0.0
3127593
1048904
0.0
2931827
1048904
0.0
2762121
1048904
0.0
3016863
1048904
0.0
2927974
1048904
0.0
2852491
1048904
0.0
3134327
1048904
0.0
3122743
1048904
0.0
3063005
1048904
0.0
2929532
1048904
0.0
2764350
1048904
0.0
3073175
1048904
0.0
3060506
1048904
0.0
3178675
1048904
0.0
2725304
1048904
0.0
2979594
1048904
0.0
3212524
1048904
0.0
2771501
1048904
0.0
3297751
1048904
0.0
2894630
1048904
0.0
3075653
1048904
0.0
2777360
1048904
0.0
2993585
1048904
0.0
3059692
1048904
0.0
3065891
1048904
0.0
2929609
1048904
0.0
2802086
1048904
0.0
2880476
1048904
0.0
3013212
1048904
0.0
3026002
1048904
0.0
2901694
1048904
0.0
3078636
1048904
0.0
2939012
1048904
0.0
3016252
1048904
0.0
2829053
1048904
0.0
3063005
1048904
0.0
2904756
1048904
0.0
2983681
1048904
0.0
2828612
1048904
0.0
2681164
1048904
0.0
2808974
1048904
0.0
3013212
1048904
0.0
2871452
1048904
0.0
2867814
1048904
0.0
2766404
1048904
0.0
2853520
1048904
0.0
2994652
1048904
0.0
2888872
1048904
0.0
2993640
1048904
0.0
3006171
1048904
0.0
3094334
1048904
0.0
2832802
1048904
0.0
3004833
1048904
0.0
2953366
1048904
0.0
2897698
1048904
0.0
2777988
1048904
0.0
2828502
1048904
0.0
2838066
1048904
0.0
2836480
1048904
0.0
2772652
1048904
0.0
2972426
1048904
0.0
2690325
1048904
0.0
3045244
1048904
0.0
3096254
1048904
0.0
2747657
1048904
0.0
3089064
1048904
0.0
2916274
1048904
0.0
2789461
1048904
0.0
2846880
1048904
0.0
2977222
1048904
0.0
3115536
1048904
0.0
3072669
1048904
0.0
2783576
1048904
0.0
3063892
1048904
0.0
2786736
1048904
0.0
2914149
1048904
0.0
2818107
1048904
0.0
2961315
1048904
0.0
3023909
1048904
0.0
2985470
1048904
0.0
3173159
1048904
0.0
2968935
1048904
0.0
2774117
1048904
0.0
3048812
1048904
0.0
2821301
1048904
0.0
2907618
1048904
0.0
3189868
1048904
0.0
2910383
1048904
0.0
2853906
1048904
0.0
2931227
1048904
0.0
2712498
1048904
0.0
3173048
1048904
0.0
2652739
1048904
0.0
2921796
1048904
0.0
2838044
1048904
0.0
2844678
1048904
0.0
3077821
1048904
0.0
2873566
1048904
0.0
3057863
1048904
0.0
3003110
1048904
0.0
2635990
1048904
0.0
2908438
1048904
0.0
2845597
1048904
0.0
2938632
1048904
0.0
2890276
1048904
0.0
3009513
1048904
0.0
2984257
1048904
0.0
2975945
1048904
0.0
2901529
1048904
0.0
2755492
1048904
0.0
3143834
1048904
0.0
3106412
1048904
0.0
2960798
1048904
0.0
3096645
1048904
0.0
3012243
1048904
0.0
3040873
1048904
0.0
2780416
1048904
0.0
3018201
1048904
0.0
2825805
1048904
0.0
2879490
1048904
0.0
3000813
1048904
0.0
3016856
1048904
0.0
2840961
1048904
0.0
3045713
1048904
0.0
2870840
1048904
0.0
2976374
1048904
0.0
2944640
1048904
0.0
3052342
1048904
0.0
2952738
1048904
0.0
2987738
1048904
0.0
2756494
1048904
0.0
3033237
1048904
0.0
3073048
1048904
0.0
3056652
1048904
0.0
3017633
1048904
0.0
3037106
1048904
0.0
3174286
1048904
0.0
2882238
1048904
0.0
3089813
1048904
0.0
2928315
1048904
0.0
2932796
1048904
0.0
2896856
1048904
0.0
3135736
1048904
0.0
3199272
1048904
0.0
2995319
1048904
0.0
2982848
1048904
0.0
3094036
1048904
0.0
2906033
1048904
0.0
3047166
1048904
0.0
3015861
1048904
0.0
2952689
1048904
0.0
3098699
1048904
0.0
2830567
1048904
0.0
2840642
1048904
0.0
2820552
1048904
0.0
2789991
1048904
0.0
2909325
1048904
0.0
2890782
1048904
0.0
3136853
1048904
0.0
2994934
1048904
0.0
2740065
1048904
0.0
2963710
1048904
0.0
2975476
1048904
0.0
2873380
1048904
0.0
2714447
1048904
0.0
3037492
1048904
0.0
3003373
1048904
0.0
3157495
1048904
0.0
2796426
1048904
0.0
3021003
1048904
0.0
3050926
1048904
0.0
3039997
1048904
0.0
2813318
1048904
0.0
2825667
1048904
0.0
3177584
1048904
0.0
2805444
1048904
0.0
2848621
1048904
0.0
2992219
1048904
0.0
2913846
1048904
0.0
3028833
1048904
0.0
2934509
1048904
0.0
3025517
1048904
0.0
2948984
1048904
0.0
3053255
1048904
0.0
2983921
1048904
0.0
2833997
1048904
0.0
3119847
1048904
0.0
2861993
1048904
0.0
2828436
1048904
0.0
2780779
1048904
0.0
2941121
1048904
0.0
3030891
1048904
0.0
3162356
1048904
0.0
3087621
1048904
0.0
2853426
1048904
0.0
3150271
1048904
0.0
3047161
1048904
0.0
3296640
1048904
0.0
3112326
1048904
0.0
2851125
1048904
0.0
2862792
1048904
0.0
2981119
1048904
0.0
3036155
1048904
0.0
2936640
1048904
0.0
2877322
1048904
0.0
2932845
1048904
0.0
2906970
1048904
0.0
3029701
1048904
0.0
2854857
1048904
0.0
3100648
1048904
0.0
3109711
1048904
0.0
2801276
1048904
0.0
2943377
1048904
0.0
3097757
1048904
0.0
2899042
1048904
0.0
2998468
1048904
0.0
2905504
1048904
0.0
3147325
1048904
0.0
3105889
1048904
0.0
2911523
1048904
0.0
2815150
1048904
