im-aes128-gcm-1023
1000
08/28/18
0.1
2152280
1048912
0.1
2250872
1048912
0.1
2349336
1048912
0.1
2324024
1048912
0.1
2509000
1048912
0.1
2277424
1048912
0.1
2281280
1048912
0.1
2276424
1048912
0.1
2086104
1048912
0.1
2107128
1048912
0.1
2287072
1048912
0.1
2262456
1048912
0.1
2305408
1048912
0.1
2306472
1048912
0.1
2364568
1048912
0.1
2333984
1048912
0.1
2350784
1048912
0.1
2339200
1048912
0.1
2283304
1048912
0.1
2343688
1048912
0.1
2270184
1048912
0.1
2253256
1048912
0.1
2303200
1048912
0.1
2287072
1048912
0.1
2287072
1048912
0.1
2106712
1048912
0.1
2384616
1048912
0.1
2273344
1048912
0.1
2317912
1048912
0.1
2324024
1048912
0.1
2274528
1048912
0.1
2302040
1048912
0.1
2265352
1048912
0.1
2297640
1048912
0.1
2253768
1048912
0.1
2463968
1048912
0.1
2187496
1048912
0.1
2392528
1048912
0.1
2237576
1048912
0.1
2199320
1048912
0.1
2263208
1048912
0.1
2343544
1048912
0.1
2110288
1048912
0.1
2306384
1048912
0.1
2269000
1048912
0.1
2248728
1048912
0.1
2274040
1048912
0.1
2319360
1048912
0.1
2432088
1048912
0.1
2096096
1048912
0.1
2245832
1048912
0.1
2306648
1048912
0.1
2113200
1048912
0.1
2260136
1048912
0.1
2496816
1048912
0.1
2279136
1048912
0.1
2247712
1048912
0.1
2084936
1048912
0.1
2168256
1048912
0.1
2287072
1048912
0.1
2269696
1048912
0.1
2402752
1048912
0.1
2272648
1048912
0.1
2252752
1048912
0.1
2071904
1048912
0.1
2326168
1048912
0.1
2283144
1048912
0.1
2404576
1048912
0.1
2301384
1048912
0.1
2289968
1048912
0.1
2335344
1048912
0.1
2218000
1048912
0.1
2199928
1048912
0.1
2294888
1048912
0.1
2351536
1048912
0.1
2360920
1048912
0.1
2303752
1048912
0.1
2254952
1048912
0.1
2528672
1048912
0.1
2247280
1048912
0.1
2248728
1048912
0.1
2346440
1048912
0.1
2351360
1048912
0.1
2344296
1048912
0.1
2247280
1048912
0.1
2357328
1048912
0.1
2434608
1048912
0.1
2287072
1048912
0.1
2526240
1048912
0.1
2296512
1048912
0.1
2240296
1048912
0.1
2287072
1048912
0.1
2224544
1048912
0.1
2296336
1048912
0.1
2368736
1048912
0.1
2457720
1048912
0.1
2365800
1048912
0.1
2324024
1048912
0.1
2401736
1048912
0.1
2345744
1048912
0.1
2289968
1048912
0.1
2287824
1048912
0.1
2337056
1048912
0.1
2298392
1048912
0.1
2537736
1048912
0.1
2111752
1048912
0.1
2329064
1048912
0.1
2249856
1048912
0.1
2113200
1048912
0.1
2079896
1048912
0.1
2110024
1048912
0.1
2293616
1048912
0.1
2451928
1048912
0.1
2333408
1048912
0.1
2309920
1048912
0.1
2337752
1048912
0.1
2081328
1048912
0.1
2453376
1048912
0.1
2324024
1048912
0.1
2110448
1048912
0.1
2250176
1048912
0.1
2344296
1048912
0.1
2523632
1048912
0.1
2166760
1048912
0.1
2289384
1048912
0.1
2337752
1048912
0.1
2164176
1048912
0.1
2297960
1048912
0.1
2324024
1048912
0.1
2247976
1048912
0.1
2185712
1048912
0.1
2040640
1048912
0.1
2119536
1048912
0.1
2238272
1048912
0.1
2248728
1048912
0.1
2311960
1048912
0.1
2254184
1048912
0.1
2282032
1048912
0.1
2287072
1048912
0.1
2278816
1048912
0.1
2261760
1048912
0.1
2336304
1048912
0.1
2255968
1048912
0.1
2253952
1048912
0.1
2324024
1048912
0.1
2300248
1048912
0.1
2307832
1048912
0.1
2246960
1048912
0.1
2261928
1048912
0.1
2304632
1048912
0.1
2284928
1048912
0.1
2267376
1048912
0.1
2338384
1048912
0.1
2245832
1048912
0.1
2212960
1048912
0.1
2354432
1048912
0.1
2339256
1048912
0.1
2266104
1048912
0.1
2245832
1048912
0.1
2343544
1048912
0.1
2088304
1048912
0.1
2303432
1048912
0.1
2242184
1048912
0.1
2289704
1048912
0.1
2328368
1048912
0.1
2364016
1048912
0.1
2297264
1048912
0.1
2287072
1048912
0.1
2496816
1048912
0.1
2336304
1048912
0.1
2308656
1048912
0.1
2223472
1048912
0.1
2329064
1048912
0.1
2329064
1048912
0.1
2268248
1048912
0.1
2287072
1048912
0.1
2171984
1048912
0.1
2162728
1048912
0.1
2287072
1048912
0.1
2280584
1048912
0.1
2244816
1048912
0.1
2287072
1048912
0.1
2287072
1048912
0.1
2279136
1048912
0.1
2331264
1048912
0.1
2177208
1048912
0.1
2387400
1048912
0.1
2549544
1048912
0.1
2197440
1048912
0.1
2362856
1048912
0.1
2289968
1048912
0.1
2287824
1048912
0.1
2255968
1048912
0.1
2313624
1048912
0.1
2151392
1048912
0.1
2378440
1048912
0.1
2332712
1048912
0.1
2313888
1048912
0.1
2287072
1048912
0.1
2261208
1048912
0.1
2336360
1048912
0.1
2282728
1048912
0.1
2078168
1048912
0.1
2411304
1048912
0.1
2268248
1048912
0.1
2279136
1048912
0.1
2309920
1048912
0.1
2252752
1048912
0.1
2599208
1048912
0.1
2190488
1048912
0.1
2266272
1048912
0.1
2058312
1048912
0.1
2252520
1048912
0.1
2190632
1048912
0.1
2316232
1048912
0.1
2337056
1048912
0.1
2423400
1048912
0.1
2294744
1048912
0.1
2237576
1048912
0.1
2247712
1048912
0.1
2271144
1048912
0.1
2302472
1048912
0.1
2220464
1048912
0.1
2389400
1048912
0.1
2287072
1048912
0.1
2292168
1048912
0.1
2302040
1048912
0.1
2272592
1048912
0.1
2296512
1048912
0.1
2321560
1048912
0.1
2275976
1048912
0.1
2287072
1048912
0.1
2292864
1048912
0.1
2332712
1048912
0.1
2360920
1048912
0.1
2324024
1048912
0.1
2284928
1048912
0.1
2143448
1048912
0.1
2307080
1048912
0.1
2282032
1048912
0.1
2346440
1048912
0.1
2115064
1048912
0.1
2187032
1048912
0.1
2075984
1048912
0.1
2337752
1048912
0.1
2282032
1048912
0.1
2266288
1048912
0.1
2450400
1048912
0.1
2051080
1048912
0.1
2069744
1048912
0.1
2350840
1048912
0.1
2287072
1048912
0.1
2268248
1048912
0.1
2275488
1048912
0.1
2250608
1048912
0.1
2266856
1048912
0.1
2324024
1048912
0.1
2201808
1048912
0.1
2288520
1048912
0.1
2148792
1048912
0.1
2349912
1048912
0.1
2347888
1048912
0.1
2269000
1048912
0.1
2207736
1048912
0.1
2252320
1048912
0.1
2329064
1048912
0.1
2276936
1048912
0.1
2267552
1048912
0.1
2505816
1048912
0.1
2342848
1048912
0.1
1991392
1048912
0.1
2250176
1048912
0.1
2375544
1048912
0.1
2284176
1048912
0.1
2266104
1048912
0.1
2287072
1048912
0.1
2314320
1048912
0.1
2329064
1048912
0.1
2169272
1048912
0.1
2144304
1048912
0.1
2252320
1048912
0.1
2310672
1048912
0.1
2287072
1048912
0.1
2260048
1048912
0.1
2376632
1048912
0.1
2283304
1048912
0.1
2280408
1048912
0.1
2203840
1048912
0.1
2192952
1048912
0.1
2255216
1048912
0.1
2347888
1048912
0.1
2279136
1048912
0.1
2286376
1048912
0.1
2269184
1048912
0.1
2262640
1048912
0.1
2329064
1048912
0.1
2321824
1048912
0.1
2336880
1048912
0.1
2252320
1048912
0.1
2034576
1048912
0.1
2324024
1048912
0.1
2527536
1048912
0.1
2215856
1048912
0.1
2546648
1048912
0.1
2185712
1048912
0.1
2324024
1048912
0.1
2270448
1048912
0.1
2284928
1048912
0.1
2279888
1048912
0.1
2247280
1048912
0.1
2238272
1048912
0.1
2376904
1048912
0.1
2343688
1048912
0.1
2256504
1048912
0.1
2353680
1048912
0.1
2179224
1048912
0.1
2181552
1048912
0.1
2255216
1048912
0.1
2184696
1048912
0.1
2204720
1048912
0.1
2341400
1048912
0.1
2310728
1048912
0.1
2240936
1048912
0.1
2118296
1048912
0.1
2151392
1048912
0.1
2098704
1048912
0.1
2219448
1048912
0.1
2287072
1048912
0.1
2178640
1048912
0.1
2278384
1048912
0.1
2216552
1048912
0.1
2467160
1048912
0.1
2501488
1048912
0.1
2276936
1048912
0.1
2329064
1048912
0.1
2341400
1048912
0.1
2523336
1048912
0.1
2294744
1048912
0.1
2316784
1048912
0.1
2289704
1048912
0.1
2476864
1048912
0.1
2336304
1048912
0.1
2666832
1048912
0.1
2233768
1048912
0.1
2176688
1048912
0.1
2532168
1048912
0.1
2287128
1048912
0.1
2277944
1048912
0.1
2252752
1048912
0.1
2251624
1048912
0.1
2282872
1048912
0.1
1991392
1048912
0.1
2302304
1048912
0.1
2271144
1048912
0.1
2387520
1048912
0.1
2287824
1048912
0.1
2329064
1048912
0.1
2289648
1048912
0.1
2505408
1048912
0.1
2310672
1048912
0.1
2112936
1048912
0.1
2279136
1048912
0.1
2167192
1048912
0.1
2134200
1048912
0.1
2527976
1048912
0.1
2269000
1048912
0.1
2298800
1048912
0.1
2367464
1048912
0.1
2252808
1048912
0.1
2521744
1048912
0.1
2297208
1048912
0.1
2162728
1048912
0.1
2294888
1048912
0.1
2103064
1048912
0.1
2275920
1048912
0.1
2293888
1048912
0.1
2171416
1048912
0.1
2252000
1048912
0.1
2281712
1048912
0.1
2307832
1048912
0.1
2279136
1048912
0.1
2097744
1048912
0.1
2314792
1048912
0.1
2329264
1048912
0.1
2278384
1048912
0.1
2286376
1048912
0.1
2250176
1048912
0.1
2324024
1048912
0.1
2287072
1048912
0.1
2544600
1048912
0.1
2307344
1048912
0.1
2289704
1048912
0.1
2329064
1048912
0.1
2402664
1048912
0.1
2058160
1048912
0.1
2506256
1048912
0.1
2363120
1048912
0.1
2279832
1048912
0.1
2101600
1048912
0.1
2388632
1048912
0.1
2259560
1048912
0.1
2329064
1048912
0.1
2150152
1048912
0.1
2247280
1048912
0.1
2065840
1048912
0.1
2287072
1048912
0.1
2255384
1048912
0.1
2300632
1048912
0.1
2255704
1048912
0.1
2276240
1048912
0.1
2267552
1048912
0.1
2291904
1048912
0.1
2324024
1048912
0.1
2368344
1048912
0.1
2290720
1048912
0.1
2325472
1048912
0.1
2348032
1048912
0.1
2252752
1048912
0.1
2287072
1048912
0.1
2284928
1048912
0.1
2152296
1048912
0.1
2445088
1048912
0.1
2356576
1048912
0.1
2279136
1048912
0.1
2350840
1048912
0.1
2078432
1048912
0.1
2279136
1048912
0.1
2036296
1048912
0.1
2213976
1048912
0.1
2260312
1048912
0.1
2398672
1048912
0.1
2185712
1048912
0.1
2369448
1048912
0.1
2088584
1048912
0.1
2085672
1048912
0.1
2398320
1048912
0.1
2297144
1048912
0.1
2282032
1048912
0.1
2188344
1048912
0.1
2336880
1048912
0.1
2200944
1048912
0.1
2252320
1048912
0.1
2252752
1048912
0.1
2491440
1048912
0.1
2276352
1048912
0.1
2062360
1048912
0.1
2334856
1048912
0.1
2250176
1048912
0.1
2282032
1048912
0.1
2275760
1048912
0.1
2361120
1048912
0.1
2282032
1048912
0.1
2211384
1048912
0.1
2364568
1048912
0.1
2210496
1048912
0.1
2317416
1048912
0.1
2194584
1048912
0.1
2288520
1048912
0.1
2339200
1048912
0.1
2328368
1048912
0.1
2247280
1048912
0.1
2240736
1048912
0.1
2328192
1048912
0.1
2329064
1048912
0.1
2134904
1048912
0.1
2518848
1048912
0.1
2180408
1048912
0.1
2262416
1048912
0.1
2329064
1048912
0.1
2350088
1048912
0.1
2294800
1048912
0.1
2324024
1048912
0.1
2294048
1048912
0.1
2279136
1048912
0.1
2228320
1048912
0.1
2280584
1048912
0.1
2163704
1048912
0.1
2535064
1048912
0.1
2038328
1048912
0.1
2207864
1048912
0.1
2267552
1048912
0.1
2345480
1048912
0.1
2458040
1048912
0.1
2316232
1048912
0.1
2136352
1048912
0.1
2289704
1048912
0.1
2325904
1048912
0.1
2285768
1048912
0.1
2301984
1048912
0.1
2293352
1048912
0.1
2038320
1048912
0.1
2407480
1048912
0.1
2348464
1048912
0.1
2287072
1048912
0.1
2276240
1048912
0.1
2300680
1048912
0.1
2201784
1048912
0.1
2331960
1048912
0.1
2279136
1048912
0.1
2250176
1048912
0.1
2366712
1048912
0.1
2297640
1048912
0.1
2335344
1048912
0.1
2134904
1048912
0.1
2348640
1048912
0.1
2215856
1048912
0.1
2070192
1048912
0.1
2218432
1048912
0.1
2140552
1048912
0.1
2248728
1048912
0.1
2336304
1048912
0.1
2306384
1048912
0.1
2282032
1048912
0.1
2353680
1048912
0.1
2268520
1048912
0.1
2100168
1048912
0.1
2288520
1048912
0.1
2338504
1048912
0.1
2354432
1048912
0.1
2326168
1048912
0.1
2159520
1048912
0.1
2214408
1048912
0.1
2227192
1048912
0.1
2332712
1048912
0.1
2247280
1048912
0.1
2310728
1048912
0.1
2171416
1048912
0.1
2331960
1048912
0.1
2234248
1048912
0.1
2180088
1048912
0.1
2247280
1048912
0.1
2253768
1048912
0.1
2244384
1048912
0.1
2351536
1048912
0.1
2262664
1048912
0.1
2245832
1048912
0.1
2253072
1048912
0.1
2282032
1048912
0.1
2250872
1048912
0.1
2302560
1048912
0.1
2238760
1048912
0.1
2263032
1048912
0.1
2292168
1048912
0.1
2324024
1048912
0.1
2517088
1048912
0.1
2294368
1048912
0.1
2537960
1048912
0.1
2316472
1048912
0.1
2496784
1048912
0.1
2263088
1048912
0.1
2344032
1048912
0.1
2205720
1048912
0.1
2284176
1048912
0.1
2248728
1048912
0.1
2255704
1048912
0.1
2353680
1048912
0.1
2287072
1048912
0.1
2212392
1048912
0.1
2364304
1048912
0.1
2336304
1048912
0.1
2222488
1048912
0.1
2298392
1048912
0.1
2351536
1048912
0.1
2269000
1048912
0.1
2282032
1048912
0.1
2434072
1048912
0.1
2261008
1048912
0.1
2347192
1048912
0.1
2251056
1048912
0.1
2108592
1048912
0.1
2258864
1048912
0.1
2353680
1048912
0.1
2284928
1048912
0.1
2254520
1048912
0.1
2168520
1048912
0.1
2287072
1048912
0.1
2279136
1048912
0.1
2277512
1048912
0.1
2279136
1048912
0.1
2238592
1048912
0.1
2262880
1048912
0.1
2215424
1048912
0.1
2324024
1048912
0.1
2338240
1048912
0.1
2248728
1048912
0.1
2140552
1048912
0.1
2287072
1048912
0.1
2428760
1048912
0.1
2332448
1048912
0.1
2280032
1048912
0.1
2335608
1048912
0.1
2256400
1048912
0.1
2273344
1048912
0.1
2694056
1048912
0.1
2297640
1048912
0.1
2333408
1048912
0.1
2286376
1048912
0.1
2329064
1048912
0.1
2279136
1048912
0.1
2244816
1048912
0.1
2324024
1048912
0.1
2254520
1048912
0.1
2324024
1048912
0.1
2079880
1048912
0.1
2185584
1048912
0.1
2226456
1048912
0.1
2377048
1048912
0.1
2103048
1048912
0.1
2582000
1048912
0.1
2284752
1048912
0.1
2280320
1048912
0.1
2232160
1048912
0.1
2434608
1048912
0.1
2281280
1048912
0.1
2287072
1048912
0.1
2255968
1048912
0.1
2254952
1048912
0.1
2326920
1048912
0.1
2276936
1048912
0.1
2333664
1048912
0.1
2178080
1048912
0.1
2356576
1048912
0.1
2358776
1048912
0.1
2333408
1048912
0.1
2329552
1048912
0.1
2525080
1048912
0.1
2217680
1048912
0.1
2287072
1048912
0.1
2037888
1048912
0.1
2243104
1048912
0.1
2279136
1048912
0.1
2250176
1048912
0.1
2329496
1048912
0.1
2335608
1048912
0.1
2343544
1048912
0.1
2276240
1048912
0.1
2346440
1048912
0.1
2309752
1048912
0.1
2351360
1048912
0.1
2414248
1048912
0.1
2260048
1048912
0.1
2329552
1048912
0.1
2247712
1048912
0.1
2088272
1048912
0.1
2196016
1048912
0.1
2324584
1048912
0.1
2345744
1048912
0.1
2072640
1048912
0.1
2305632
1048912
0.1
2480472
1048912
0.1
2293616
1048912
0.1
2282032
1048912
0.1
2536368
1048912
0.1
2360224
1048912
0.1
2617600
1048912
0.1
2259560
1048912
0.1
2107392
1048912
0.1
2443440
1048912
0.1
2275488
1048912
0.1
2331264
1048912
0.1
2345744
1048912
0.1
2343544
1048912
0.1
2287072
1048912
0.1
2301024
1048912
0.1
2469624
1048912
0.1
2258112
1048912
0.1
2337752
1048912
0.1
2239024
1048912
0.1
2333896
1048912
0.1
2105944
1048912
0.1
2246952
1048912
0.1
2331264
1048912
0.1
2244816
1048912
0.1
2287072
1048912
0.1
2291904
1048912
0.1
2331264
1048912
0.1
2431624
1048912
0.1
2501160
1048912
0.1
2463832
1048912
0.1
2335608
1048912
0.1
2174312
1048912
0.1
2228832
1048912
0.1
2188608
1048912
0.1
2299408
1048912
0.1
2274040
1048912
0.1
2353680
1048912
0.1
2366912
1048912
0.1
2258168
1048912
0.1
2489896
1048912
0.1
2054416
1048912
0.1
2348640
1048912
0.1
2453696
1048912
0.1
2243368
1048912
0.1
2254520
1048912
0.1
2263208
1048912
0.1
2243104
1048912
0.1
2331264
1048912
0.1
2250176
1048912
0.1
2287072
1048912
0.1
2291416
1048912
0.1
2542016
1048912
0.1
2339952
1048912
0.1
2144304
1048912
0.1
2284928
1048912
0.1
2353680
1048912
0.1
2228640
1048912
0.1
2534776
1048912
0.1
2287072
1048912
0.1
2208560
1048912
0.1
2250872
1048912
0.1
2175912
1048912
0.1
2352984
1048912
0.1
2408456
1048912
0.1
2245832
1048912
0.1
2247280
1048912
0.1
2250608
1048912
0.1
2123528
1048912
0.1
2284928
1048912
0.1
2332448
1048912
0.1
2085688
1048912
0.1
2495680
1048912
0.1
2078432
1048912
0.1
2184448
1048912
0.1
2401248
1048912
0.1
2245832
1048912
0.1
2553888
1048912
0.1
2479024
1048912
0.1
2247280
1048912
0.1
2289968
1048912
0.1
2297696
1048912
0.1
2322312
1048912
0.1
2103048
1048912
0.1
2178208
1048912
0.1
2250872
1048912
0.1
2329064
1048912
0.1
2332712
1048912
0.1
2256504
1048912
0.1
2282032
1048912
0.1
2474400
1048912
0.1
2290456
1048912
0.1
2074240
1048912
0.1
2302040
1048912
0.1
2258112
1048912
0.1
2276936
1048912
0.1
2287072
1048912
0.1
2398072
1048912
0.1
2461336
1048912
0.1
2244816
1048912
0.1
2349336
1048912
0.1
2252320
1048912
0.1
2105264
1048912
0.1
2284928
1048912
0.1
2348464
1048912
0.1
2488024
1048912
0.1
2329064
1048912
0.1
2313888
1048912
0.1
2246528
1048912
0.1
2456240
1048912
0.1
2041216
1048912
0.1
2339952
1048912
0.1
2249856
1048912
0.1
2252320
1048912
0.1
2252752
1048912
0.1
2284176
1048912
0.1
2065832
1048912
0.1
2065400
1048912
0.1
2283144
1048912
0.1
2328368
1048912
0.1
2253768
1048912
0.1
2304880
1048912
0.1
2356632
1048912
0.1
2251624
1048912
0.1
2362512
1048912
0.1
2253072
1048912
0.1
2210760
1048912
0.1
2261760
1048912
0.1
2436200
1048912
0.1
2296944
1048912
0.1
2262640
1048912
0.1
2255648
1048912
0.1
2248728
1048912
0.1
2060056
1048912
0.1
2537960
1048912
0.1
2292600
1048912
0.1
2233680
1048912
0.1
2337752
1048912
0.1
2396960
1048912
0.1
2165624
1048912
0.1
2056848
1048912
0.1
2185128
1048912
0.1
2480192
1048912
0.1
2282032
1048912
0.1
2272592
1048912
0.1
2375080
1048912
0.1
2357328
1048912
0.1
2287072
1048912
0.1
2245280
1048912
0.1
2216552
1048912
0.1
2272592
1048912
0.1
2424384
1048912
0.1
2272592
1048912
0.1
2159384
1048912
0.1
2294888
1048912
0.1
2233680
1048912
0.1
2265496
1048912
0.1
2190632
1048912
0.1
2312872
1048912
0.1
2324024
1048912
0.1
2216552
1048912
0.1
2298800
1048912
0.1
2165624
1048912
0.1
2344992
1048912
0.1
2343544
1048912
0.1
2306648
1048912
0.1
2341136
1048912
0.1
2079144
1048912
0.1
2300592
1048912
0.1
2283480
1048912
0.1
2355128
1048912
0.1
2287824
1048912
0.1
2287072
1048912
0.1
2282032
1048912
0.1
2236128
1048912
0.1
2287072
1048912
0.1
2258864
1048912
0.1
2320864
1048912
0.1
2287072
1048912
0.1
2120424
1048912
0.1
2203952
1048912
0.1
2245832
1048912
0.1
2287072
1048912
0.1
2252752
1048912
0.1
2233232
1048912
0.1
2106232
1048912
0.1
2147232
1048912
0.1
2297784
1048912
0.1
2247016
1048912
0.1
2251624
1048912
0.1
2289704
1048912
0.1
2317752
1048912
0.1
2319680
1048912
0.1
2349336
1048912
0.1
2215856
1048912
0.1
2329064
1048912
0.1
2344992
1048912
0.1
2302040
1048912
0.1
2279136
1048912
0.1
2290720
1048912
0.1
2393976
1048912
0.1
2288664
1048912
0.1
2300680
1048912
0.1
2342848
1048912
0.1
2393976
1048912
0.1
2271896
1048912
0.1
2283216
1048912
0.1
2494384
1048912
0.1
2290720
1048912
0.1
2339200
1048912
0.1
2250176
1048912
0.1
2338504
1048912
0.1
2238704
1048912
0.1
2104512
1048912
0.1
2385736
1048912
0.1
2342672
1048912
0.1
2168520
1048912
0.1
2225296
1048912
0.1
2341224
1048912
0.1
2314320
1048912
0.1
2169968
1048912
0.1
2244816
1048912
0.1
2318664
1048912
0.1
2069760
1048912
0.1
2045576
1048912
0.1
2223560
1048912
0.1
2334912
1048912
0.1
2032384
1048912
0.1
2261440
1048912
0.1
2479024
1048912
0.1
2329064
1048912
0.1
2357328
1048912
0.1
2467440
1048912
0.1
2236824
1048912
0.1
2250176
1048912
0.1
2174560
1048912
0.1
2287072
1048912
0.1
2336792
1048912
0.1
2059624
1048912
0.1
2271896
1048912
0.1
2279320
1048912
0.1
2302736
1048912
0.1
2034992
1048912
0.1
2218432
1048912
0.1
2094376
1048912
0.1
2291904
1048912
0.1
2324720
1048912
0.1
2282032
1048912
0.1
2404504
1048912
0.1
2130560
1048912
0.1
2322784
1048912
0.1
2248728
1048912
0.1
2214408
1048912
0.1
2279136
1048912
0.1
2074104
1048912
0.1
2293784
1048912
0.1
2268520
1048912
0.1
2433104
1048912
0.1
2258864
1048912
0.1
2257096
1048912
0.1
2334160
1048912
0.1
2275488
1048912
0.1
2287072
1048912
0.1
2259704
1048912
0.1
2247280
1048912
0.1
2329120
1048912
0.1
2334856
1048912
0.1
2328104
1048912
0.1
2490776
1048912
0.1
2321560
1048912
0.1
2346928
1048912
0.1
2247712
1048912
0.1
2242368
1048912
0.1
2402752
1048912
0.1
2277424
1048912
0.1
2251808
1048912
0.1
2080328
1048912
0.1
2258864
1048912
0.1
2258600
1048912
0.1
2355880
1048912
0.1
2307024
1048912
0.1
2329064
1048912
0.1
2328248
1048912
0.1
2328104
1048912
0.1
2252192
1048912
0.1
2360920
1048912
0.1
2241920
1048912
0.1
2364392
1048912
0.1
2247976
1048912
0.1
2323456
1048912
0.1
2269000
1048912
0.1
2219448
1048912
0.1
2105960
1048912
0.1
2352720
1048912
0.1
2276936
1048912
0.1
2239024
1048912
0.1
2499712
1048912
0.1
2233768
1048912
0.1
2329064
1048912
0.1
2281280
1048912
0.1
2363120
1048912
0.1
2074840
1048912
0.1
2279136
1048912
0.1
2345744
1048912
0.1
2009536
1048912
0.1
2304880
1048912
0.1
2302040
1048912
0.1
2253768
1048912
0.1
2287072
1048912
0.1
2266800
1048912
0.1
2513064
1048912
0.1
2291472
1048912
0.1
2517840
1048912
0.1
2287072
1048912
0.1
2279136
1048912
0.1
2232536
1048912
0.1
2329064
1048912
0.1
2342096
1048912
0.1
2281280
1048912
0.1
2287072
1048912
0.1
2288520
1048912
0.1
2101600
1048912
0.1
2245832
1048912
0.1
2326920
1048912
0.1
2269696
1048912
0.1
2302040
1048912
0.1
2220200
1048912
0.1
2326920
1048912
0.1
2139104
1048912
0.1
2211512
1048912
0.1
2329064
1048912
0.1
2354432
1048912
0.1
2255216
1048912
0.1
2283216
1048912
0.1
2248728
1048912
0.1
2094360
1048912
0.1
2339200
1048912
0.1
2264008
1048912
0.1
2334160
1048912
0.1
2048312
1048912
0.1
2494232
1048912
0.1
2332712
1048912
0.1
2030648
1048912
0.1
2084224
1048912
0.1
2428760
1048912
0.1
2296512
1048912
0.1
2253072
1048912
0.1
2091200
1048912
0.1
2293616
1048912
0.1
2333984
1048912
0.1
2312480
1048912
0.1
2292600
1048912
