im-chacha-poly-255
1000
08/28/18
0.1
1839264
1049128
0.1
1687224
1049128
0.1
1740264
1049128
0.1
1503344
1049128
0.1
2122144
1049128
0.1
1503344
1049128
0.1
1521024
1049128
0.1
1609424
1049128
0.1
1432624
1049128
0.1
1467984
1049128
0.1
1167424
1049128
0.1
2373544
1048984
0.1
1856944
1049128
0.1
1980704
1049128
0.1
1467984
1049128
0.1
1627104
1049128
0.1
1538704
1049128
0.1
1634184
1049128
0.1
1609424
1049128
0.1
1680144
1049128
0.1
1574064
1049128
0.1
1680144
1049128
0.1
1662464
1049128
0.1
1591744
1049128
0.1
1609424
1049128
0.1
1450304
1049128
0.1
1750864
1049128
0.1
1644784
1049128
0.1
1750864
1049128
0.1
2487104
1049128
0.1
1397264
1049128
0.1
1361904
1049128
0.1
1467984
1049128
0.1
1397264
1049128
0.1
1397264
1049128
0.1
1574064
1049128
0.1
1450304
1049128
0.1
1718240
1049128
0.1
1397264
1049128
0.1
1397264
1049128
0.1
1308864
1049128
0.1
1432624
1049128
0.1
1397264
1049128
0.1
1344224
1049128
0.1
1521024
1049128
0.1
1506080
1049128
0.1
1326544
1049128
0.1
1715504
1049128
0.1
1308864
1049128
0.1
1397264
1049128
0.1
1379584
1049128
0.1
1397264
1049128
0.1
1326544
1049128
0.1
1432624
1049128
0.1
1361904
1049128
0.1
1503344
1049128
0.1
1397264
1049128
0.1
1361904
1049128
0.1
1521024
1049128
0.1
1467984
1049128
0.1
1379584
1049128
0.1
1326544
1049128
0.1
1397264
1049128
0.1
1439704
1049128
0.1
2992600
1049008
0.1
2413656
1049128
0.1
1779664
1049128
0.1
1856944
1049128
0.1
1591744
1049128
0.1
1467984
1049128
0.1
1503344
1049128
0.1
1538704
1049128
0.1
1627104
1049128
0.1
1662464
1049128
0.1
1627104
1049128
0.1
1909984
1049128
0.1
1467984
1049128
0.1
1538704
1049128
0.1
1450304
1049128
0.1
1538704
1049128
0.1
1503344
1049128
0.1
2245904
1049128
0.1
1273504
1049128
0.1
1308864
1049128
0.1
1308864
1049128
0.1
1273504
1049128
0.1
1291184
1049128
0.1
1255824
1049128
0.1
1291184
1049128
0.1
1397264
1049128
0.1
1344224
1049128
0.1
1273504
1049128
0.1
1255824
1049128
0.1
1255824
1049128
0.1
1644784
1049128
0.1
1414944
1049128
0.1
1344224
1049128
0.1
1397264
1049128
0.1
1397264
1049128
0.1
3014624
1048976
0.1
1839264
1049128
0.1
1361904
1049128
0.1
1609424
1049128
0.1
1344224
1049128
0.1
1361904
1049128
0.1
1344224
1049128
0.1
1326544
1049128
0.1
1308864
1049128
0.1
1414944
1049128
0.1
1432624
1049128
0.1
1344224
1049128
0.1
1291184
1049128
0.1
1308864
1049128
0.1
1344224
1049128
0.1
1379584
1049128
0.1
1326544
1049128
0.1
2872504
1048984
0.1
1680144
1049128
0.1
2051424
1049128
0.1
1432624
1049128
0.1
1934744
1049128
0.1
1644784
1049128
0.1
1450304
1049128
0.1
1344224
1049128
0.1
1397264
1049128
0.1
1379584
1049128
0.1
1397264
1049128
0.1
1414944
1049128
0.1
1361904
1049128
0.1
1768544
1049128
0.1
1255824
1049128
0.1
1273504
1049128
0.1
1273504
1049128
0.1
1326544
1049128
0.1
1308864
1049128
0.1
1326544
1049128
0.1
1308864
1049128
0.1
1255824
1049128
0.1
1591744
1049128
0.1
1273504
1049128
0.1
1451824
1049128
0.1
2613184
1048984
0.1
1839264
1049128
0.1
1432624
1049128
0.1
1503344
1049128
0.1
3586752
1049032
0.1
1609424
1049128
0.1
1556384
1049128
0.1
1503344
1049128
0.1
1609424
1049128
0.1
1856944
1049128
0.1
1556384
1049128
0.1
1397264
1049128
0.1
1450304
1049128
0.1
1467984
1049128
0.1
1414944
1049128
0.1
2513968
1048944
0.1
1803904
1049128
0.1
2314200
1049128
0.1
1821584
1049128
0.1
1574064
1049128
0.1
1503344
1049128
0.1
1485664
1049128
0.1
1450304
1049128
0.1
1663376
1049128
0.1
1538704
1049128
0.1
1467984
1049128
0.1
1538704
1049128
0.1
1574064
1049128
0.1
1503344
1049128
0.1
1521024
1049128
0.1
1662464
1049128
0.1
1828664
1049128
0.1
1750864
1049128
0.1
1662464
1049128
0.1
1556384
1049128
0.1
1609424
1049128
0.1
1591744
1049128
0.1
1591744
1049128
0.1
1644784
1049128
0.1
1379584
1049128
0.1
1662464
1049128
0.1
1627104
1049128
0.1
1786224
1049128
0.1
1998384
1049128
0.1
1715504
1049128
0.1
1715504
1049128
0.1
1538704
1049128
0.1
1591744
1049128
0.1
3700032
1049016
0.1
1768544
1049128
0.1
1998384
1049128
0.1
1397264
1049128
0.1
1680144
1049128
0.1
1750864
1049128
0.1
1591744
1049128
0.1
1733184
1049128
0.1
1485664
1049128
0.1
1503344
1049128
0.1
1609424
1049128
0.1
4440176
1049128
0.1
1574064
1049128
0.1
1538704
1049128
0.1
1432624
1049128
0.1
1397264
1049128
0.1
3340416
1048984
0.1
1821584
1049128
0.1
2458384
1048984
0.1
2051424
1049128
0.1
1697824
1049128
0.1
1591744
1049128
0.1
1591744
1049128
0.1
2122144
1049128
0.1
1733184
1049128
0.1
1450304
1049128
0.1
1397264
1049128
0.1
3113688
1049128
0.1
1450304
1049128
0.1
1379584
1049128
0.1
1556384
1049128
0.1
1432624
1049128
0.1
1361904
1049128
0.1
1435360
1049128
0.1
1528104
1049128
0.1
1361904
1049128
0.1
1503344
1049128
0.1
2069104
1049128
0.1
1344224
1049128
0.1
1361904
1049128
0.1
1397264
1049128
0.1
1308864
1049128
0.1
1308864
1049128
0.1
1344224
1049128
0.1
1397264
1049128
0.1
1397264
1049128
0.1
1291184
1049128
0.1
1414944
1049128
0.1
1344224
1049128
0.1
1326544
1049128
0.1
1414944
1049128
0.1
1344224
1049128
0.1
1308864
1049128
0.1
1397264
1049128
0.1
1361904
1049128
0.1
1344224
1049128
0.1
1414944
1049128
0.1
1414944
1049128
0.1
1397264
1049128
0.1
1379584
1049128
0.1
1379584
1049128
0.1
1609424
1049128
0.1
1344224
1049128
0.1
1397264
1049128
0.1
1361904
1049128
0.1
1483056
1049128
0.1
1680144
1049128
0.1
1662464
1049128
0.1
1892304
1049128
0.1
1541440
1049128
0.1
1644784
1049128
0.1
1538704
1049128
0.1
1485664
1049128
0.1
1361904
1049128
0.1
1591744
1049128
0.1
1432624
1049128
0.1
1450304
1049128
0.1
1503344
1049128
0.1
1485664
1049128
0.1
1644784
1049128
0.1
1467984
1049128
0.1
1609424
1049128
0.1
1397264
1049128
0.1
1556384
1049128
0.1
1521024
1049128
0.1
1521024
1049128
0.1
1410976
1049128
0.1
1627104
1049128
0.1
1733184
1049128
0.1
1540224
1049128
0.1
1485664
1049128
0.1
1361904
1049128
0.1
1432624
1049128
0.1
1556384
1049128
0.1
1521024
1049128
0.1
1432624
1049128
0.1
1609424
1049128
0.1
1432624
1049128
0.1
1485664
1049128
0.1
1344224
1049128
0.1
1627104
1049128
0.1
1397264
1049128
0.1
1450304
1049128
0.1
1503344
1049128
0.1
1414944
1049128
0.1
1662464
1049128
0.1
1503344
1049128
0.1
1450304
1049128
0.1
1397264
1049128
0.1
1503344
1049128
0.1
1432624
1049128
0.1
1485664
1049128
0.1
1909984
1049128
0.1
1439704
1049128
0.1
2657544
1048968
0.1
1733184
1049128
0.1
1788960
1049128
0.1
1503344
1049128
0.1
1538704
1049128
0.1
1556384
1049128
0.1
1503344
1049128
0.1
1733184
1049128
0.1
1574064
1049128
0.1
1627104
1049128
0.1
1662464
1049128
0.1
1556384
1049128
0.1
1662464
1049128
0.1
1697824
1049128
0.1
1538704
1049128
0.1
1750864
1049128
0.1
1574064
1049128
0.1
1768544
1049128
0.1
1538704
1049128
0.1
1521024
1049128
0.1
1733184
1049128
0.1
1627104
1049128
0.1
1591744
1049128
0.1
1450304
1049128
0.1
2210544
1049128
0.1
1485664
1049128
0.1
1503344
1049128
0.1
4338288
1049128
0.1
1567504
1049128
0.1
1627104
1049128
0.1
1432624
1049128
0.1
1485664
1049128
0.1
1644784
1049128
0.1
1485664
1049128
0.1
1450304
1049128
0.1
1609424
1049128
0.1
1503344
1049128
0.1
1521024
1049128
0.1
1432624
1049128
0.1
1397264
1049128
0.1
1450304
1049128
0.1
1591744
1049128
0.1
1450304
1049128
0.1
1821584
1049128
0.1
1627104
1049128
0.1
1750864
1049128
0.1
1803904
1049128
0.1
1680144
1049128
0.1
1682880
1049128
0.1
1521024
1049128
0.1
1538704
1049128
0.1
1715504
1049128
0.1
1662464
1049128
0.1
1768544
1049128
0.1
1733184
1049128
0.1
1733184
1049128
0.1
1538704
1049128
0.1
1521024
1049128
0.1
1750864
1049128
0.1
1485664
1049128
0.1
1503344
1049128
0.1
1538704
1049128
0.1
1521024
1049128
0.1
1680144
1049128
0.1
1609424
1049128
0.1
2991168
1048984
0.1
1786224
1049128
0.1
1856944
1049128
0.1
1485664
1049128
0.1
1697824
1049128
0.1
1697824
1049128
0.1
1556384
1049128
0.1
1591744
1049128
0.1
1810984
1049128
0.1
1538704
1049128
0.1
1750864
1049128
0.1
1715880
1049128
0.1
1361904
1049128
0.1
1467984
1049128
0.1
1467984
1049128
0.1
1432624
1049128
0.1
1556384
1049128
0.1
1414944
1049128
0.1
1627104
1049128
0.1
1768544
1049128
0.1
1485664
1049128
0.1
1450304
1049128
0.1
1609424
1049128
0.1
1556384
1049128
0.1
1467984
1049128
0.1
1364640
1049128
0.1
1344224
1049128
0.1
1768544
1049128
0.1
1680144
1049128
0.1
1591744
1049128
0.1
1697824
1049128
0.1
1786224
1049128
0.1
1503344
1049128
0.1
1715504
1049128
0.1
1361904
1049128
0.1
1450304
1049128
0.1
1680144
1049128
0.1
1432624
1049128
0.1
1450304
1049128
0.1
1556384
1049128
0.1
1485664
1049128
0.1
1422024
1049128
0.1
1548144
1049128
0.1
1344224
1049128
0.1
1544784
1049128
0.1
1538704
1049128
0.1
1538704
1049128
0.1
1591744
1049128
0.1
1432624
1049128
0.1
1644784
1049128
0.1
1627104
1049128
0.1
1485664
1049128
0.1
1591744
1049128
0.1
1680144
1049128
0.1
1680144
1049128
0.1
1574064
1049128
0.1
1397264
1049128
0.1
1467984
1049128
0.1
1379584
1049128
0.1
1379584
1049128
0.1
1598824
1049128
0.1
2640336
1049128
0.1
1467984
1049128
0.1
1609424
1049128
0.1
1715504
1049128
0.1
1574064
1049128
0.1
1469504
1049128
0.1
1361904
1049128
0.1
1414944
1049128
0.1
1467984
1049128
0.1
1432624
1049128
0.1
1715504
1049128
0.1
1467984
1049128
0.1
1609424
1049128
0.1
1538704
1049128
0.1
1538704
1049128
0.1
1481696
1049128
0.1
1574064
1049128
0.1
1255824
1049128
0.1
1255824
1049128
0.1
1344224
1049128
0.1
1326544
1049128
0.1
1291184
1049128
0.1
1326544
1049128
0.1
1326544
1049128
0.1
1326544
1049128
0.1
1397264
1049128
0.1
1308864
1049128
0.1
1397264
1049128
0.1
1326544
1049128
0.1
1503344
1049128
0.1
1361904
1049128
0.1
1397264
1049128
0.1
1432624
1049128
0.1
1397264
1049128
0.1
1379584
1049128
0.1
1291184
1049128
0.1
1379584
1049128
0.1
1361904
1049128
0.1
1379584
1049128
0.1
1379584
1049128
0.1
1308864
1049128
0.1
1397264
1049128
0.1
4202584
1048928
0.1
2584784
1048936
0.1
2405024
1049128
0.1
2955392
1048984
0.1
2429784
1049128
0.1
1379584
1049128
0.1
1308864
1049128
0.1
1326544
1049128
0.1
2239344
1049128
0.1
1326544
1049128
0.1
1379584
1049128
0.1
2284208
1049128
0.1
1397264
1049128
0.1
1397264
1049128
0.1
1574064
1049128
0.1
1397264
1049128
0.1
1467984
1049128
0.1
1361904
1049128
0.1
1397264
1049128
0.1
1450304
1049128
0.1
1344224
1049128
0.1
3486920
1049024
0.1
2958064
1048976
0.1
1839264
1049128
0.1
1361904
1049128
0.1
1291184
1049128
0.1
2175184
1049128
0.1
1609424
1049128
0.1
1662464
1049128
0.1
1768544
1049128
0.1
1467984
1049128
0.1
1803904
1049128
0.1
1609424
1049128
0.1
1591744
1049128
0.1
1521024
1049128
0.1
1662464
1049128
0.1
1450304
1049128
0.1
1503344
1049128
0.1
1467984
1049128
0.1
1662464
1049128
0.1
1450304
1049128
0.1
1521024
1049128
0.1
1591744
1049128
0.1
1397264
1049128
0.1
1485664
1049128
0.1
1609424
1049128
0.1
1662464
1049128
0.1
1450304
1049128
0.1
2568240
1048968
0.1
1803904
1049128
0.1
1397264
1049128
0.1
1450304
1049128
0.1
1400000
1049128
0.1
1450304
1049128
0.1
1538704
1049128
0.1
1521024
1049128
0.1
1518416
1049128
0.1
1485664
1049128
0.1
1609424
1049128
0.1
1521024
1049128
0.1
1556384
1049128
0.1
1414944
1049128
0.1
1750864
1049128
0.1
1432624
1049128
0.1
1432624
1049128
0.1
1503344
1049128
0.1
1485664
1049128
0.1
1379584
1049128
0.1
1364640
1049128
0.1
1326544
1049128
0.1
1697824
1049128
0.1
1485664
1049128
0.1
1627104
1049128
0.1
1404344
1049128
0.1
1467984
1049128
0.1
1361904
1049128
0.1
1503344
1049128
0.1
1397264
1049128
0.1
1467984
1049128
0.1
1326544
1049128
0.1
1432624
1049128
0.1
1344224
1049128
0.1
2343720
1049128
0.1
1361904
1049128
0.1
1467984
1049128
0.1
1467984
1049128
0.1
1432624
1049128
0.1
2910400
1048992
0.1
1927664
1049128
0.1
1963024
1049128
0.1
1609424
1049128
0.1
1697824
1049128
0.1
2033744
1049128
0.1
1344224
1049128
0.1
1450304
1049128
0.1
1397264
1049128
0.1
1450304
1049128
0.1
1379584
1049128
0.1
1397264
1049128
0.1
1609424
1049128
0.1
1680144
1049128
0.1
1750864
1049128
0.1
1786224
1049128
0.1
1397264
1049128
0.1
1548912
1049128
0.1
1662464
1049128
0.1
1662464
1049128
0.1
1467984
1049128
0.1
1556384
1049128
0.1
1591744
1049128
0.1
1485664
1049128
0.1
1629840
1049128
0.1
1574064
1049128
0.1
1644784
1049128
0.1
1556384
1049128
0.1
1768544
1049128
0.1
2530336
1048952
0.1
1892304
1049128
0.1
1715504
1049128
0.1
1361904
1049128
0.1
1414944
1049128
0.1
1521024
1049128
0.1
1450304
1049128
0.1
1485664
1049128
0.1
1450304
1049128
0.1
1450304
1049128
0.1
1574064
1049128
0.1
1644784
1049128
0.1
1574064
1049128
0.1
1379584
1049128
0.1
2824240
1048968
0.1
1874624
1049128
0.1
1748952
1049128
0.1
1450304
1049128
0.1
1609424
1049128
0.1
1503344
1049128
0.1
1591744
1049128
0.1
1361904
1049128
0.1
1503344
1049128
0.1
1591744
1049128
0.1
1503344
1049128
0.1
1750864
1049128
0.1
1432624
1049128
0.1
1414944
1049128
0.1
1397264
1049128
0.1
1414856
1049128
0.1
1414944
1049128
0.1
1680144
1049128
0.1
1414944
1049128
0.1
1556384
1049128
0.1
2877760
1048984
0.1
1768544
1049128
0.1
1662464
1049128
0.1
1503344
1049128
0.1
1556384
1049128
0.1
1591744
1049128
0.1
1627104
1049128
0.1
1591744
1049128
0.1
1938784
1049128
0.1
1697824
1049128
0.1
1397264
1049128
0.1
1874624
1049128
0.1
1750864
1049128
0.1
1521024
1049128
0.1
1733184
1049128
0.1
2033744
1049128
0.1
3099736
1048984
0.1
1750864
1049128
0.1
1768544
1049128
0.1
1909984
1049128
0.1
1662464
1049128
0.1
1909984
1049128
0.1
1768544
1049128
0.1
1750864
1049128
0.1
2012816
1049128
0.1
1556384
1049128
0.1
1414944
1049128
0.1
1450304
1049128
0.1
1379584
1049128
0.1
1450304
1049128
0.1
1450304
1049128
0.1
1680144
1049128
0.1
1521024
1049128
0.1
1432624
1049128
0.1
1621760
1049128
0.1
1503344
1049128
0.1
1503344
1049128
0.1
1559120
1049128
0.1
1538704
1049128
0.1
1397264
1049128
0.1
1591744
1049128
0.1
1414944
1049128
0.1
1609424
1049128
0.1
3408104
1048984
0.1
1842000
1049128
0.1
1680144
1049128
0.1
1742624
1049128
0.1
1591744
1049128
0.1
1768544
1049128
0.1
1768544
1049128
0.1
1680144
1049128
0.1
1697824
1049128
0.1
1450304
1049128
0.1
1644784
1049128
0.1
1644784
1049128
0.1
1644784
1049128
0.1
1521024
1049128
0.1
2146464
1049128
0.1
1397264
1049128
0.1
1379584
1049128
0.1
1397264
1049128
0.1
1361904
1049128
0.1
1379584
1049128
0.1
1397264
1049128
0.1
1521024
1049128
0.1
1432624
1049128
0.1
1379584
1049128
0.1
1397264
1049128
0.1
1379584
1049128
0.1
1291184
1049128
0.1
1467984
1049128
0.1
4052224
1049040
0.1
1839264
1049128
0.1
1874624
1049128
0.1
1308864
1049128
0.1
1291184
1049128
0.1
1273504
1049128
0.1
1379584
1049128
0.1
1326544
1049128
0.1
1397264
1049128
0.1
1308864
1049128
0.1
1344224
1049128
0.1
1432624
1049128
0.1
1361904
1049128
0.1
1291184
1049128
0.1
1361904
1049128
0.1
1397264
1049128
0.1
1379584
1049128
0.1
1397264
1049128
0.1
1326544
1049128
0.1
1361904
1049128
0.1
1361904
1049128
0.1
1326544
1049128
0.1
2887552
1048984
0.1
1892304
1049128
0.1
1768544
1049128
0.1
1609424
1049128
0.1
2139824
1049128
0.1
1538704
1049128
0.1
1697824
1049128
0.1
1485664
1049128
0.1
1485664
1049128
0.1
1485664
1049128
0.1
1503344
1049128
0.1
1450304
1049128
0.1
1609424
1049128
0.1
1485664
1049128
0.1
1414944
1049128
0.1
2122144
1049128
0.1
1414944
1049128
0.1
1574064
1049128
0.1
1715504
1049128
0.1
1609424
1049128
0.1
1538704
1049128
0.1
1467984
1049128
0.1
1432624
1049128
0.1
1803904
1049128
0.1
1344224
1049128
0.1
1495872
1049128
0.1
1414944
1049128
0.1
1450304
1049128
0.1
1485664
1049128
0.1
1414944
1049128
0.1
1609424
1049128
0.1
1432624
1049128
0.1
1591744
1049128
0.1
1750864
1049128
0.1
1591744
1049128
0.1
1414944
1049128
0.1
1521024
1049128
0.1
1432624
1049128
0.1
2581584
1048984
0.1
1839264
1049128
0.1
1414944
1049128
0.1
1344224
1049128
0.1
1344224
1049128
0.1
1308864
1049128
0.1
1397264
1049128
0.1
1326544
1049128
0.1
1361904
1049128
0.1
1361904
1049128
0.1
1386664
1049128
0.1
1344224
1049128
0.1
1344224
1049128
0.1
1344224
1049128
0.1
1326544
1049128
0.1
1344224
1049128
0.1
1308864
1049128
0.1
1404344
1049128
0.1
1361904
1049128
0.1
1273504
1049128
0.1
1379584
1049128
0.1
1308864
1049128
0.1
1414944
1049128
0.1
1503344
1049128
0.1
1344224
1049128
0.1
1344224
1049128
0.1
1326544
1049128
0.1
1450304
1049128
0.1
1344224
1049128
0.1
1291184
1049128
0.1
1379584
1049128
0.1
1326544
1049128
0.1
1397264
1049128
0.1
1361904
1049128
0.1
1379584
1049128
0.1
1308864
1049128
0.1
1379584
1049128
0.1
1344224
1049128
0.1
1397264
1049128
0.1
1344224
1049128
0.1
1326544
1049128
0.1
1361904
1049128
0.1
1361904
1049128
0.1
1291184
1049128
0.1
1361904
1049128
0.1
1273504
1049128
0.1
1397264
1049128
0.1
1326544
1049128
0.1
1361904
1049128
0.1
1326544
1049128
0.1
1326544
1049128
0.1
1326544
1049128
0.1
1397264
1049128
0.1
1344224
1049128
0.1
1326544
1049128
0.1
1308864
1049128
0.1
1344224
1049128
0.1
1291184
1049128
0.1
2593888
1048984
0.1
2051424
1049128
0.1
1998384
1049128
0.1
1470720
1049128
0.1
1768544
1049128
0.1
1521024
1049128
0.1
1591744
1049128
0.1
1432624
1049128
0.1
1644784
1049128
0.1
1414944
1049128
0.1
1556384
1049128
0.1
1768544
1049128
0.1
1397264
1049128
0.1
1948992
1049128
0.1
1680144
1049128
0.1
1856944
1049128
0.1
4202304
1049128
0.1
1485664
1049128
0.1
1485664
1049128
0.1
1821584
1049128
0.1
1485664
1049128
0.1
1503344
1049128
0.1
1503344
1049128
0.1
1521024
1049128
0.1
1609424
1049128
0.1
1892304
1049128
0.1
1326544
1049128
0.1
1344224
1049128
0.1
1414944
1049128
0.1
1379584
1049128
0.1
1397264
1049128
0.1
1344224
1049128
0.1
1556384
1049128
0.1
1397264
1049128
0.1
1397264
1049128
0.1
1379584
1049128
0.1
1450304
1049128
0.1
1361904
1049128
0.1
1379584
1049128
0.1
1379584
1049128
0.1
1397264
1049128
0.1
1308864
1049128
0.1
1361904
1049128
0.1
1414944
1049128
0.1
1397264
1049128
0.1
1397264
1049128
0.1
1344224
1049128
0.1
1326544
1049128
0.1
1361904
1049128
0.1
1397264
1049128
0.1
1397264
1049128
0.1
1273504
1049128
0.1
1503344
1049128
0.1
1344224
1049128
0.1
1485664
1049128
0.1
1379584
1049128
0.1
3304528
1048968
0.1
1627104
1049128
0.1
1627104
1049128
0.1
1750864
1049128
0.1
1591744
1049128
0.1
1432624
1049128
0.1
1662464
1049128
0.1
1521024
1049128
0.1
1644784
1049128
0.1
1379584
1049128
0.1
2016064
1049128
0.1
1238144
1049128
0.1
1326544
1049128
0.1
1291184
1049128
0.1
1361904
1049128
0.1
1379584
1049128
0.1
1291184
1049128
0.1
1548912
1049128
0.1
1291184
1049128
0.1
1308864
1049128
0.1
1361904
1049128
0.1
1379584
1049128
0.1
1308864
1049128
0.1
1740264
1049128
0.1
1556384
1049128
0.1
1361904
1049128
0.1
1715504
1049128
0.1
1892304
1049128
0.1
1591744
1049128
0.1
2575208
1048984
0.1
2554440
1048968
0.1
1627104
1049128
0.1
1680144
1049128
0.1
1644784
1049128
0.1
1485664
1049128
0.1
1839264
1049128
0.1
1715504
1049128
0.1
1521024
1049128
0.1
1662464
1049128
0.1
1768544
1049128
0.1
3332056
1048984
0.1
1821584
1049128
0.1
1609424
1049128
0.1
1521024
1049128
0.1
1755584
1049128
0.1
1765936
1049128
0.1
1803904
1049128
0.1
1786224
1049128
0.1
1839264
1049128
0.1
1715504
1049128
0.1
1609424
1049128
0.1
1715504
1049128
0.1
1591744
1049128
0.1
1839264
1049128
0.1
1397264
1049128
0.1
1521024
1049128
0.1
2903672
1048984
0.1
1591744
1049128
0.1
1715504
1049128
0.1
1556384
1049128
0.1
3041712
1049120
0.1
1308864
1049128
0.1
1255824
1049128
0.1
1220464
1049128
0.1
1326544
1049128
0.1
1255824
1049128
0.1
1308864
1049128
0.1
1273504
1049128
0.1
1291184
1049128
0.1
1255824
1049128
0.1
1326544
1049128
0.1
1255824
1049128
0.1
1291184
1049128
0.1
1538704
1049128
0.1
1556384
1049128
0.1
1450304
1049128
0.1
1414944
1049128
0.1
1432624
1049128
0.1
1450304
1049128
0.1
1574064
1049128
0.1
1414944
1049128
0.1
1432624
1049128
0.1
1397264
1049128
0.1
1432624
1049128
0.1
1909896
1049128
0.1
1326544
1049128
0.1
1379584
1049128
0.1
1361904
1049128
0.1
1379584
1049128
0.1
1326544
1049128
0.1
2245904
1049128
0.1
1291184
1049128
0.1
1305736
1049128
0.1
1344224
1049128
0.1
1361904
1049128
0.1
1326544
1049128
0.1
2368680
1048968
0.1
2157504
1049128
0.1
1379584
1049128
0.1
1308864
1049128
0.1
1414944
1049128
0.1
1414944
1049128
0.1
1556296
1049128
0.1
1326544
1049128
0.1
1450304
1049128
0.1
1414944
1049128
0.1
1422024
1049128
0.1
1308864
1049128
0.1
1379584
1049128
0.1
1397264
1049128
0.1
2643328
1048968
0.1
1892304
1049128
0.1
1803904
1049128
0.1
1574064
1049128
0.1
1704904
1049128
0.1
1574064
1049128
0.1
1669544
1049128
0.1
1574064
1049128
0.1
1768544
1049128
0.1
1503344
1049128
0.1
1609424
1049128
0.1
1450304
1049128
0.1
1591744
1049128
0.1
1432624
1049128
0.1
3428496
1049056
0.1
1450304
1049128
0.1
1503344
1049128
0.1
1379584
1049128
0.1
1591744
1049128
0.1
1521024
1049128
0.1
1361904
1049128
0.1
1467984
1049128
0.1
1503344
1049128
0.1
1361904
1049128
